0.124061 0.0209655
0.170028 0.0371861
0.0907468 0.00892501
0.0904322 0.00883805
0.0896611 0.00864303
0.0712307 0.00581115
0.08889 0.00843826
0.0899401 0.00894998
0.0674564 0.0064576
0.0958502 0.00960085
0.130053 0.0230118
0.0908584 0.00907088
0.0887683 0.00840835
0.0887733 0.00851502
0.172971 0.0383991
0.0908888 0.00884608
0.0887683 0.00857767
0.0888748 0.00855205
0.242477 0.0628151
0.0907315 0.00869989
0.0890168 0.00857603
0.0887987 0.00855435
0.0890929 0.00854631
0.197139 0.0473208
0.0407011 0.00355344
0.0849229 0.00818132
0.171444 0.0370377
0.0887784 0.00843629
0.256346 0.0677915
0.0889103 0.00855027
0.0890118 0.00861839
0.0914722 0.00897555
0.016944 0.00195398
-0.000892857 0.00077532
0.234948 0.0593935
0.0847301 0.00786112
0.026735 0.00317112
0.241939 0.0629578
0.0714387 0.0072152
0.09132 0.00867894
0.0907924 0.00916529
0.0876319 0.0085114
0.0306057 0.0024935
0.083614 0.00836078
0.0572088 0.00558793
0.0880733 0.00850606
0.0650061 0.00622589
0.0969714 0.00985523
0.0888088 0.00858861
0.239955 0.0607709
0.0849381 0.00824068
0.244851 0.0617247
0.0562399 0.00661908
0.0759537 0.00734064
0.16804 0.0315793
0.0888038 0.00858696
0.051664 0.00498582
0.0898133 0.00866187
0.0888038 0.00858262
0.0888647 0.00847483
0.0801593 0.00778463
0.0887581 0.00857833
0.0900467 0.00847911
0.0907112 0.00896514
0.245257 0.0640908
0.0902141 0.00877724
0.0282721 0.00256953
0.0901025 0.00876301
0.0179535 0.00173176
0.0889154 0.00862597
0.0895039 0.00863849
0.224924 0.0565278
0.224067 0.0563201
0.0902293 0.00877717
0.0892451 0.00869389
0.088748 0.00857702
0.0887733 0.00857866
0.0888088 0.00858295
0.0888342 0.00859118
0.051248 0.00491888
0.0243506 0.00225744
0.155864 0.0319341
0.0887886 0.00841441
0.0899503 0.00893272
0.251096 0.0658307
0.0880986 0.00836606
0.251476 0.0661577
0.0900315 0.00841975
0.0897321 0.00886018
0.0887683 0.00857794
0.0915331 0.00922314
0.0900061 0.00891355
0.0888088 0.00858584
0.0705357 0.00550024
-0.00562601 0.00654009
0.0917005 0.00867281
0.0720728 0.00585793
0.0902192 0.0087806
0.0887581 0.00858229
0.0897879 0.00866879
