-0.880657 0.77672
-0.866982 0.753256
-0.876009 0.76841
-0.876369 0.769036
-0.813002 0.663031
-0.878952 0.773647
-0.878781 0.773338
-0.876369 0.769058
-0.803085 0.646929
-0.884917 0.784007
-0.851813 0.728052
-0.878461 0.772842
-0.880092 0.775699
-0.880007 0.775503
-0.87772 0.771386
-0.881518 0.778196
-0.808753 0.656148
-0.884928 0.784117
-0.883577 0.781737
-0.814941 0.666488
-0.878205 0.772228
-0.879345 0.774357
-0.880201 0.775846
-0.716589 0.523782
-0.880737 0.776711
-0.873403 0.763735
-0.877435 0.770967
-0.879973 0.775455
-0.878861 0.773501
-0.820689 0.675395
-0.87922 0.774121
-0.877789 0.771561
-0.879106 0.773937
-0.880201 0.775874
-0.873398 0.763717
-0.786314 0.619236
-0.876066 0.768445
-0.876762 0.770075
-0.875542 0.767491
-0.879391 0.774411
-0.878935 0.773565
-0.87849 0.772773
-0.881016 0.777294
-0.800257 0.642297
-0.882955 0.780656
-0.888663 0.790738
-0.886245 0.786433
-0.880942 0.777145
-0.876557 0.769404
-0.879745 0.775075
-0.882305 0.779426
-0.878496 0.772861
-0.825006 0.683721
-0.878279 0.772449
-0.878148 0.772215
-0.880235 0.775783
-0.88182 0.778673
-0.881279 0.77762
-0.89107 0.795554
-0.880531 0.776359
-0.87938 0.774396
-0.870695 0.758965
-0.879009 0.773746
-0.885898 0.785788
-0.830309 0.692286
-0.879545 0.774708
-0.879602 0.774824
-0.878975 0.773682
-0.885533 0.784832
-0.875336 0.76693
-0.841691 0.710261
-0.881182 0.7776
-0.878456 0.772773
-0.871744 0.760896
-0.879551 0.774721
-0.883531 0.781587
-0.87784 0.771567
-0.886781 0.787366
-0.879334 0.774306
-0.879254 0.774188
-0.86607 0.752086
-0.873865 0.764694
-0.825741 0.684788
-0.877578 0.771153
-0.876095 0.768628
-0.881307 0.777805
-0.878667 0.773159
-0.881695 0.778422
-0.882276 0.779479
-0.882801 0.780419
-0.841304 0.71072
-0.700513 0.500233
-0.878758 0.773282
-0.880902 0.777046
-0.881261 0.777749
-0.857316 0.737236
-0.878764 0.77332
-0.815197 0.667278
-0.863971 0.748195
-0.881478 0.77808
