-0.171894 0.0303493
-0.180064 0.0332816
-0.106101 0.01222
-0.112849 0.0140812
-0.146373 0.0223845
-0.130887 0.0178488
-0.141257 0.0211146
-0.161612 0.0267405
-0.145378 0.0227344
-0.0957868 0.0149407
-0.153534 0.0254106
-0.159133 0.0260553
-0.137816 0.0201586
-0.164937 0.0277222
-0.177218 0.0325679
-0.114197 0.0141124
-0.124363 0.0167464
-0.151693 0.0242107
-0.195471 0.0388249
-0.102739 0.0113684
-0.162165 0.0268963
-0.14721 0.0230214
-0.106887 0.0118632
-0.186784 0.0359581
-0.199005 0.0414276
-0.112821 0.0136562
-0.181045 0.0340109
-0.164937 0.0276885
-0.198168 0.0398666
-0.163435 0.0272301
-0.161612 0.027023
-0.119648 0.0157202
-0.176469 0.0324118
-0.194768 0.0386707
-0.201874 0.0420342
-0.120299 0.015736
-0.182073 0.0353058
-0.195275 0.038949
-0.170689 0.0309625
-0.098763 0.0104922
-0.103688 0.0112186
-0.113137 0.0136598
-0.153148 0.0243942
-0.129097 0.0176598
-0.187602 0.0368413
-0.146773 0.0229159
-0.183082 0.0350038
-0.0506696 0.0051718
-0.140537 0.0212286
-0.212812 0.0467729
-0.166332 0.0285249
-0.199684 0.0405094
-0.132124 0.0201362
-0.17673 0.0326928
-0.245526 0.0625568
-0.15466 0.0251095
-0.160775 0.0271764
-0.114137 0.0139278
-0.124354 0.0167686
-0.124591 0.0166124
-0.170015 0.0302121
-0.164946 0.0279505
-0.154418 0.0241713
-0.159524 0.0259257
-0.195991 0.0392194
-0.122991 0.0163021
-0.190923 0.0398395
-0.161291 0.0265938
-0.167406 0.03081
-0.164876 0.0278237
-0.162867 0.0270513
-0.19082 0.0372015
-0.190597 0.037539
-0.109845 0.0128519
-0.130343 0.0185047
-0.164946 0.027954
-0.117918 0.015027
-0.109342 0.012505
-0.11516 0.0144063
-0.188207 0.0373509
-0.224726 0.0519254
-0.174456 0.031299
-0.114197 0.0137533
-0.130576 0.0189157
-0.197066 0.039781
-0.136021 0.0196844
-0.197442 0.0396906
-0.116364 0.0148568
-0.106464 0.0122199
-0.164927 0.0279442
-0.155706 0.0253235
-0.116927 0.0156077
-0.164876 0.027776
-0.127065 0.0166335
-0.21562 0.0533203
-0.14993 0.022701
-0.12487 0.0160093
-0.130831 0.0186
-0.135668 0.0198898
-0.106543 0.0121037
