-0.744444 0.560163
-0.696125 0.493757
-0.73822 0.546105
-0.743853 0.554609
-0.766602 0.588653
-0.804343 0.647618
-0.764253 0.585195
-0.777107 0.604894
-0.771659 0.597043
-0.720102 0.523405
-0.723931 0.529788
-0.774404 0.60058
-0.761554 0.581177
-0.780798 0.610379
-0.690322 0.48487
-0.742506 0.552688
-0.752005 0.566646
-0.771335 0.595842
-0.621916 0.390942
-0.735146 0.541468
-0.77777 0.605602
-0.768154 0.591312
-0.740137 0.548519
-0.668169 0.455168
-0.76967 0.593254
-0.752359 0.567545
-0.69303 0.487809
-0.780813 0.610309
-0.608008 0.371578
-0.78015 0.609299
-0.778166 0.606468
-0.749563 0.56335
-0.783655 0.615211
-0.828089 0.687477
-0.625401 0.394844
-0.760686 0.579871
-0.822579 0.678879
-0.622877 0.392597
-0.77648 0.603834
-0.733604 0.538691
-0.734894 0.540719
-0.744166 0.554722
-0.728613 0.531408
-0.774686 0.602603
-0.774527 0.600257
-0.772641 0.597875
-0.789885 0.625012
-0.686333 0.473682
-0.763482 0.584004
-0.617953 0.384326
-0.780217 0.609588
-0.61968 0.385843
-0.7375 0.545117
-0.788441 0.622883
-0.672882 0.457242
-0.77352 0.599411
-0.775216 0.602234
-0.743601 0.553874
-0.751974 0.566379
-0.752051 0.566714
-0.782098 0.612937
-0.780813 0.610509
-0.77591 0.602953
-0.77483 0.600977
-0.619485 0.387904
-0.749394 0.562572
-0.79337 0.631541
-0.776799 0.604186
-0.776357 0.605024
-0.780361 0.609842
-0.778495 0.606758
-0.639576 0.414991
-0.640939 0.417187
-0.74006 0.548444
-0.754626 0.570771
-0.780808 0.610397
-0.747384 0.559603
-0.741314 0.550214
-0.74542 0.556639
-0.767424 0.590007
-0.819572 0.673049
-0.708948 0.510435
-0.744763 0.555636
-0.755011 0.571635
-0.61343 0.379219
-0.760424 0.579471
-0.612906 0.378907
-0.748895 0.561547
-0.738112 0.545803
-0.780818 0.610518
-0.772584 0.598022
-0.749157 0.562326
-0.780741 0.61036
-0.804785 0.648218
-0.785814 0.620292
-0.770909 0.594714
-0.800452 0.641359
-0.755032 0.571333
-0.760012 0.578714
-0.73823 0.545689
