-0.823152 0.679311
-0.806672 0.652827
-0.809319 0.656974
-0.809319 0.657117
-0.767407 0.590825
-0.815032 0.66627
-0.813386 0.663457
-0.812521 0.662022
-0.756885 0.574995
-0.819664 0.673598
-0.791814 0.629821
-0.808831 0.656399
-0.818551 0.671777
-0.815363 0.666883
-0.81385 0.664157
-0.819203 0.673136
-0.756372 0.574331
-0.816884 0.669262
-0.815259 0.666537
-0.763916 0.586164
-0.815433 0.666716
-0.814394 0.665447
-0.815402 0.666788
-0.654178 0.434112
-0.818035 0.671083
-0.784201 0.617376
-0.811844 0.661054
-0.81537 0.666838
-0.813184 0.66323
-0.773392 0.600349
-0.813829 0.664318
-0.810195 0.658522
-0.813808 0.66435
-0.816392 0.668454
-0.806135 0.65155
-0.737134 0.545177
-0.811621 0.660555
-0.811293 0.660297
-0.810209 0.658119
-0.813375 0.663732
-0.818276 0.671454
-0.814244 0.665071
-0.82741 0.686047
-0.750645 0.565813
-0.830096 0.690523
-0.835212 0.698905
-0.816793 0.669223
-0.81702 0.669625
-0.81106 0.659854
-0.816867 0.669372
-0.811523 0.660563
-0.813459 0.663685
-0.771307 0.598177
-0.812563 0.662224
-0.815775 0.667341
-0.81213 0.661404
-0.815063 0.666334
-0.815642 0.667184
-0.829858 0.690613
-0.815301 0.666537
-0.813599 0.664113
-0.812734 0.661937
-0.8134 0.663815
-0.816755 0.669026
-0.773329 0.600994
-0.814669 0.665677
-0.813972 0.664546
-0.814645 0.665643
-0.827019 0.685232
-0.805905 0.651084
-0.800028 0.641631
-0.818018 0.671218
-0.81266 0.662443
-0.806466 0.652178
-0.814565 0.665748
-0.814007 0.664547
-0.820466 0.67466
-0.824261 0.681101
-0.813616 0.66405
-0.824976 0.681929
-0.80814 0.655321
-0.784406 0.617346
-0.771704 0.59863
-0.813435 0.663623
-0.808817 0.656321
-0.815949 0.667777
-0.812514 0.662181
-0.813899 0.664299
-0.816856 0.669226
-0.817473 0.670243
-0.782404 0.615321
-0.64918 0.430067
-0.8125 0.662148
-0.827965 0.686876
-0.81823 0.671522
-0.798549 0.640238
-0.813382 0.663632
-0.765241 0.58841
-0.8 0.64224
-0.824215 0.681022
