-0.842587 0.711789
-0.820658 0.676509
-0.827949 0.688285
-0.82394 0.681957
-0.802416 0.645817
-0.830875 0.693016
-0.82841 0.689053
-0.831171 0.693484
-0.792642 0.630944
-0.834272 0.698373
-0.814759 0.667045
-0.821269 0.677523
-0.836967 0.702825
-0.828603 0.68937
-0.828973 0.689951
-0.829173 0.69027
-0.787318 0.622869
-0.827162 0.686937
-0.827271 0.687116
-0.793538 0.632954
-0.833043 0.696457
-0.829451 0.69074
-0.82761 0.687736
-0.711543 0.508005
-0.831553 0.69419
-0.776266 0.605964
-0.826635 0.686251
-0.828846 0.689739
-0.828773 0.689634
-0.78515 0.619665
-0.828652 0.689389
-0.823238 0.680793
-0.828622 0.689325
-0.828803 0.68969
-0.827217 0.687237
-0.772493 0.599912
-0.828585 0.689307
-0.827641 0.687892
-0.827768 0.687991
-0.826672 0.686254
-0.838142 0.704855
-0.827422 0.687608
-0.853349 0.72932
-0.784381 0.618385
-0.856674 0.734825
-0.854251 0.730695
-0.826793 0.686357
-0.828937 0.689896
-0.828464 0.689135
-0.834199 0.698412
-0.821403 0.677731
-0.829857 0.691396
-0.799031 0.641702
-0.826405 0.685851
-0.834872 0.699458
-0.827895 0.688111
-0.827992 0.6883
-0.831008 0.693227
-0.827895 0.688372
-0.829845 0.691341
-0.828034 0.688381
-0.847172 0.719348
-0.828428 0.689091
-0.82675 0.686273
-0.80043 0.644052
-0.829215 0.690315
-0.828555 0.689273
-0.830965 0.693128
-0.849758 0.723607
-0.82804 0.688273
-0.812773 0.663307
-0.829094 0.690153
-0.827495 0.687602
-0.829833 0.691311
-0.829712 0.691168
-0.826641 0.686064
-0.843714 0.713758
-0.839565 0.706849
-0.826914 0.686674
-0.853234 0.729087
-0.831529 0.693884
-0.778924 0.609524
-0.799758 0.642889
-0.828894 0.689797
-0.820555 0.676787
-0.827641 0.687839
-0.827992 0.688333
-0.82546 0.684286
-0.830541 0.692396
-0.828307 0.688866
-0.802338 0.647409
-0.729391 0.53597
-0.826817 0.686464
-0.856928 0.7352
-0.829264 0.690424
-0.814638 0.666846
-0.828101 0.688616
-0.79759 0.639105
-0.820349 0.676112
-0.846166 0.717728
