-2.025396399223438812e-04
1.826351422738197621e-04
1.038000842681938453e-05
-1.809212907059552398e-03
7.788757551929136828e-04
1.023121183880487596e-04
1.943985191644345917e-04
-3.597580215761201293e-04
9.947039778460664008e-05
-3.160870963417157444e-04
1.229551537793508570e-04
-1.636759916196452906e-04
-7.183845360335414998e-05
4.293679650836918871e-04
7.233413227205674582e-04
-3.703099185436439593e-04
-5.763524409123097283e-04
1.229343544806071252e-05
-3.789197443291668463e-04
-3.159056347866859489e-04
2.410871470813875331e-04
