1.623152597993327700e-03
8.030501846561020993e-05
-8.456862599057372388e-04
6.256320113726171386e-04
-6.527447956653582763e-04
-1.315428194402845435e-04
4.330660824148060083e-04
-1.923860945588258683e-04
-2.585260886905645203e-04
6.531081220866066751e-04
-1.024300885539574274e-04
3.752006307862717528e-04
7.595493741846999231e-04
-1.224352032092040563e-03
-2.173658575354150632e-04
-1.013284318292297179e-03
1.249063664511033131e-03
1.408840383561936298e-04
1.043019495188858732e-03
1.936232051568843730e-04
2.941996341141348784e-04
-1.350114645956245439e-04
-7.879151795607733215e-05
-7.207839478170722375e-04
