-1.288981169974506673e-02
4.515929467848243777e-03
-7.637968723627807788e-16
5.284728616174790830e-16
-2.237386574378420756e-03
5.273746876439428660e-02
2.076280016488116220e-03
-9.011656108780458432e-03
6.662151285240288175e-16
2.698400172344639559e-16
-1.440140097529802876e-01
-1.440140097529802876e-01
-2.761983028176583088e-02
-4.107268316181886977e-16
1.552123536875185672e-02
-9.655789914727078496e-03
7.003525333223166536e-04
7.003525333223166536e-04
-7.545334774459492959e-03
-6.753352626487994087e-03
8.746498420850160989e-17
2.272059952307907763e-02
4.225615611498454577e-02
4.295163757356734724e-02
4.295163757356734724e-02
-4.909250200372581793e-03
3.716125300768545470e-02
-2.670375389351077481e-17
3.646270372103174034e-02
8.456730952300992032e-02
6.982181727380817535e-03
2.383203355676313806e-02
-3.763541006530764403e-17
-3.763541006530764403e-17
2.500323607310888253e-03
6.935350256567857086e-02
2.226402622969912010e-02
-3.594592721007007323e-03
9.399579675494172670e-03
1.418562434278570013e-15
2.679158435901773149e-15
-2.391265976729148139e-03
-9.040117512414073812e-05
-1.220387821474815590e-16
1.669541054315215167e-03
4.267996916159852439e-02
4.225557277819644991e-02
-1.901288970635977432e-02
-7.553519079557042236e-03
-2.494099392884324305e-06
-7.515217549404508493e-17
3.609739357105296875e-16
3.915128788885303845e-16
-1.836408326808754198e-03
-8.707077042769165946e-04
-8.707077042769165946e-04
-5.775403000265115032e-16
-7.113471953512214181e-03
-7.659315572564802352e-16
-2.730091249529096632e-03
-1.834853202641074498e-03
4.298269769854300842e-02
2.740294683825076141e-02
-1.340116248217324557e-01
-1.967873581424442117e-02
-3.007540944649281928e-02
-1.251987847142275664e-02
1.079832033925022050e-03
7.750582813438362459e-03
-8.934101395225740871e-02
-7.745754171021848253e-04
-1.541762426162490620e-03
-1.508131445008213867e-15
8.049919473721852542e-03
5.662971810115496538e-03
-1.626153152807048115e-16
3.785181538696593748e-16
4.955327715984467890e-02
3.523430945878951170e-02
3.341844573587523376e-02
-1.807348299027307110e-03
-9.049052198116197196e-03
-9.049052198116197196e-03
3.358807711696371653e-03
3.358807711696371653e-03
9.659492929137532746e-04
9.659492929137532746e-04
-2.147201136100746182e-03
-1.771177865700548231e-15
1.944154640859986974e-02
1.944154640859986974e-02
3.844196190563151455e-16
-4.015653990503252389e-16
-4.015653990503252389e-16
2.144460410711254879e-03
2.412393073585639494e-02
-2.306791529102232390e-15
5.193549443591932713e-02
4.351869599328875293e-02
-2.394640954892895968e-02
-2.184616395715370529e-03
-2.184616395715370529e-03
-2.157837841087883058e-03
2.049976631314145720e-03
9.622890365427246665e-16
-1.820782029568906799e-16
-4.550286370257340323e-16
2.636051786663265797e-02
1.084931028803025055e-01
1.084931028803025055e-01
4.240984436106390310e-03
1.927207819813476705e-02
4.287093802938858264e-03
4.158947831614267371e-02
-1.201247543003275108e-16
-3.136554793668796647e-03
-6.328242744000189129e-03
-3.637999872905387563e-03
-4.139593479437206954e-16
6.918496797416857702e-16
1.705409900817719121e-02
-3.513250464749860004e-03
6.025147875382793391e-04
-3.647758412834658463e-03
-3.647758412834658463e-03
-7.980894886076093236e-03
6.337806432452058880e-02
1.552948510821467280e-15
1.160837310541662677e-02
-1.458155174303936126e-03
-1.458155174303936126e-03
1.369560064630675165e-02
2.243157415802910946e-04
3.443993913501755804e-03
1.666053959165327350e-02
7.946770622007603710e-16
5.106096628166598150e-02
1.316958350176351475e-02
-1.115962321950500664e-02
-5.131484438522131884e-17
-1.287049376150058849e-02
-7.236758257324837906e-03
4.551976832110601195e-02
-2.572046243364380867e-16
-5.945595307321062359e-16
9.028401581584938329e-03
-1.077789816978771270e-02
9.605673791759647764e-03
-1.168819754311175088e-02
-1.168819754311175088e-02
2.156451016019356182e-15
3.011824670762498768e-02
1.541701814415847370e-15
7.208264887544993393e-02
4.768522540393541412e-03
-6.221275518211503291e-03
2.934571292799217999e-03
-1.858212821078130111e-03
-5.057884637964532235e-03
1.635289331720412784e-02
-2.617920732513166066e-02
7.095982476076347426e-03
-1.888651723742396397e-03
4.381095971084083412e-02
2.885402399588582120e-02
-2.895562791709033190e-02
1.393452839939943178e-02
7.051119746972625037e-03
2.826982802647285027e-03
6.367554090992183502e-02
6.367554090992183502e-02
-1.255242222290149298e-02
-6.719388443719354132e-16
4.271465375873566110e-03
4.271465375873566110e-03
7.627401940329354979e-02
7.637140386130157610e-02
6.060022598234820340e-02
9.851538496927182090e-04
-1.704389528729358230e-15
8.792235236374507101e-02
1.353366578953926584e-02
-1.139530071752543894e-01
1.345280372240966263e-02
6.016930755257887698e-16
4.397100913901831089e-03
7.282488674281320518e-02
-1.370009288474972366e-03
7.632505654157455133e-03
-6.764304928657050085e-16
2.703939058971454104e-02
8.820517048327734116e-03
5.696556125328879061e-02
-6.727647879466854171e-03
3.416739597239166343e-02
4.495712521515867616e-03
-2.458404564805460619e-03
3.306274524994545772e-16
-5.511692296685300786e-03
1.037942542138262265e-02
1.037942542138262265e-02
-1.090339177692731904e-03
-7.666409571293975786e-16
6.836450134669437759e-16
-2.616784411973621406e-15
2.870713428953573093e-02
4.416807814094620734e-03
-1.188312145518430601e-03
-4.483025096652103712e-03
-4.483025096652103712e-03
5.897339164630827080e-02
-2.388187042689841349e-15
-5.209795981913724946e-04
-2.175106647369004845e-02
-2.970005315159857475e-04
-1.880625205718207578e-03
-3.501034164547992221e-17
4.640609853733167894e-02
2.588594246958565628e-04
-3.394404685278874095e-02
-4.301631085156245975e-03
1.265204785635907700e-02
-3.841294743051713520e-16
-1.000225975588762625e-02
2.236683970335467799e-15
6.558525252550441442e-02
-4.871925516518250954e-03
-4.303214527901558922e-03
-1.208976541315366290e-02
-2.451564548851443721e-03
1.037616001283522306e-02
-3.520282930981727051e-03
-5.194371795640219500e-16
-5.194371795640219500e-16
1.309959733871823634e-03
3.691087442294598009e-02
1.101755110497732067e-02
-2.248117383142522480e-03
3.492997617611267105e-03
3.492997617611267105e-03
2.535361151134446836e-03
-8.686205184323415591e-05
-5.269226393856961052e-03
9.332678921145476739e-15
9.332678921145476739e-15
-9.647786754595009950e-03
1.826523916800287806e-02
1.530368023927090761e-16
2.777116158053538619e-02
1.816958432369670447e-15
7.201592244069921107e-03
7.558134402493282399e-04
-1.159773130212549477e-02
-8.594782839474348138e-03
1.924788681195496718e-15
4.528422995812553341e-16
