3.782300743752980976e-02
-3.511239243242508597e-16
-5.608008362604338773e-16
7.864999963861732390e-02
-5.320317105387136811e-15
-4.067750952612289427e-16
-4.067750952612289427e-16
-1.901037404833119237e-03
-6.019178177979073868e-02
-8.388981689169329459e-03
-1.695371811466973031e-03
-8.299674622281100844e-17
-7.294092414312694679e-03
4.128727433797026516e-03
5.813428343976125186e-03
-2.665925873326611961e-03
-1.174398683957056898e-02
2.569533095533655786e-03
1.071575834951146201e-02
2.197027282324626185e-15
2.197027282324626185e-15
4.650589430962420763e-16
-3.677290895081768412e-03
6.689114212843780272e-03
-5.049273835744122635e-16
-8.170713112045138379e-03
5.195438183110281938e-02
4.630729656474851137e-03
2.835296228045579639e-02
2.835296228045579639e-02
8.253494877379450451e-03
-4.253967311594310241e-03
8.201140504495433214e-16
-6.823543453215836010e-03
-1.478871253511107250e-02
4.795344722231394477e-03
-2.205579971076150093e-03
3.017618824688237094e-03
-7.443597045878977414e-02
2.405112190363226810e-15
2.405112190363226810e-15
2.405112190363226810e-15
1.425468171803778196e-02
1.286132335414029437e-02
8.545538744150255397e-03
-1.423843301201590042e-02
-1.683967085025976640e-02
-1.392690529871684537e-03
8.021509647033644996e-02
-5.162613519363173052e-03
2.630444614692529007e-02
2.197360158512838037e-03
5.953642891597318854e-02
5.953642891597318854e-02
1.980532421104837324e-03
5.806295111216354879e-16
5.806295111216354879e-16
3.816581461188866946e-17
3.816581461188866946e-17
-6.805543420666400425e-16
3.883505881854004086e-03
-1.204138215455699892e-02
-8.980615852342645200e-03
4.649845472548896387e-03
5.186355768782991392e-03
1.613851582188960757e-02
2.382701896728861915e-02
3.021884842076347309e-03
-1.681163888656026528e-15
8.560318251736375496e-16
-2.166502419341913655e-15
4.124071330066471364e-02
-1.050738852120482311e-03
-4.480167254138097029e-03
2.559348108289302010e-02
2.559348108289302010e-02
3.043423014110994973e-02
-4.568082371796007226e-17
-5.142128456602426678e-02
-6.060524408555841361e-03
-6.060524408555841361e-03
1.951188220339606511e-02
1.951188220339606511e-02
4.072858043378276179e-03
-2.562678973453279014e-03
-1.287450008071943167e-03
6.116203115841842286e-02
-1.396289667581339811e-03
2.709260436857093696e-03
-1.469138743989960479e-02
3.096314764375842493e-02
1.535643006277913737e-16
3.373268755141488428e-16
-3.989679726810113278e-03
-9.579850272876291872e-03
1.622837855693590875e-03
-1.723304850712900670e-03
-5.845704347163451810e-03
-5.845704347163451810e-03
6.207391510473178088e-04
-6.462600320467751206e-16
-3.537167407248446166e-02
1.117253696331661078e-03
-6.706259065775850537e-05
-2.184135782027866352e-15
8.537517703443115512e-17
2.991094440301269100e-03
2.273832983696116167e-02
2.869624512828163748e-02
7.195181292049264259e-03
-2.034612931300250644e-16
-4.673859972438589548e-03
5.097468840177446503e-02
-3.097794650806924479e-03
3.463115527730312845e-15
3.891095025303736854e-02
1.652473341861049024e-03
1.652473341861049024e-03
6.233809050340038266e-02
-1.029296020581269185e-02
9.383819314689581526e-02
3.436333384987478277e-03
-9.511151518372742975e-03
-9.511151518372742975e-03
-9.511151518372742975e-03
3.910547636295103741e-03
-7.864497175823707831e-03
-7.864497175823707831e-03
-7.864497175823707831e-03
6.611468297551495454e-02
3.863633704985450917e-02
5.629472370751966402e-03
-8.336823020227817835e-03
-2.793659066848872344e-02
5.190125478262938227e-03
1.960658045332693557e-15
8.486035355169337102e-02
-6.430441312092265941e-04
-2.507580072344553490e-02
2.558502991430568008e-16
2.558502991430568008e-16
2.558502991430568008e-16
-7.645620931876291951e-03
2.415357439809736939e-15
1.382869751103745850e-16
-3.668096389144985363e-03
1.844682771517700317e-16
6.327722264170862476e-02
6.327722264170862476e-02
2.699540490050728087e-15
-9.351232372521135153e-04
3.295846243644775381e-02
1.711666730572159297e-15
1.034530718840256588e-02
-1.037025717066301748e-02
4.149186005877977812e-03
-5.543038741685528403e-02
-5.124861096982263886e-03
-5.124861096982263886e-03
5.794411685097832637e-02
5.794411685097832637e-02
5.794411685097832637e-02
-3.208476565010399012e-16
-2.377520380660912234e-03
3.922583381629451971e-02
-1.980433001884531086e-16
6.311920870021013076e-04
1.073608911557661846e-02
5.587787559681621496e-02
-3.734370535390474019e-03
1.921016913053568732e-03
1.921016913053568732e-03
-5.050928001253885552e-02
-1.225522644213620812e-15
3.968493050158476304e-16
3.726858194458206042e-03
1.029892055878287721e-02
1.029892055878287721e-02
-1.484688228096114372e-02
1.055781060005731714e-02
1.055781060005731714e-02
-3.172382655027050462e-03
-2.296170676927956119e-03
1.440969484225173430e-02
2.803500160414733669e-02
5.519788131399416169e-06
-5.078658538799328721e-03
4.999195351652868657e-02
-8.264976333076746974e-16
-2.706710809163645635e-16
-5.863907469010977006e-16
2.132409409855970037e-02
1.489569444261797342e-16
-2.080701021275085331e-03
5.934473493081755119e-02
-1.296688099198512606e-02
8.862238302998334469e-03
2.054188150174889964e-15
1.430524760607389863e-03
2.637833986093683289e-03
2.194131428206360767e-04
1.461568808726182054e-03
4.192289045053649264e-03
6.928576884677135027e-03
2.368753244560291987e-02
2.368753244560291987e-02
2.218847625134393389e-03
2.823555049994357774e-03
5.423021907960184906e-02
-1.196959199272517132e-16
-9.667842146276911140e-17
6.268533074094650298e-03
7.473320413581747979e-02
8.920893910304034460e-03
6.044403162614836802e-03
-5.176252854225856827e-03
-3.577050661780252147e-03
3.719075586023755375e-02
1.885680078864667916e-02
-4.265297695501804078e-03
-5.713459788153679025e-02
-2.662543397187548330e-02
-3.894089870987367183e-03
8.245995006570000507e-03
7.024154044672431887e-03
-3.594226322106344913e-03
3.910565338286722120e-02
3.040271666062284329e-16
-3.312989481923961061e-16
1.794009739291852184e-03
8.432639772182972532e-03
-2.725885733355180342e-03
-2.725885733355180342e-03
3.277774757747290574e-02
1.985881821981396941e-02
2.310899174145202711e-02
-1.759480022762558438e-01
-1.747419529654473785e-15
5.835537597169671714e-02
-7.063600711846906898e-16
-2.045541754523583612e-16
-1.539780492095174863e-03
2.307890024955702810e-15
-1.529107286822009755e-15
-9.667180086903719980e-17
-9.667180086903719980e-17
-6.442045355837165699e-03
1.391378273117373221e-02
-5.013232197857106845e-03
2.952060565150994419e-03
5.767436744778121904e-02
-5.068045741344680711e-04
1.203751529575743611e-16
6.328986898794439903e-03
2.435481067348473083e-02
-1.288981169974506673e-02
