-9.744292017817327633e-16
-2.097507773317540403e-03
-5.016587834920460071e-16
-5.016587834920460071e-16
8.708856833720681964e-03
1.325624521916566895e-03
4.142939566111783316e-04
3.731384523073006700e-03
-3.540844535750757875e-15
1.295050231845219224e-01
-7.597033610012189631e-03
-2.181716439050583152e-15
8.682275693893227314e-03
8.682275693893227314e-03
1.938118001390125821e-03
3.536975037427552739e-03
2.228290204503834832e-02
2.228290204503834832e-02
-6.326168449536766962e-16
1.457675535035174615e-02
1.014270207856140778e-03
-2.477391456836720157e-04
-2.477391456836720157e-04
2.467181404553442977e-03
-1.317659472800297368e-02
-1.317659472800297368e-02
-2.387865073169327234e-03
-1.595265172048048775e-03
1.690748857021761101e-02
2.663334461880594375e-03
2.663334461880594375e-03
2.537161374193571198e-02
4.361102712767100063e-03
-5.982547203353709257e-03
-1.326387438453965027e-02
1.225427447464252570e-02
4.642722879476119530e-02
-4.985483165445637847e-03
-7.977573511890339240e-16
7.236657256434506731e-04
-5.305268983871402842e-16
-8.525111634345241413e-03
9.401762183338010712e-03
9.401762183338010712e-03
3.036148937133451083e-16
3.693203296375993649e-02
9.058522498559566649e-02
-1.203378117315854805e-16
-3.219588794685014290e-16
8.923068772099126966e-03
-3.304994139524425768e-03
-5.650426152883645040e-04
-5.650426152883645040e-04
4.095667929173326923e-04
7.745737624060869408e-02
-8.784940601274419947e-02
-8.784940601274419947e-02
2.018696310314425577e-02
3.598237252792446488e-16
2.367456725921725930e-02
-9.149964735162909729e-03
3.674836418963995516e-02
-1.655748350053581243e-15
1.143944270068618721e-02
-1.338243061130629623e-02
-1.338243061130629623e-02
-3.574837785063379736e-02
5.063492705916026321e-02
5.044691661245544884e-02
6.183872113205758210e-16
-5.576678727903267713e-02
8.877122489240458353e-03
7.163370324332578928e-15
-4.659286767635889212e-03
6.919892486543665136e-03
5.518578085888264234e-02
4.116484611553430234e-02
3.071013602050934668e-02
1.603262515209654196e-02
-3.365092721833551348e-03
4.321584382507109162e-02
-6.967896312017126364e-16
8.485070792819435909e-03
-4.572282884854161726e-03
-5.894667006108225173e-03
-6.540392156388213918e-04
-2.990977421501258508e-03
3.449782776268323081e-02
4.890878311206281470e-02
9.773178637574188800e-17
8.729934746025687364e-02
5.645912309744916674e-03
3.593308839258752690e-03
7.194027247761655350e-03
4.188830300390944293e-16
4.188830300390944293e-16
4.432491563420488345e-16
-4.619379862382908854e-03
5.142442108934882489e-02
2.783819373356779518e-16
4.042350916122960935e-02
-5.205490332370082962e-03
-5.205490332370082962e-03
2.958601542306991353e-03
-3.353075531945337168e-16
6.043780747171842091e-03
4.371030711958956416e-15
-5.135215788539805593e-02
-5.135215788539805593e-02
9.599900075994233228e-03
6.118601786798396124e-16
-8.885986121162833470e-03
2.889283130582088847e-03
4.963397117965099095e-03
4.907894167735941948e-02
-2.399207048472655171e-16
2.104026192452418398e-02
5.707232394331911846e-02
4.482715731549954258e-03
3.762265223624730592e-02
3.644410967030354935e-03
-3.360500283859287063e-02
-1.293783990480574728e-02
-8.245916526529626592e-04
3.413746661508832575e-03
3.881037201642794515e-16
4.770515674090911220e-16
-5.832543569626928888e-03
1.091297234840427587e-02
-8.072037145195257515e-03
2.007468172086410499e-02
-1.473905766938680712e-03
-1.473905766938680712e-03
7.690686892185055745e-02
3.286073804284297267e-02
-7.499783046997121790e-04
2.473068958450425417e-02
3.439418607607799654e-03
-3.630759420920617992e-15
-6.056060136825595387e-03
2.306645580681953786e-02
4.218532141791392527e-03
1.526238192189185647e-03
1.314327772691837569e-15
-9.392720258480116019e-03
-7.700494882185170836e-03
-1.009528933223812971e-02
6.191015542394542708e-03
-3.312978088485634548e-02
-5.643227542648518098e-15
-2.257308952639233834e-16
2.433016180900220669e-03
-7.523114868931194375e-03
-7.523114868931194375e-03
5.987780408805184537e-16
-9.043751519200424789e-16
-3.036902282739179262e-16
-1.763440570359656179e-02
-1.763440570359656179e-02
-7.249885207621014314e-03
6.432773781959454096e-02
7.869797986828030306e-03
8.781087479314422057e-04
9.189531378783139318e-03
-4.838625629211611850e-02
-7.618699857266687803e-02
-1.209193608940401217e-15
3.563077474624107982e-02
-4.732816258744292140e-18
3.500751756164492429e-03
2.083366826832694363e-02
2.083366826832694363e-02
-2.937469438873809100e-03
-7.173057328668652755e-02
7.626578689378201402e-03
7.626578689378201402e-03
6.953915408712031676e-02
2.252119340658880614e-02
3.301268517592111096e-03
-4.000993980846471315e-03
-4.000993980846471315e-03
-4.000993980846471315e-03
5.230672400774600411e-02
-8.748514419237333421e-04
3.407899690916706144e-16
5.691754441548115689e-02
8.035285825560645635e-16
3.422071123760017913e-03
3.422071123760017913e-03
4.400607120799319285e-16
2.843096186493693223e-02
-4.790270615452923118e-03
1.302451378286292524e-02
1.701054858356808308e-02
4.387067326272130890e-02
2.833923823120280960e-02
-1.144969348189124603e-02
4.412125571455734196e-02
5.965686472111908500e-02
-1.497923588619588580e-03
1.563418380425996689e-15
-7.656087980374836230e-16
-3.603684442035041610e-03
2.487180477005739368e-02
8.834485877226572192e-16
8.834485877226572192e-16
8.834485877226572192e-16
-4.409653999440351496e-02
4.851484004026078607e-03
3.731802287548394853e-02
-1.589860714574920300e-02
-7.948132440186050267e-04
8.463000826986272901e-03
7.030847550530428328e-03
7.030847550530428328e-03
4.086762525936471491e-02
-3.430351959640733778e-02
5.076190811983046641e-02
4.039211363740556615e-02
8.521293557840328714e-03
5.525485609920269790e-03
-9.015664285802452507e-03
-2.086850166458558613e-17
-2.262460961577624375e-03
-7.960494045668117108e-03
2.802906016777548942e-03
-1.050253048165801333e-02
1.588811626545070382e-02
-3.316120928109581728e-02
5.404155662725687592e-02
1.008317492683222672e-03
-4.323726378439207013e-02
8.573658853817068340e-16
-1.111996106233531095e-01
2.619299113683924967e-03
2.619299113683924967e-03
-1.137830639622915228e-03
1.610172922156053596e-16
5.694900454149593068e-03
-2.334576542521009661e-04
-4.280862043476703611e-15
-1.956200388420700070e-03
-1.956200388420700070e-03
-5.124657985321128852e-03
-4.113793125837360634e-03
-7.970486975625583337e-02
-7.970486975625583337e-02
-8.211619001900538617e-03
-1.076443541844924725e-16
-1.076443541844924725e-16
1.040414184585822938e-02
-9.016010149201390475e-04
3.400772678703489066e-03
4.921707356085102368e-03
1.718185652297201427e-15
-1.571668675348200130e-03
