-3.815429663510479154e-03
1.711277655369158445e-03
4.989009320709974181e-03
7.350308145161128836e-04
5.851147907013248047e-04
4.895341545973190190e-15
4.895341545973190190e-15
8.818102312635934040e-03
-2.345625161156090349e-02
1.228009794284350009e-14
1.749155787245494642e-02
1.749155787245494642e-02
2.211363453315200525e-03
-9.704310363478330349e-16
2.425037741267038749e-02
-4.633633122834750033e-03
-3.709486384281099791e-05
-1.879388990159525400e-03
6.723064162046255704e-04
-3.450818391931484735e-15
3.553380892593957507e-02
1.046156290244429528e-03
4.688832483464248913e-02
2.675277954157436865e-03
7.684958380978055229e-16
-9.708244688563134530e-16
3.480725182414806402e-03
5.147044632392533403e-02
-3.150842352867174232e-17
1.291386908022162244e-02
-5.327074352468568440e-03
6.430741657813196510e-03
1.712570961088982985e-03
1.712570961088982985e-03
5.336632550484082362e-16
-1.867309932041750359e-03
1.237895324924018908e-02
5.110036549009486923e-02
7.558916990201521539e-16
6.840141060050239190e-04
4.472906384742197927e-02
-1.145076885180758806e-02
3.188150203248119735e-02
3.188150203248119735e-02
-1.173487154100791990e-02
-1.173487154100791990e-02
-1.147902606383068231e-03
-1.596844873505670096e-16
4.580207004677265548e-02
-8.688577005290804320e-16
-8.688577005290804320e-16
-6.060006594226979478e-16
-1.182907028173455554e-15
-1.870676102130595095e-16
-7.338367786045925552e-03
-4.534143793691726085e-03
-3.977305419682843589e-03
2.630123884822884242e-02
-3.247392323595830674e-03
-3.247392323595830674e-03
-1.307246461985900506e-02
-1.443436801701589427e-03
-2.021997676629255086e-02
-2.021997676629255086e-02
1.912254884320650945e-03
-4.832960025759108140e-04
5.469259556202271666e-02
-8.736601313367918509e-03
-2.411703404395946701e-02
4.756862916397265953e-16
3.070937400607330549e-04
1.184740355241570980e-02
-7.940220982336782602e-16
2.060249686584358052e-03
2.060249686584358052e-03
1.328375261815236937e-03
-5.673352129882007489e-03
-5.673352129882007489e-03
9.284395897519935999e-16
-1.383806304330492676e-03
3.432418328203574315e-02
-5.000526298806745769e-03
5.503159871540819204e-03
-2.139676367328674934e-03
5.563274080897672239e-03
1.733580196846574994e-02
-4.476989340538882478e-03
-1.377976575322454461e-02
-5.222235963111652481e-03
-5.222235963111652481e-03
2.073520578361913794e-02
-3.127233709322408631e-03
-3.131586332961172961e-03
1.441656444142613239e-03
-8.947511916424066847e-03
-8.947511916424066847e-03
-8.947511916424066847e-03
4.350128285381102411e-03
1.223163346632914591e-15
1.600014906326240295e-15
-3.456060411990540138e-16
3.657556451041803214e-02
-4.274923651966100109e-16
-5.810392726913679584e-04
8.147658578287804431e-16
1.232278039130078363e-04
2.897182747246748735e-03
-4.475664563177501887e-03
5.974315965944203971e-03
7.427849788856752400e-02
1.457528733379213209e-02
4.895392167953463783e-03
5.020593878238129720e-02
5.699449056660875305e-03
-8.466842589119989368e-04
-1.045397070479969596e-02
5.666005870602632694e-02
4.514102239635649737e-03
3.195968225888300238e-03
-8.736477638791175643e-03
2.761379062432617239e-03
4.686706315968501048e-03
4.785001329002029277e-03
8.811303884969859043e-03
2.778689380450052177e-02
3.745951684964201212e-03
-7.979828984059704824e-03
-4.726564772165399442e-02
1.553225175265013011e-02
-2.274037411062526052e-03
-2.327504908055025041e-03
1.010436761544215578e-01
1.010436761544215578e-01
7.427607496837232426e-02
7.427607496837232426e-02
4.798080092018028645e-04
4.798080092018028645e-04
1.190087590103261310e-02
7.422137494989404158e-03
-1.118545973928642898e-02
1.071158687125064318e-03
-2.110230975267600747e-15
-7.927335877494693858e-03
9.718010816670467900e-02
3.545426402219407046e-03
-9.189870388865267400e-03
3.800437506956372280e-02
-9.829755054566063452e-17
3.934149184651200212e-03
1.370575676704167011e-15
-3.836837333360951750e-03
-3.836837333360951750e-03
-4.988718502409389410e-02
3.785523511874911340e-16
7.079982269424130170e-02
-2.262013506231270676e-15
-1.463470107904556519e-02
4.501318795081785812e-02
6.493498203554719239e-02
9.947871735401014881e-03
1.394764553719352387e-02
3.093986447565974865e-02
3.077463168709592203e-03
1.595764372464634605e-04
1.595764372464634605e-04
3.360302731331339145e-03
3.360302731331339145e-03
-1.398985099679710391e-03
4.955606905920698774e-02
4.955606905920698774e-02
4.375242940303497585e-02
2.236629640057733362e-16
9.370110817690383467e-16
1.990211743201734072e-03
-7.687210969799923403e-03
-7.687210969799923403e-03
6.916952204958648487e-02
1.077895905034070567e-01
8.156887245782681872e-02
-5.338452926788732171e-03
-5.338452926788732171e-03
3.945199392913997855e-16
4.481301388683893074e-16
3.670488554273679260e-02
-3.386441623216349638e-03
2.279431143973969197e-03
2.261696061831333995e-03
1.355418010020507588e-02
1.355418010020507588e-02
-8.201410156283178363e-03
9.732825462997928001e-02
9.732825462997928001e-02
6.718278225133633708e-02
2.633917475959991067e-02
-3.390590069806839312e-03
-9.616636100721155655e-16
8.038666702804380726e-16
-7.387099052628461754e-03
-7.930341132397685519e-04
-7.583492771814000036e-16
-7.583492771814000036e-16
-7.301479916640448049e-03
-6.699117423889996981e-03
-4.849988129659507478e-03
-1.939935079538293930e-02
-4.751879184719472548e-16
-3.541082928950500114e-02
-8.839003049985516710e-17
2.415263126599279456e-02
-8.642215763904218575e-16
3.438129557824548543e-02
1.160544323306732586e-02
8.762178482635184134e-16
8.107519116048927943e-02
-1.024242530966966956e-02
1.128159631653338421e-02
8.887942126527793059e-16
-1.352574656488661486e-02
4.813410481656220721e-03
3.695406190172767502e-02
-6.865135939982357216e-04
-5.682117773194966803e-03
-4.201771225846776155e-03
5.911886600326493602e-02
1.122981559014766539e-01
-7.720340830039606507e-03
-7.720340830039606507e-03
-1.011717703585953559e-02
-1.145095255022932513e-03
9.213638202381170539e-03
9.213638202381170539e-03
7.297618058522216226e-03
5.512971452775260834e-04
5.317248539544780495e-03
-1.154202058144878501e-02
4.092344572374505794e-03
7.881395984980599928e-03
-3.318231546989750631e-04
4.892385585185652502e-03
5.064468501328473621e-02
3.418240767351647842e-03
-6.098134569225862708e-16
-6.098134569225862708e-16
3.728544714208612693e-02
-1.790203375286457447e-16
2.437170767262707496e-02
-5.016192141959790107e-04
-2.329403816758900529e-16
-2.597694796250425080e-04
-2.597694796250425080e-04
3.720715079563279709e-02
-3.026698427211243353e-03
4.860108456410327377e-02
5.517430394553787462e-03
1.259626260656916685e-02
1.259626260656916685e-02
