-1.724993736195686717e-02
-4.649533922042712111e-03
-1.455907927708601640e-02
-2.177896787167305989e-02
3.060861654431979426e-04
-1.811746960427395746e-03
-1.978570493158813767e-02
4.374809646453283601e-03
2.412332222567282526e-04
-2.008567531261798780e-02
-3.903342219436444892e-03
-1.005890395314551662e-02
-1.214963030552862651e-02
-3.896050261881910982e-03
3.596420440634895237e-03
-6.840725978229595175e-03
-2.178471436198889041e-02
-2.012489816581358097e-04
9.444104768044465307e-04
1.728042305685715402e-02
-2.850707298716400207e-03
1.182328507580937549e-02
-5.000704936824604784e-03
4.955910748610674321e-03
8.287481822435785461e-03
2.287982248341562802e-02
1.089890258774819237e-02
4.834258693369623133e-03
-1.061468265066669659e-03
9.948142702504695137e-03
3.241206045557240567e-02
7.538000953501195096e-04
2.376250194363459137e-04
5.136626654453338783e-03
-5.859937706351281243e-03
-3.677898936452854255e-03
1.675381006007544381e-03
-4.009678170682896663e-03
-1.790192128675154731e-02
-2.030701080071063269e-03
7.057768701061879410e-03
-7.042109277850154732e-03
3.388538386644628607e-03
1.356684711456634072e-02
-7.618837780354693889e-03
-9.383150576298081996e-03
9.454331953177373682e-03
1.360979842419718019e-02
-6.439295172918400346e-03
4.754218797008869651e-03
5.890014745477438300e-03
-2.604842290644675262e-02
2.708924567588754783e-03
4.425947019530114025e-03
-1.180939468415904275e-02
-7.396566583683586958e-03
8.890240323426655891e-03
-1.651806769756821933e-02
-8.817174560066606478e-03
1.630029931730741025e-02
1.031522764695120761e-02
-1.917271339782224832e-02
-1.668796881300422456e-05
1.079788698118392017e-02
1.846747406345779869e-03
-6.221880877180449750e-03
1.616710170567075373e-03
-1.973712447907073272e-02
7.293082016651435649e-03
-5.723519554793696923e-03
-3.173165633830913462e-03
-1.149737095827947815e-02
6.396282996662313106e-03
-2.555085166634633084e-04
-5.593009815687202809e-04
-1.060486744642755511e-02
-3.002582080093247306e-03
-7.026709683734214985e-03
1.175513153487234980e-02
4.521101292507594994e-03
-2.258450053802658463e-03
-1.901568227728556897e-03
-1.079320513519945249e-02
9.630843196306604912e-04
-7.876594569938008897e-03
-3.767121590321437143e-03
-1.236873916510099203e-02
4.350297629149563541e-03
1.144586722199926552e-03
-1.311497934960329653e-02
-2.480296464340812565e-02
-5.829719667756028990e-03
1.140059841754252276e-02
5.048488009419689268e-03
7.342725242732309546e-03
1.019990147510688693e-02
-2.199965309891837445e-02
-1.773012279237500769e-03
1.734763556431606277e-02
1.566236424239679167e-02
4.823240370459800329e-03
3.875000396824668149e-03
-2.254042702162178599e-03
-9.222440886936937240e-03
-8.439018177469701648e-03
-9.891347256372794508e-03
9.024147538964940110e-03
3.004330695132782000e-03
6.388746786618011014e-03
1.352851973879415186e-02
5.475517156210056233e-03
-9.171025646350000615e-02
-7.869657298518011046e-03
1.704957297472657835e-03
-9.089883976349976335e-04
6.527612522384281359e-04
-1.987749434849507123e-03
8.958984525012142833e-03
-2.030974802675474672e-02
8.977481356279622821e-03
4.774073815369688639e-03
4.469644926177697083e-03
-5.084862635942542439e-03
2.985553840535210175e-03
2.070918624288866413e-03
-2.077025578072133269e-02
8.328666417146236151e-03
5.635365630632735087e-03
5.085754690594537775e-03
9.973209200760313128e-03
-1.377618133224009153e-02
1.891967992967825410e-03
6.126338396735023575e-03
-1.046852320385261575e-02
-5.195474328659206026e-03
-8.088093462954956681e-03
-1.077620878023874060e-02
1.075411755113277711e-02
8.384292442448842975e-03
-2.234731122063858316e-04
2.388487593839840745e-02
-1.288407403818175173e-03
-9.477372846025648376e-03
-1.838825429471646492e-03
1.703140691705103474e-02
-5.161433588563061562e-04
5.280582140650025291e-03
4.848145077580758543e-03
1.870683330181562021e-02
-2.508030463989002236e-03
1.857068695557071575e-02
4.617673979549938648e-03
-7.026595769230087676e-03
5.354951205957299981e-03
1.671378417500635899e-03
-4.027242709418977010e-03
4.213826500732519194e-03
-1.837447692337801364e-02
-1.651730581115933363e-02
1.292554455196159337e-02
-9.044454895669693309e-03
2.632758213275699852e-03
-2.977663478299269733e-03
5.799145912553398639e-03
-1.849229642833132015e-02
1.836376874813880344e-02
-1.042304978799697170e-02
-1.123735699466301904e-02
-1.089625884767843611e-01
2.442592034533038609e-02
1.203458142584920912e-02
-6.566410753300200819e-03
-2.116108960630065303e-03
-6.075293362837580133e-03
9.829939874324305008e-03
-2.524621605433514590e-02
8.296935972813669971e-03
1.331706660351011495e-03
-1.853292136561967987e-03
-1.579910801086290798e-04
8.687619164334590798e-04
-1.338436063983036890e-03
-3.267437921634915726e-03
-1.300650416273175722e-02
3.587824238327777093e-03
1.274135418731534020e-02
-1.312252672385567226e-02
-2.039314473607097087e-03
2.849485741903303566e-04
-6.431263523138272716e-03
1.261492759831193966e-03
2.325346323723675307e-02
1.930533086247834818e-02
5.510700729051943268e-04
3.446271069383951592e-03
-5.177767244072362801e-03
-1.914505040160916632e-02
1.435801160559040633e-02
-5.727660427581490049e-03
5.204412089432708041e-03
-7.759086530389734844e-03
-3.300468543909734938e-03
-7.345639479430447760e-03
-1.518476904420263188e-02
-1.641052106138070690e-02
-1.113610505082203396e-03
-3.200337241348157318e-03
5.442801427228016568e-03
-1.323025237484681121e-02
1.751493589352676877e-02
6.180762167884675147e-03
-7.983592179909083583e-03
-7.263831597477780899e-03
-7.495272317312597077e-03
-3.004449977392053758e-03
-1.002027112085983329e-02
6.137708400530975106e-03
-2.663886185899033698e-02
-2.357732632607195331e-03
-1.533230416665781574e-02
-5.384011743932808763e-03
-4.505851213608378335e-03
1.124585813232225479e-02
6.259682836384954270e-03
5.940879028503120475e-03
8.185785318833264587e-03
-4.962093591107353922e-03
3.591547693531735568e-03
-2.614289214972609701e-03
4.466290291563786499e-03
-1.776173607857027548e-02
3.126456434408947729e-03
-5.111693042514341492e-03
-1.349253844162069498e-02
-8.041507174880918596e-03
-7.151879992075268165e-03
5.384580293401902522e-03
1.549190751012961831e-02
8.816176212310023949e-03
1.135021095315768246e-02
-2.153139622090391881e-03
1.999246668444754939e-03
-4.625752673358635787e-04
1.116299621970162810e-02
9.879905226004608715e-03
-1.720961841847288079e-03
1.663236119743809541e-02
-1.747579014997355587e-02
4.988281115928916432e-03
6.745079647139253821e-03
-4.364583156815900547e-03
-5.952945827598526453e-03
-2.113841087620508923e-03
-2.459158122249156461e-02
1.596834595222468289e-02
2.035289150274925338e-03
