-9.681937907267094818e-16
3.995028464129913968e-16
-2.575233864722408262e-16
2.968587178641144689e-16
6.170413731427185194e-16
-6.614404995616259170e-17
8.819290337763400573e-16
6.056676057952063801e-16
3.651465861989089310e-16
-5.208378993062547976e-16
-5.084093279399263633e-16
3.593974627918095178e-17
5.922272502908540643e-16
1.011524355058908702e-15
-3.272248385098210784e-16
-3.627469957801388413e-16
-5.654778668068166417e-16
-6.333985869957630238e-16
3.871508043406856776e-16
-7.748084266802774254e-17
1.842515902560755857e-17
3.860530192093021141e-16
3.523481673914846202e-16
6.229931453506324198e-16
1.213252354773440591e-16
3.537666252815619046e-16
-1.407979913442709805e-16
5.964844080754749933e-16
-2.056321641572829497e-16
4.614645401499184588e-16
-5.207645046387026500e-17
-3.586288701113369470e-16
-1.719331047047053752e-16
1.123938643163786935e-16
6.179295932633253191e-17
2.221966190915321608e-16
-4.016358238084311136e-18
2.868431412146453933e-16
1.654451465738087082e-16
4.644219478893925951e-16
-1.014288354719975343e-16
4.783002361295078901e-17
8.393182307277122754e-16
-1.892035715836781747e-16
2.841530841296394382e-16
1.841468986060135684e-16
7.261122343176496854e-17
-1.000485656482172420e-16
2.958522541223132124e-16
-1.756203556268385804e-16
-6.999043691775172470e-17
4.076324252869207773e-16
-1.426000965044699544e-15
-1.417681657395099832e-16
1.041831722278539031e-16
5.571076444453098162e-16
-2.960077336425744658e-16
-4.614744037406095757e-16
4.353860723586660806e-17
-1.193101598646609433e-15
2.706939395582873421e-16
-2.540758573326217959e-16
-2.846647693734630564e-17
7.348369955472558584e-16
2.256769356301861791e-16
-4.889241162798742742e-16
3.099624765918680684e-16
-4.334052925394240984e-16
6.381042029669925291e-16
4.132979423709543923e-16
2.723631325289440760e-16
-6.827832623039904024e-17
-4.472348508424725691e-16
1.247752272092150724e-16
-1.346840021987793015e-16
-1.537965044143702656e-17
-4.349423719753166707e-16
1.417310328127070750e-16
6.784751105113755570e-16
2.066102956426950274e-16
-1.252517977474381651e-16
2.079745922632656690e-16
-1.148417837144001448e-16
-6.941739743970771317e-16
1.385472446428087679e-16
3.678663000405775018e-16
-2.578209974692140962e-16
-1.322884750265320590e-16
-2.177046346998971180e-16
1.422349059607196277e-16
-7.946046916270131705e-16
-4.438537052076608566e-16
4.320685476206835929e-16
-2.897411730640355832e-16
2.897634779912780815e-16
-1.903450150881494247e-16
-3.090967008958580897e-16
-3.012138087522020285e-16
-6.607927087489544048e-16
-1.937595282720856826e-16
-7.083045610122348177e-16
3.001178401818168863e-17
1.331725169362725945e-17
8.000393569561370037e-16
3.224145805110049258e-16
3.507859894796945220e-17
3.316440854544470447e-16
-1.343025265256185062e-16
1.194819710789823621e-16
-2.495006530581177024e-16
-6.231967614292520164e-17
5.326291861648362409e-16
-2.983840031357508903e-16
1.847924726726313459e-17
-8.863243457521455242e-17
7.243544165787205284e-16
-1.958689819755452050e-16
-1.049258374186464104e-16
-2.767963359214683746e-16
-1.813901733624150293e-16
-4.993468680897041844e-17
-9.278404812890235861e-17
-4.957711697949154464e-16
-7.335672801723269635e-17
7.294913902241854866e-16
1.929201093196107462e-17
-1.856472551792057184e-17
2.711421074410041687e-16
-1.930922752571179042e-17
-6.795411155283176293e-18
-2.695107639115523786e-16
-1.135235750722779663e-16
1.447487706492152291e-16
5.466272856055406656e-17
2.068328132664443249e-16
-8.307941565277285175e-17
1.685571459065536698e-18
-3.590783298055724741e-16
-1.646874201093688503e-16
4.727355028549921280e-16
3.432464368696366894e-16
3.594129719705930443e-17
-8.600270111672700269e-17
5.051446700123191551e-16
-3.010576716907401675e-16
7.244583131487630052e-17
1.794618550039572198e-16
-2.921146065844601487e-16
-4.159811684395217948e-17
-1.012627867349416352e-15
-3.177587088201901771e-16
-6.423573234657524499e-16
-6.212100076442998069e-16
-5.385746334386032190e-16
1.077111100445378738e-17
-3.296881411805709498e-16
-1.795540589507060593e-17
-5.802718550237064747e-16
1.962035374459266588e-16
1.160094355475598311e-16
-3.009903337088067929e-16
-3.314911498279941094e-17
6.036971163048380157e-16
-1.368984629557198880e-16
-4.750444804930363955e-16
-5.578044418101365046e-16
-6.865935144925543151e-16
-1.094749329080211518e-16
3.540960075756528495e-16
-6.062068233039843783e-16
1.606818708689850768e-16
-5.202107494283427642e-16
2.537979403888042754e-16
2.416706090229343650e-16
-2.569718037566148287e-16
-1.748129095624745133e-16
-6.075274604043637863e-16
8.221673629581588648e-17
-2.652449784123222103e-16
4.407024204988992040e-16
-3.243292258139796939e-16
-3.246577654166404785e-17
-1.524472957809344911e-16
-4.880825216897834215e-16
-1.678291325915404706e-16
8.134344331219709486e-16
-5.039611792256779918e-16
5.660884097403890165e-16
-4.630778902380656076e-16
-5.669000561930614075e-18
-6.976745428913553992e-16
-1.185965999174696829e-16
5.729719294598929385e-16
-3.729417098791547819e-16
-1.016318981542882658e-15
-2.258216596677146338e-17
-5.970961942181659711e-17
-4.027841331893889518e-16
7.508639594829242718e-16
-4.236613306875159670e-17
9.590733833194156621e-16
-1.768354067150638934e-16
-2.059784824398035758e-16
-1.176531778421815015e-17
-8.346701283582130093e-16
-2.719242749901864800e-16
4.276660781281608883e-16
1.799405558807080247e-16
2.051493947746822953e-16
9.028693776427441144e-16
1.935798750794352410e-16
9.363958545404663582e-17
2.821919175560828394e-16
-2.892808578196370537e-17
-1.084823945772637413e-16
-2.471073601394798457e-16
-2.795283969831253393e-16
6.179465056171838193e-17
-5.192182277435424711e-16
-4.774617289455612377e-16
8.069386426960163069e-17
1.916886193429727323e-16
2.288089121525073758e-16
9.932992640425381438e-16
-2.294679035001198696e-16
-5.822676190229133602e-16
2.610353706342300107e-17
-1.575140682005553490e-16
-3.374621186698647266e-16
4.981114873427207098e-16
1.541604161581807799e-16
-1.077788665573736910e-16
-3.356809920516948661e-16
4.546620638837642835e-16
-1.569754282706204430e-16
-5.498546559893554272e-16
-1.063689283545544673e-16
-4.255074085947458226e-16
-3.345975012039674123e-16
2.401759192551881360e-16
2.306792950301918388e-16
4.598064222800253717e-16
5.741105770010664505e-16
1.505994201406324302e-16
-1.424917875945818072e-17
2.084428710561239890e-16
4.220158578177972588e-16
-1.231760943365060086e-15
-4.791317707668262790e-16
-2.936644094239478509e-16
2.527897616481585405e-17
4.596728601015818265e-16
-1.922581894688468601e-16
-5.317799596876227590e-16
-2.908581449439053787e-16
1.297132325719828686e-16
