-8.518633270044847008e-03
1.527401532836764053e-02
6.981644020822429156e-17
1.282630310642001760e-02
1.807646594010948995e-15
-1.903103985125708395e-03
-2.166921903716538273e-03
7.035502101159055860e-03
1.049398156282131764e-03
3.592074022839579495e-02
3.670871256913178782e-02
2.104398325316109500e-02
2.104398325316109500e-02
8.042748492808646030e-16
-3.148606013574828532e-15
3.179195694364258043e-03
6.149453078981896581e-02
1.346153234836502959e-16
-1.609121195599998322e-15
-4.063317909970895828e-03
3.387042403863475740e-15
1.562056089481504997e-16
1.562056089481504997e-16
-1.658707304958715115e-04
9.315597010891474646e-16
-1.688881411161950990e-03
2.049542616998830617e-03
-1.394962890649262269e-15
6.060426501658472409e-03
2.641027625780688684e-02
6.305965656594797464e-02
-2.044783801210080999e-16
7.855088507588443750e-18
-5.887135002085384531e-16
-5.565492409486436738e-04
-5.565492409486436738e-04
-7.027953914135320369e-03
7.822587238557075773e-03
3.661913792382237351e-17
3.661913792382237351e-17
6.647959903393903247e-02
6.647959903393903247e-02
9.428473995618363510e-03
4.168599168331916377e-03
1.963673792908011626e-02
9.564628552226045608e-16
9.626535364631322311e-02
2.177298777437508288e-03
-1.759910558526315639e-03
-2.636455060111416694e-16
-2.636455060111416694e-16
-2.636455060111416694e-16
1.681899404639715725e-02
4.776132317294458710e-03
1.208262853105197978e-16
2.706426353824282837e-15
-2.719426125213104465e-16
3.331228380110128756e-02
1.859042551943499355e-03
2.863069848895247703e-03
4.642351152743259129e-02
-5.624180075659022775e-03
9.557992813359277029e-02
5.341324840913690836e-02
-1.565222078392858649e-15
-4.720670363396207297e-02
1.246228744013725832e-15
1.246228744013725832e-15
-4.304429417600758728e-02
3.510894792918714709e-03
1.206091524172974924e-02
4.417190624156992453e-17
-1.772364411516897525e-02
-4.232409526721032954e-16
-4.232409526721032954e-16
6.445815577103518323e-02
-9.759975044691712951e-16
-9.759975044691712951e-16
5.948339821127555244e-02
1.208341441607046300e-16
-3.677613769095276854e-16
3.360536799408806790e-16
4.292269232243824811e-02
-1.061124720168614716e-16
6.196151419221435780e-02
1.184616446791219886e-17
7.246089421811685236e-03
5.004635983122603798e-02
-1.793201433234799073e-03
-2.166620404862533867e-03
-1.441000888675842030e-16
1.320457040573310564e-02
-3.097465320972147065e-03
-5.367747755921924300e-16
6.377356630593461410e-16
-6.627029750540044603e-03
-3.600142805608527746e-15
6.055023252410370906e-03
-1.080786180697985957e-15
-3.106222701776373621e-03
2.372585382289947500e-03
-1.482483325835824728e-17
-1.319627991951921727e-03
2.220052398808879286e-03
-1.008109824476676689e-03
6.869573227602677502e-03
1.151169014352473353e-02
1.790251197109149825e-16
8.416739791728838644e-04
4.452958478661189409e-15
4.046055302805709984e-03
-4.547297312546573800e-16
1.484032698584347026e-02
3.694448593286392413e-02
-6.864280202653589591e-17
5.007965477415994034e-16
5.015044771338997578e-16
8.867115871175414860e-03
9.136569209875303535e-03
9.136569209875303535e-03
1.320469097909512772e-02
1.524806592983174273e-02
-2.691817061270395002e-03
8.874168779731063557e-04
2.810132629371575597e-03
-2.722557707556058897e-03
1.277958002964539458e-16
-6.550881209770945124e-04
2.372268497134648324e-02
-1.154971993153919643e-02
-1.297541452004426844e-16
-5.945595378148395406e-18
2.092498296625841872e-02
3.934046662122665100e-02
-7.493364513820288154e-03
5.669322202616729678e-04
4.712407556656136864e-02
2.098013367739496871e-16
-9.293581951918091638e-03
-4.603337411102190192e-16
2.153212613521956337e-02
2.898137220916531184e-02
8.958539145536289355e-03
2.230023784917271185e-02
1.584244920784244962e-02
1.584244920784244962e-02
6.094855863132140998e-03
1.597651103701003687e-15
2.899585424867095595e-03
-9.670626775853026231e-04
-7.705934739175000076e-03
6.424452370422201186e-02
3.964857373399010947e-03
7.340351708595059532e-03
5.468769400047253371e-02
5.468769400047253371e-02
3.175422423133564656e-16
1.693360369003097247e-15
1.693360369003097247e-15
-4.379142336520092972e-03
-1.345219543521374104e-03
-8.979460306086929980e-03
3.517906791684299868e-16
2.480993072607528063e-02
-5.841248660235294661e-03
-6.098041686039822398e-03
-6.098041686039822398e-03
8.039795524415982398e-04
-4.364344221670297660e-16
4.705160819390251511e-17
5.396109788888080183e-02
-4.547349383067302750e-16
-1.248538566286760965e-03
1.877757771859533400e-03
3.756007688206475237e-02
4.960714856877155438e-02
4.093570748083807003e-16
-6.573170219812905432e-03
-6.573170219812905432e-03
-6.573170219812905432e-03
1.373038769901268295e-02
-1.022453470968127384e-17
-1.022453470968127384e-17
3.959984192518512663e-02
8.927539967746573810e-03
3.391404590976511424e-02
2.086647634335661583e-02
6.852423112630599139e-03
5.731229037823101433e-03
9.268735593199880010e-03
1.202273186388871061e-02
8.205803214653108628e-16
-1.324142616128319762e-16
1.712378915034616991e-02
7.392682927452962072e-02
-2.834121598842806716e-03
-2.834121598842806716e-03
-2.834121598842806716e-03
4.173903824820089647e-02
1.994395155087829712e-16
4.458200965224892731e-02
1.647215352356593389e-03
-9.809127035142829426e-16
1.595131446574944314e-15
4.804415904300145257e-02
8.056063388680485826e-03
-3.359211675008125318e-03
-9.432299295903492573e-03
-9.432299295903492573e-03
-7.811075536139396557e-03
5.792272331058073535e-03
7.393320485872043046e-02
2.014827107247144612e-15
-6.548089713647413726e-03
-6.548089713647413726e-03
7.503221134685933436e-16
-2.193323598287554488e-04
-1.618729899096547774e-16
-9.738844366336010111e-03
-9.738844366336010111e-03
-2.238980313257771942e-03
-3.316537298738213031e-03
-1.697087916113202755e-15
8.802212531444081334e-02
7.902294443575161005e-04
4.631903827265188012e-02
3.199405404870866998e-02
2.938069836018907671e-02
-5.949850073834345031e-16
-6.901040307169576012e-04
4.285179906402698802e-02
4.285179906402698802e-02
-2.413065735578274707e-17
-2.413065735578274707e-17
-2.413065735578274707e-17
-1.160592219459371415e-04
-1.160592219459371415e-04
3.013268515338559008e-16
-1.439063019624562563e-17
1.967077481241172321e-02
3.056766810888534528e-04
4.804760160178823264e-03
3.249784314342969715e-02
-3.595919239226678986e-04
1.292073367306757412e-02
1.292073367306757412e-02
-6.635706876871039300e-16
8.649213359785097890e-17
6.517219033930759121e-04
-3.721725583002623121e-03
-1.316771593123559816e-03
5.070696564452825683e-02
6.710368945022278722e-03
3.560324527579213777e-02
6.579003399950066056e-03
4.398294455119054406e-17
