2.526383173000355531e-01 3.026989144488160810e-01
2.515460766254189462e-01 3.402986988233793753e-01
3.042035736550093294e-01 3.129164501296893830e-01
3.004281241141626979e-01 3.303642640029821331e-01
2.765064753768130545e-01 2.944896046458094219e-01
3.413306161101096192e-01 4.195536889254468660e-01
2.947026223958349456e-01 3.675946012763645632e-01
3.073180385925529112e-01 3.594633981012423929e-01
3.388105501643763340e-01 3.856232660801316436e-01
3.083903254503580493e-01 3.413260308701306367e-01
2.403891176195510626e-01 2.599930226596181004e-01
2.290528223291981302e-01 2.509562605869076757e-01
2.519188198423540914e-01 3.379853481280118976e-01
2.607037476183660107e-01 3.037436586479482226e-01
2.914260151299473134e-01 3.330605023463320546e-01
2.535886511007333644e-01 3.221860038912608970e-01
3.196111121782113651e-01 3.548494192450825091e-01
2.911335680273663962e-01 3.571298184532291087e-01
2.743414604475656327e-01 3.304722513844315923e-01
3.055647294180247053e-01 3.955802932171831321e-01
2.924205856648742774e-01 4.008506582609053792e-01
3.215321876814499213e-01 3.445926032121747751e-01
2.550071487904478351e-01 3.188508551051315587e-01
2.855488896708967550e-01 3.319111292908862310e-01
2.592551090589061413e-01 3.487113242873705055e-01
2.358354636721156083e-01 2.661988754915139421e-01
2.719124640146151073e-01 3.263123319490794927e-01
1.896829465979077978e-01 3.194844533970542244e-01
2.767050673682073247e-01 3.383938763453257503e-01
2.236628900646755735e-01 3.424665318547276405e-01
3.358619596480542646e-01 3.708841978083972091e-01
2.973518900000101106e-01 3.371941020656341603e-01
3.358601424493580234e-01 3.451022405050503394e-01
2.772907390843040720e-01 3.488273252570344707e-01
2.470984680138438305e-01 2.968172854963095353e-01
2.600612048321758740e-01 3.343676797235102804e-01
2.482069043223873450e-01 3.374403992339167213e-01
2.602469327363662321e-01 3.412981724767796821e-01
2.455703071693934592e-01 3.549574093942710618e-01
2.951965055675151994e-01 3.814179461050948849e-01
2.492377615969275095e-01 3.292437775811213885e-01
2.462242695137753512e-01 3.071056698306816046e-01
2.758937649781514900e-01 3.521830617711527167e-01
2.253537474375884864e-01 3.410434528668957466e-01
2.662115435557419474e-01 3.038627323592562046e-01
2.228860431029943134e-01 3.317565340538002894e-01
2.486332808092520386e-01 3.308167183144504198e-01
2.950088770854265574e-01 3.691346897419909845e-01
2.654582696531477826e-01 3.458061072676161807e-01
2.979847346849977541e-01 3.007164258910234311e-01
2.944782023307532248e-01 3.574228926823533881e-01
2.904576790264571384e-01 3.660547459241823565e-01
2.552823115703872214e-01 3.764133804648607251e-01
3.450867012251953025e-01 3.838832057715468871e-01
3.199227609127070493e-01 3.523735860146287591e-01
2.981434817083841171e-01 3.469451168349280690e-01
2.397011786637005537e-01 3.603640291661213135e-01
2.563444781212452228e-01 3.665129931645525474e-01
2.571884625441293037e-01 3.237961839864545999e-01
2.294951763161642844e-01 2.698205608490696905e-01
2.879943010433019812e-01 3.695575001672475324e-01
2.130774116865686851e-01 3.673029068467629776e-01
2.665665697295079850e-01 3.118170749759887062e-01
2.943552425674507700e-01 3.393508984028540953e-01
