-2.997248245682313271e-15 1.522409349774236642e-01
-2.997248245682313271e-15 1.522409349774236642e-01
-2.997248245682313271e-15 1.522409349774236642e-01
-2.997248245682313271e-15 1.522409349774236642e-01
-2.997248245682313271e-15 1.522409349774236642e-01
-2.997248245682313271e-15 1.522409349774236642e-01
-2.997248245682313271e-15 1.522409349774236642e-01
-2.997248245682313271e-15 1.522409349774236642e-01
-2.997248245682313271e-15 1.522409349774236642e-01
-2.997248245682313271e-15 1.522409349774236642e-01
-2.997248245682313271e-15 1.522409349774236642e-01
-2.997248245682313271e-15 1.522409349774236642e-01
-2.997248245682313271e-15 1.522409349774236642e-01
-2.997248245682313271e-15 1.522409349774236642e-01
-2.997248245682313271e-15 1.522409349774236642e-01
-2.997248245682313271e-15 1.522409349774236642e-01
-2.997248245682313271e-15 1.522409349774236642e-01
-2.997248245682313271e-15 1.522409349774236642e-01
-2.997248245682313271e-15 1.522409349774236642e-01
-2.997248245682313271e-15 1.522409349774236642e-01
-2.997248245682313271e-15 1.522409349774236642e-01
-2.997248245682313271e-15 1.522409349774236642e-01
-2.997248245682313271e-15 1.522409349774236642e-01
-2.997248245682313271e-15 1.522409349774236642e-01
-2.997248245682313271e-15 1.522409349774236642e-01
-2.997248245682313271e-15 1.522409349774236642e-01
-2.997248245682313271e-15 1.522409349774236642e-01
-2.997248245682313271e-15 1.522409349774236642e-01
-2.997248245682313271e-15 1.522409349774236642e-01
-2.997248245682313271e-15 1.522409349774236642e-01
-2.997248245682313271e-15 1.522409349774236642e-01
-2.997248245682313271e-15 1.522409349774236642e-01
-2.997248245682313271e-15 1.522409349774236642e-01
-2.997248245682313271e-15 1.522409349774236642e-01
-2.997248245682313271e-15 1.522409349774236642e-01
-2.997248245682313271e-15 1.522409349774236642e-01
-2.997248245682313271e-15 1.522409349774236642e-01
-2.997248245682313271e-15 1.522409349774236642e-01
-2.997248245682313271e-15 1.522409349774236642e-01
-2.997248245682313271e-15 1.522409349774236642e-01
-2.997248245682313271e-15 1.522409349774236642e-01
-2.997248245682313271e-15 1.522409349774236642e-01
-2.997248245682313271e-15 1.522409349774236642e-01
-2.997248245682313271e-15 1.522409349774236642e-01
-2.997248245682313271e-15 1.522409349774236642e-01
-2.997248245682313271e-15 1.522409349774236642e-01
-2.997248245682313271e-15 1.522409349774236642e-01
-2.997248245682313271e-15 1.522409349774236642e-01
-2.997248245682313271e-15 1.522409349774236642e-01
-2.997248245682313271e-15 1.522409349774236642e-01
-2.997248245682313271e-15 1.522409349774236642e-01
-2.997248245682313271e-15 1.522409349774236642e-01
-2.997248245682313271e-15 1.522409349774236642e-01
-2.997248245682313271e-15 1.522409349774236642e-01
-2.997248245682313271e-15 1.522409349774236642e-01
-2.997248245682313271e-15 1.522409349774236642e-01
-2.997248245682313271e-15 1.522409349774236642e-01
-2.997248245682313271e-15 1.522409349774236642e-01
-2.997248245682313271e-15 1.522409349774236642e-01
-2.997248245682313271e-15 1.522409349774236642e-01
-2.997248245682313271e-15 1.522409349774236642e-01
-2.997248245682313271e-15 1.522409349774236642e-01
-2.997248245682313271e-15 1.522409349774236642e-01
-2.997248245682313271e-15 1.522409349774236642e-01
