5.076941240281317436e-01 5.573072729816587190e-01
5.324333375755638809e-01 6.035208574956516525e-01
5.485017861119360072e-01 6.200370182756802517e-01
3.906190665497703551e-01 4.448230803791587973e-01
4.845640448433173875e-01 5.626890559858117591e-01
4.722297953711259710e-01 5.471962825539139486e-01
4.934261854373909739e-01 5.138949754632936573e-01
5.173206420082313572e-01 6.012014842910851087e-01
5.444634109746884221e-01 5.749097170398069778e-01
4.302147908085072192e-01 5.345665317101411240e-01
4.911012280422862863e-01 5.546774884824177132e-01
5.514730562935168390e-01 5.779112293227074426e-01
5.395556831203923709e-01 5.628999209762191036e-01
5.346024460335776496e-01 5.874726360582369633e-01
5.177110994104560104e-01 5.472001880789494344e-01
4.797453867022405394e-01 5.184101810709028646e-01
5.088179760232618420e-01 5.893528703285606518e-01
5.113778731522820031e-01 5.898840017451949524e-01
5.924484937978845567e-01 6.155863824106445614e-01
4.847372793397553559e-01 5.342748245736583801e-01
5.675260367894838787e-01 6.674823086396280969e-01
5.074147659481929029e-01 5.251949797182059454e-01
4.332515192495600687e-01 5.084255816089700009e-01
5.271166387328585223e-01 5.731528494268774976e-01
4.896691253774659303e-01 5.095458697256397551e-01
4.959175750568903807e-01 7.145147081305167625e-01
4.797906485676477484e-01 5.954069879012546807e-01
4.552835828967837228e-01 5.376085775807745160e-01
5.123675781255494499e-01 5.701628885295469962e-01
4.268133920119893676e-01 5.220156951297020287e-01
4.086093065558324966e-01 5.998781850949324035e-01
5.181088890431202465e-01 5.516769340882772266e-01
4.501072180567958769e-01 5.646395874620099287e-01
5.287646411140745073e-01 6.904662494481742518e-01
5.234715426260775351e-01 6.100487853527185589e-01
5.494879395981852044e-01 6.196885098437268091e-01
5.160476777749494204e-01 5.429620121913317776e-01
5.661622736029896519e-01 6.258814480144576642e-01
6.070824506026574197e-01 6.659873221475227645e-01
4.959489115837266704e-01 5.822649758238643836e-01
5.601624955392845440e-01 6.391362648752423326e-01
4.794734976403491333e-01 5.620496508500740784e-01
4.264497524019140173e-01 5.970758488841522160e-01
4.544717099697626606e-01 5.089883772243218862e-01
6.115934908020139726e-01 6.477056929522165829e-01
5.229669339000349026e-01 5.578137739232104098e-01
5.590923256215751813e-01 5.948241307904637010e-01
5.382999218680599718e-01 6.020389782486604835e-01
5.356880679536787371e-01 5.449380321228980417e-01
5.070271039170137772e-01 6.155931539297533339e-01
4.810213172033133144e-01 5.686065365359807000e-01
5.074491584080689233e-01 5.424636270546142613e-01
5.022300645419481846e-01 5.090045143370566239e-01
4.651136997204234902e-01 5.708405745038986900e-01
5.343739110286362948e-01 6.021299218217684990e-01
5.587328428181842499e-01 6.143431880467870032e-01
5.574658035753295993e-01 5.910975813956609315e-01
5.289365660541615055e-01 6.023160881008701173e-01
5.686799856487805283e-01 5.938944281938675074e-01
4.918842097109616951e-01 5.471243683013001791e-01
5.878306375639356096e-01 6.086064910155876140e-01
5.534571453335002111e-01 5.663182524177414745e-01
4.659846608354950570e-01 5.123567209576546100e-01
5.572914296438185033e-01 5.625120666410687864e-01
