1.606251875229105508e-01 2.339609901787655655e-01
1.530388250643950898e-01 2.328352566043639382e-01
1.545695244127525958e-01 2.340102301555734010e-01
1.324346853049712114e-01 2.273748045928869199e-01
1.465706280904254533e-01 2.395362034082945402e-01
1.347450299134873020e-01 2.225165118221490990e-01
1.121921784140441358e-01 1.949441031190100593e-01
1.717334360626594225e-01 2.455967235340022203e-01
1.469809178512853365e-01 2.037111351044563479e-01
1.192890875098093773e-01 2.264520888506426910e-01
1.430614433077375125e-01 2.475469934207847889e-01
1.351528864881143543e-01 2.089375738604945520e-01
1.270015709400705017e-01 2.034748551408196715e-01
1.324647345928245956e-01 2.352061785175793285e-01
1.659045625065030671e-01 2.505848945144684703e-01
1.388188259013391213e-01 1.873864980276789827e-01
1.480849615605295544e-01 1.975731402405846160e-01
1.686007475741105044e-01 2.404601819140471386e-01
1.695722714944302711e-01 2.611560305478470290e-01
1.658919311588481493e-01 2.246093963892398515e-01
1.135236271940674724e-01 2.229921938811118831e-01
1.232342336534354710e-01 2.106821235969715267e-01
1.398664911971034264e-01 2.172588010360453348e-01
1.529094221493487171e-01 2.191305027348453838e-01
1.425888904277978764e-01 2.140337201809214829e-01
1.466352308174337926e-01 2.449890374347853395e-01
1.800366305833779046e-01 2.588435730334608387e-01
1.613050925198372954e-01 2.502336960391289278e-01
1.388276439746577162e-01 2.538489694159514198e-01
1.221270857586557734e-01 2.242293076066279589e-01
1.431543280767999249e-01 1.936462594512263491e-01
1.644354279171554578e-01 2.209252478393038954e-01
1.528770459119616065e-01 2.546891358076937006e-01
1.598616536155804402e-01 2.438868254989415008e-01
1.360818753125580538e-01 2.360735461456664463e-01
1.510446798036917948e-01 2.062649364254863504e-01
1.290768468036664895e-01 2.109050753738961614e-01
1.562975365205180323e-01 2.348126086285637071e-01
1.525335084866891178e-01 2.368049773415293602e-01
1.265628765691327040e-01 2.223582039517137954e-01
1.217942705553316934e-01 2.299140050902711840e-01
1.688835308002159807e-01 2.416389783517337853e-01
1.543407496306408722e-01 2.214778815346590823e-01
1.758631023962470841e-01 2.411545023098138063e-01
1.231869357452105573e-01 2.433439925863767062e-01
1.759409190335007311e-01 2.430045573396094061e-01
1.116755399862936482e-01 2.286853293561100509e-01
1.887859829738827988e-01 2.485617021069838062e-01
1.623062094558942459e-01 2.225836622748163240e-01
1.673386048518023805e-01 2.086981642007643689e-01
1.374544774317245643e-01 2.170942899013200977e-01
1.468416406665273288e-01 2.468144352975389366e-01
1.493680481096280044e-01 2.458542703306132449e-01
1.380618244345255263e-01 2.549952142783579179e-01
1.240967382276742248e-01 2.069776386273707303e-01
1.534060575449484876e-01 2.655179407738038067e-01
1.248168061339125640e-01 2.030782698831831712e-01
1.684330847933252495e-01 2.214036529444355639e-01
1.290707204744082626e-01 2.145065336933870137e-01
1.462365845503363349e-01 2.114996199030077795e-01
1.361589311834814908e-01 2.249895017443508116e-01
1.227246629375492865e-01 1.964144687476927498e-01
1.337927702565555876e-01 2.254268625465536968e-01
1.423357416502293027e-01 2.508693416144812671e-01
