2.819880844484659033e-01 3.410506033712736862e-01
2.530905521453529206e-01 3.113198308933411429e-01
2.302276961497566332e-01 2.891304091536247567e-01
2.754474402715355041e-01 3.150292026781319477e-01
2.336055294541876659e-01 3.119842532971553450e-01
2.475147943797167405e-01 2.851216854547048429e-01
2.797718720869790676e-01 3.619751015039991415e-01
1.912913731857422417e-01 2.987459620534779203e-01
2.325787003659353092e-01 3.695180208210988027e-01
2.453666869963024577e-01 3.053768327588409215e-01
2.654106830112959448e-01 3.058653336234872233e-01
2.275850398009217346e-01 3.333093371161440222e-01
3.331570882586405435e-01 3.809978619633289654e-01
2.879810954578579385e-01 3.773022240935650085e-01
2.177934518628821814e-01 2.982281023848769586e-01
2.647993418002573263e-01 3.036543822433554474e-01
2.931343664838940710e-01 3.570126651995842448e-01
2.714885130152954185e-01 3.191333736075322447e-01
2.008916005893770229e-01 2.292583094703872504e-01
2.305135308311150877e-01 2.953271161950823953e-01
2.572619720848889346e-01 3.346444210045003143e-01
2.452018428666554450e-01 3.203465703862520830e-01
2.029621860588498305e-01 2.676737660303099009e-01
2.212555065800065335e-01 3.922747740111149350e-01
2.798945838080657555e-01 3.253026783275485001e-01
3.049282938511865826e-01 3.691659214521545440e-01
2.123946076121349391e-01 3.010293074758164655e-01
2.170572864423780113e-01 2.914908343234279831e-01
2.315252279119164314e-01 3.198721511429135078e-01
2.703031748484615027e-01 3.136819550207241014e-01
2.401770209639198794e-01 3.514115356266045431e-01
3.042491911183102804e-01 3.391606682365221337e-01
2.085678001268858051e-01 3.419646164931369747e-01
3.033172033084186037e-01 3.282635751608812269e-01
2.464715145250333528e-01 3.700995554808566013e-01
2.212472303690966591e-01 3.258467518082909797e-01
2.120650737373823980e-01 3.497486226167302314e-01
3.105105471966264075e-01 3.476923547695705552e-01
2.225497338564053629e-01 3.371390176354279733e-01
2.514516154073511700e-01 3.557839796831583357e-01
2.506747170295481886e-01 3.277972974283693830e-01
1.944083531958008260e-01 2.824785850645692986e-01
2.266124608086594883e-01 2.935237971399301538e-01
2.608085036619213759e-01 3.551839035210289652e-01
2.335896647363016332e-01 2.866839154895627906e-01
2.753805172762200937e-01 3.130118835552151979e-01
2.798890646414582406e-01 2.982817460443816793e-01
2.992048708751047226e-01 3.199057929795792732e-01
2.397374223633021717e-01 2.948940652900549630e-01
2.684343535924718083e-01 3.107643785611580722e-01
2.343874277835791553e-01 3.117265827243563270e-01
3.151902293849878078e-01 3.286993653291718220e-01
2.152553371755028810e-01 2.816419197534091867e-01
2.752322575612282662e-01 3.647047073142570262e-01
3.169283354782088113e-01 3.502056030671205078e-01
2.438553774067006574e-01 3.199022452952577922e-01
2.764849111803924231e-01 3.253086396794894197e-01
2.117171536697242396e-01 3.550622565185106994e-01
2.478612285800043669e-01 3.130516655274465099e-01
2.601517764966447266e-01 3.185372241546501337e-01
2.713996328103007727e-01 3.210859728131671420e-01
2.871661744799152705e-01 3.480420612450841888e-01
2.576430250294440283e-01 3.206003084524596813e-01
2.423698594994811994e-01 3.129289124040910419e-01
