3.618075288892258490e-02 1.518990829090436367e-01
3.440699022403234664e-02 1.514514825983729329e-01
3.148632203144580144e-02 1.553637416229917689e-01
3.269680311158461999e-02 1.520312184608915151e-01
3.244721449264061086e-02 1.562717212435778824e-01
3.434805460525177517e-02 1.660415767198265558e-01
2.228225664920936711e-02 1.549404040879608924e-01
3.682626465809617222e-02 1.590640873077480977e-01
3.030955427839404637e-02 1.535072089588252198e-01
3.039639144201777832e-02 1.496170265339883954e-01
2.878296069267263085e-02 1.530824707347453462e-01
3.600778368785908373e-02 1.511144427951878477e-01
3.043139349789816817e-02 1.514938481049495078e-01
3.401807343217200241e-02 1.533022942201316408e-01
2.652927940173930785e-02 1.508261083183391749e-01
2.976942438595209239e-02 1.586147149309149185e-01
2.942631498666933854e-02 1.499258920160455588e-01
3.573630546591602397e-02 1.614379068850091414e-01
2.952911040327166337e-02 1.488231004136991442e-01
3.393036083682365867e-02 1.512394933427685662e-01
3.220944516685193826e-02 1.593294377945870810e-01
3.403668306886850625e-02 1.501507478151505315e-01
3.603481158338821960e-02 1.507734452142772408e-01
2.772396687914300412e-02 1.489121899773414581e-01
2.720269240031697108e-02 1.534058713201094382e-01
2.686390342501385198e-02 1.474296450747335507e-01
3.269715866972332241e-02 1.533802078699165183e-01
3.067863559307638932e-02 1.560325613183686511e-01
3.246300492520542286e-02 1.516904519737999335e-01
2.963389028830993102e-02 1.510826900398372641e-01
2.603489188667197293e-02 1.482737372338232829e-01
3.042054640656150291e-02 1.508751761204791819e-01
2.127605693943890666e-02 1.514425645516729591e-01
2.423444235837246552e-02 1.497905751626005255e-01
3.417480650516506457e-02 1.511213397136178527e-01
2.968487867443012421e-02 1.586093267965111575e-01
3.076139051194990565e-02 1.560208254917040405e-01
3.052755283507471717e-02 1.492680170661241090e-01
3.574347106145464581e-02 1.486526385438280973e-01
3.140733826250279026e-02 1.497829453670901922e-01
3.023342089081929029e-02 1.537475055898151477e-01
2.934660184220866733e-02 1.532629429170910829e-01
2.872785315492829006e-02 1.552050075715354638e-01
2.175661459230997241e-02 1.496123866106823519e-01
3.511429618916185602e-02 1.539016126603018897e-01
3.279444811716894503e-02 1.530940230075350239e-01
2.746824906014819212e-02 1.545952704148946533e-01
2.785809523993462711e-02 1.479714912665126003e-01
3.119117012754208523e-02 1.546301874466285420e-01
3.826039035765380764e-02 1.515750448600488021e-01
3.442348698598230589e-02 1.539659810754480662e-01
2.791643263060622493e-02 1.494723199491810040e-01
3.539207077227684434e-02 1.495059111408174046e-01
2.951614549610150073e-02 1.534766387836674351e-01
2.197974006623629184e-02 1.484482052503222349e-01
2.708273079758798108e-02 1.533656950451504353e-01
3.260314548040435523e-02 1.500084216647659119e-01
3.536255792476952764e-02 1.528181562970107044e-01
3.013786996656447198e-02 1.540127498505915737e-01
3.123683003737828812e-02 1.580499669229390447e-01
3.204547903611370402e-02 1.512985788270327647e-01
2.999158714673844095e-02 1.556822411727031286e-01
3.518423489510892621e-02 1.525077068321756268e-01
3.441340918077515076e-02 1.525812076208336865e-01
