2.772151338185814828e-01 3.316819878101405217e-01
1.972471253115501699e-01 3.053971094534706499e-01
2.128910438202333555e-01 3.168714029820376976e-01
2.399569181536620743e-01 3.168637567795937748e-01
2.957927090443106533e-01 3.525031605906899235e-01
3.122038694271694892e-01 4.024921920930416008e-01
2.769980640206821665e-01 3.167820956351234951e-01
2.848649406169894149e-01 3.187655575017903642e-01
2.720701559417205706e-01 3.622702821948750040e-01
3.026341979234337121e-01 3.385889914766962439e-01
2.810579193129690845e-01 3.131969648954355256e-01
3.114406425080680774e-01 3.660817457448543588e-01
3.020955814089259506e-01 3.643577184339405473e-01
2.007955198551853448e-01 3.000448625029588645e-01
2.032739147426703696e-01 2.865812695039551827e-01
3.103460101536287263e-01 3.847300303964854562e-01
3.019378872665632318e-01 3.252790950618462684e-01
2.640066532927225484e-01 3.685411694118885251e-01
2.742733698110724760e-01 3.361816942932750463e-01
2.921540294051001019e-01 3.653628208489623774e-01
2.134078772839582416e-01 3.727665261806618058e-01
3.341776755572014035e-01 3.495891454752366734e-01
2.940262401547115712e-01 3.522325992799247296e-01
2.467926332204860851e-01 3.157568152641218595e-01
2.408447676810361870e-01 3.152841498287444200e-01
3.103879896465357446e-01 3.237415801043407870e-01
2.629731170054752099e-01 3.355209661057209636e-01
2.298710775548708785e-01 3.027290849749091350e-01
2.994447391904857536e-01 3.528015703319423158e-01
2.231045438860430608e-01 2.740921734869625759e-01
2.859204528541997581e-01 3.699920589379829816e-01
2.918671682915362497e-01 3.685054454181743711e-01
2.470106818107814795e-01 3.440699123110530500e-01
2.820784104393322389e-01 3.570767451803497083e-01
2.873297471908272671e-01 3.301235849379741127e-01
3.406616192024816692e-01 3.836171934626803615e-01
2.821003253528923671e-01 3.227609856812863609e-01
2.914937624737700683e-01 3.276190198192542868e-01
3.244402703174248392e-01 3.799410493887453999e-01
2.871961790979862816e-01 3.373484758656200011e-01
2.710188739943265590e-01 3.516708176064877733e-01
2.768429587504600553e-01 3.821002535527887045e-01
3.100551812905767979e-01 3.564782950790270077e-01
2.824100981671663901e-01 3.224484214105017843e-01
2.988458240085107853e-01 3.547624804539674659e-01
2.238465946203763157e-01 3.497244583542186702e-01
3.240702113032498666e-01 3.948025134278592696e-01
3.069922499811516547e-01 3.523544912297387199e-01
3.030074773027420232e-01 3.577032417000447495e-01
2.253421005096120644e-01 3.704414169044891181e-01
3.106246468246822712e-01 3.473857037693892647e-01
2.416866975566853426e-01 3.504542242808369457e-01
2.725180330117135119e-01 3.098957748608627827e-01
3.875072103989000150e-01 4.014047597519623811e-01
3.010551027506693234e-01 3.318479203623797003e-01
2.070149161444752584e-01 2.963215329370218476e-01
2.522275649967537503e-01 3.415453392254131915e-01
2.669706079621949613e-01 3.634158333870512458e-01
3.374947898362907206e-01 3.674504745623732305e-01
3.033440966771966951e-01 3.836625890233585356e-01
3.486544671212641333e-01 3.758966878465969663e-01
3.155267591563381546e-01 4.018078512758607723e-01
2.423968841529527962e-01 3.565368986905786963e-01
2.855325631053376445e-01 3.383516810699681576e-01
