3.082984448313102477e-01 3.455106139596955672e-01
3.141637335242697948e-01 3.660568153880818798e-01
2.718067101897377325e-01 2.894419250335013016e-01
2.109177987548563338e-01 3.007309097781370455e-01
2.390450245278753216e-01 3.790443331051445153e-01
2.557203203145917980e-01 3.700996259114767151e-01
2.742726310314682614e-01 3.047432136956867432e-01
2.907972926014553705e-01 3.481809473903676455e-01
2.970852864449589070e-01 3.699906960424255153e-01
3.022049172256086602e-01 3.428414870382436863e-01
2.925111215257205632e-01 3.464893666568678587e-01
2.814728587785990666e-01 3.574035550165074460e-01
2.558054287875519694e-01 3.215426396371212636e-01
2.711557430524509371e-01 3.217032222805662478e-01
1.913655351941313809e-01 3.322970966534132264e-01
2.363225229954556417e-01 2.942770774050185167e-01
2.688476414051070851e-01 3.678959867040209053e-01
3.149065390567938327e-01 3.436807686002669726e-01
2.891111140560426729e-01 3.670635640343999362e-01
2.691070194602033783e-01 3.089459340099870999e-01
3.221672020030588168e-01 3.870906255842901933e-01
2.365504579643957217e-01 3.282379441119230301e-01
2.485875485117295114e-01 3.568619995004774781e-01
3.072718984540364628e-01 3.451801070077994416e-01
2.264460891164429279e-01 3.483318223062175645e-01
3.305847650870885057e-01 3.556489463831759013e-01
2.613845460382523411e-01 3.328973131948150810e-01
2.476934397498580798e-01 3.237464889672423962e-01
3.117004773302952669e-01 3.207040272755520283e-01
2.905189251298600506e-01 3.861492972988150307e-01
2.273307354905482469e-01 3.789142635217550570e-01
2.429865925412668937e-01 3.048485626742898358e-01
2.874548945650370335e-01 3.155982395702356391e-01
2.592373312369745664e-01 3.605278552492888200e-01
2.398794420693931562e-01 3.025493192737074843e-01
2.226776036075412690e-01 3.181616887527388138e-01
2.429694215145715708e-01 3.222400404098896276e-01
2.608799855757203967e-01 3.410450223789975310e-01
2.849893244574423501e-01 3.199312354899173649e-01
2.830232818391430483e-01 4.088183521459774483e-01
2.698457350552990741e-01 3.772852606319079816e-01
2.495423123171235102e-01 3.152091163796341133e-01
2.349881471906291597e-01 2.888584758615836967e-01
2.828447790417397689e-01 2.997415734383147012e-01
2.927359729562387658e-01 3.340205269769395691e-01
3.067892236331669076e-01 3.779733009872185967e-01
2.851791643760788197e-01 3.321419589110798931e-01
3.054432038202240518e-01 3.342151525801354550e-01
3.345144358823709529e-01 3.731964355759894714e-01
2.876374141801631978e-01 3.143055210852988002e-01
1.918421472148098550e-01 3.053651955274050978e-01
2.892714166077087201e-01 3.812381255633859878e-01
2.675475243851001550e-01 3.086364590481802672e-01
3.279092444711054766e-01 3.751499537146102958e-01
2.741723204378704315e-01 3.605433182402953407e-01
3.423588216151029484e-01 3.830199310855874062e-01
2.210252111190547097e-01 3.165592937691995568e-01
3.204298719842032517e-01 4.110354024936722639e-01
2.657433368249398353e-01 3.814025584965304860e-01
3.290764420211894636e-01 3.688277520083482197e-01
3.201628273047811835e-01 3.600706478253781762e-01
2.354100430208793115e-01 3.116085598589911632e-01
2.548724743359079836e-01 3.306431138405488968e-01
2.023112917611472605e-01 3.157048036639555910e-01
