3.392727911632308913e-01 4.068511806477768666e-01
4.034751215912134592e-01 4.348193366563615214e-01
4.295056207010629068e-01 4.700876170817641642e-01
3.960733346174976077e-01 5.228321813101212134e-01
3.263797353929948630e-01 3.933023581426853266e-01
4.055514742239856307e-01 4.586568120266200088e-01
3.791075718469243405e-01 4.359145445073809300e-01
4.430776782488972110e-01 4.742013338776929765e-01
3.558492199859741856e-01 4.897995171070482212e-01
3.898737942879876850e-01 4.194547474407741561e-01
4.237933630830688636e-01 4.759702301180969708e-01
3.954192286701845860e-01 4.369571276704867224e-01
4.136822758903466180e-01 4.748112571156270501e-01
3.016132536713336809e-01 4.579174186198350927e-01
3.049050538842805191e-01 4.067243057738518242e-01
3.737074931154091839e-01 4.313032441048114674e-01
4.806051205766553314e-01 5.096701351398519320e-01
4.150340862957853649e-01 4.441122433897566335e-01
2.795244666530512512e-01 4.104672340740226355e-01
2.983115046029715667e-01 4.712586878579345107e-01
3.885572166319457565e-01 4.624930527970984029e-01
3.727317199659135882e-01 4.482655736752889641e-01
3.951615313305223975e-01 4.402314002290372286e-01
3.311282797822712176e-01 4.221852439461983852e-01
3.800247364521428528e-01 3.927085483685061607e-01
3.088128967436477579e-01 3.411577028019867619e-01
3.381759474249684816e-01 4.183124238378450599e-01
3.555775604647771204e-01 4.031997116105706658e-01
4.664388477373417885e-01 5.105509576272203587e-01
3.597128739950435916e-01 4.053891732055512342e-01
3.539220738743868444e-01 4.423864774827439006e-01
4.562953445298328914e-01 4.707745466098738896e-01
3.187353481827063795e-01 3.956115000282318661e-01
4.756787432749587374e-01 4.960765588653489044e-01
3.519005282213092944e-01 3.857469082617060452e-01
3.542087998382471015e-01 3.796721009531871527e-01
3.023531933669855731e-01 4.280840117092936659e-01
4.060946104606616425e-01 4.163919709073603537e-01
3.785741613387210158e-01 3.899643857181306905e-01
3.262645783566622271e-01 4.446987563789898679e-01
3.787614838904201364e-01 4.160932740468020752e-01
3.974186330387775579e-01 4.620146855474957515e-01
3.542071315525159303e-01 4.516253993612513451e-01
4.027671483451095158e-01 4.297258667143487587e-01
3.611542633115825129e-01 4.461510588939929245e-01
3.199609829699877617e-01 4.311869255564415027e-01
4.230529505964160109e-01 4.748048543675169042e-01
3.442968545396377089e-01 4.097752918003227940e-01
3.495174236400159784e-01 4.069859376016728425e-01
3.383579556946089695e-01 3.875341769504829781e-01
4.139873816423151331e-01 4.212953695470134097e-01
3.645791260416029744e-01 4.656971656751126010e-01
4.037513715408482806e-01 4.840848544817649701e-01
4.121932914607465692e-01 4.848714611719145418e-01
3.396415281629278082e-01 4.932052982135303743e-01
4.321100013124585804e-01 4.446309237360618893e-01
4.213069220906075496e-01 4.663713567448168895e-01
3.475316703046729128e-01 4.146973663524085030e-01
3.173164616591730436e-01 4.429061852923703024e-01
3.650986896467781628e-01 5.226880340949845438e-01
3.622680514568432653e-01 3.791987434042348726e-01
3.820032824051174947e-01 4.275511928174627885e-01
3.700320655565739192e-01 3.968125278316097515e-01
3.207724966554492130e-01 3.727374244616686316e-01
