2.889330929456922492e-01 3.316023083910481506e-01
2.436970037581433768e-01 2.990038259152123512e-01
2.536723578726590156e-01 3.213826855105095248e-01
2.468226931670819135e-01 3.015580371194572784e-01
2.459465418606071319e-01 3.223530998483876697e-01
2.487758272487442801e-01 3.349395981795702526e-01
2.758223385337528200e-01 3.192976079304213344e-01
2.022278061837215479e-01 3.498964602398037527e-01
2.590997985842647955e-01 3.123644072225536528e-01
2.198210016327197813e-01 3.294830058740133572e-01
2.857399171994242648e-01 4.040181342901091321e-01
2.558719452600295985e-01 3.851580689703794635e-01
2.435720494132640468e-01 3.764444408241900963e-01
3.301262286130653978e-01 4.063050218785022039e-01
2.618236702870728738e-01 2.954930814927038685e-01
2.553747352849667918e-01 3.545862926518403846e-01
2.852279386726958577e-01 3.869793383033200418e-01
2.689872861876660970e-01 3.043314137742961778e-01
2.657887793367887386e-01 3.378089285032250255e-01
2.828862726750769330e-01 3.309908393571606711e-01
3.093102292700462552e-01 3.529617632343162725e-01
2.587992665548891069e-01 2.976944979293837390e-01
3.448254873056465497e-01 3.777253160928678022e-01
3.056786417732841876e-01 3.425598115069394822e-01
2.778224104723373000e-01 3.368996467333287836e-01
3.211565007626349111e-01 3.444666878933294041e-01
2.091889178106091651e-01 3.262036895622403843e-01
2.787725037012213636e-01 3.046195195881259976e-01
2.874847329798776441e-01 3.449961806110781737e-01
2.281045854394962158e-01 3.679521936442180507e-01
2.611267317702630208e-01 3.645050240923867757e-01
3.142332469137243400e-01 3.772871880549593659e-01
3.559911742335705731e-01 3.794189545810454089e-01
2.744846899546361518e-01 3.461199439080610007e-01
3.286756664092285729e-01 3.508044292079894322e-01
2.760318015917778700e-01 3.126016801985384563e-01
2.429793738285968563e-01 3.307437608487057146e-01
2.535172164352363922e-01 2.985436520241800951e-01
2.114024946945771699e-01 2.653083303280044936e-01
3.208922681257360687e-01 3.615661346948335630e-01
3.200763592109995281e-01 3.388091185187681598e-01
2.899110684243006997e-01 3.836250779959891055e-01
2.548889084389418525e-01 3.075897436003829921e-01
2.824057882472940095e-01 3.236641805294031005e-01
2.575666480210571652e-01 3.067402755814146453e-01
2.231387401450866670e-01 3.571146373070903102e-01
3.097302916163491848e-01 3.564928341305347304e-01
2.479073270068548052e-01 3.484738086613314856e-01
2.686288971194511488e-01 3.217725323073584720e-01
2.708402353295189524e-01 3.623056385642167143e-01
2.812983634264759614e-01 3.685769725844856293e-01
2.934356851724628235e-01 3.450719137034267137e-01
2.264826322564075511e-01 3.346446850447684640e-01
3.160764090064908660e-01 3.463865009952323826e-01
1.942556508989308484e-01 2.946486169568591773e-01
2.623082906698774863e-01 3.250248851106677384e-01
3.144790373675098172e-01 3.651563589600358428e-01
2.949159611667814263e-01 3.503270494529714396e-01
2.318503493988292308e-01 3.371958316535922373e-01
2.613692010732470150e-01 3.865049815022714719e-01
2.391581997327670295e-01 2.951844350838928599e-01
1.933863097089052185e-01 3.434586087302911594e-01
2.442247945790365915e-01 3.056527454777178687e-01
2.996353659043790030e-01 3.118172073468934435e-01
