2.993639736384358652e-01 3.495459301700322707e-01
2.630771983088224797e-01 3.547161047057051375e-01
2.889350408418365768e-01 3.175439269303542145e-01
2.703741555549891151e-01 3.727102796791666450e-01
2.487846397033522394e-01 3.155868780700746834e-01
3.231865053065354210e-01 3.673836133519332026e-01
3.114692950642288238e-01 3.470659921877821130e-01
2.735294383787799100e-01 3.206601078272828254e-01
3.055158944098166907e-01 3.505787722795932759e-01
3.114813459658756778e-01 3.665788047401685734e-01
3.109185810704601094e-01 3.823336879828213575e-01
3.321225547478084406e-01 3.724368169457378253e-01
2.479409128798154560e-01 3.351991441772539937e-01
2.949625543473849421e-01 3.924071599384809095e-01
2.557185305225485594e-01 3.419794968666053370e-01
3.062546065957731378e-01 3.317601158190377486e-01
1.964396791543839838e-01 3.015949599398695669e-01
2.291865475404351038e-01 3.122552183885158317e-01
3.708933634783326827e-01 4.036991918792469658e-01
2.573552326372048893e-01 2.875991918645173229e-01
3.114100107716875065e-01 3.454977587896662095e-01
3.270276796399703145e-01 3.617199990349212468e-01
2.798815772770072430e-01 3.846491773069241615e-01
2.496710398616819315e-01 3.479663632870415024e-01
2.463200833682507584e-01 3.199380000149821823e-01
3.031432100320457512e-01 3.554158428694930150e-01
2.917945519983877189e-01 3.683419520704599437e-01
2.496302071651540777e-01 3.260031931400109717e-01
2.480307630691920562e-01 2.740733979298166090e-01
2.569233040533074330e-01 3.064043832310362481e-01
2.154410105523948404e-01 3.073373973758679600e-01
3.350201053508552462e-01 3.860928660230446563e-01
3.018665622106239121e-01 3.497035968446319809e-01
2.785638822553919147e-01 3.130472922452455786e-01
2.863934411924825563e-01 3.631568710445152171e-01
2.728703895346036856e-01 3.686649103456423604e-01
2.992265159847060096e-01 3.579640087476647081e-01
2.808011586024358186e-01 3.436806802259630977e-01
2.058114303832296876e-01 3.218063078756349671e-01
2.162194773672743708e-01 3.153494678661570849e-01
2.190877787562466039e-01 2.983079221306954021e-01
2.540487269049306884e-01 3.220177048418033650e-01
2.741261063761288308e-01 3.318301851145648018e-01
2.575084294342193658e-01 2.823602155693721305e-01
2.653560408125382186e-01 3.077845379313238205e-01
2.472458122505665212e-01 3.503772115489453554e-01
2.772361561809936759e-01 3.590680727095979519e-01
2.726575210894361945e-01 3.454139087073497261e-01
2.609082899357618168e-01 3.649381421740152676e-01
3.069283952718235842e-01 3.570242269794215995e-01
2.863936988207492762e-01 3.517300368742295458e-01
3.077914577632346882e-01 3.455043984916100208e-01
2.354633853988867265e-01 3.384142678967950735e-01
3.083561892519172121e-01 3.274480335884009663e-01
2.892028414337062814e-01 4.052020275686075146e-01
2.511177497052722307e-01 2.993334703390994611e-01
2.728058533444727152e-01 3.896347270228948667e-01
2.171004186483478926e-01 3.411827889670115410e-01
2.738687796218421400e-01 3.476581194868824665e-01
2.293442521409140844e-01 3.365743860565561518e-01
2.764842720348921201e-01 3.459462952397083790e-01
2.279869202645850856e-01 3.343426873898459606e-01
3.176159757801491068e-01 3.455178380695023144e-01
2.097783992929251606e-01 3.496070813944764377e-01
