2.474420463568309247e-01 3.336935957619845960e-01
3.038402976313039905e-01 3.495808612091328982e-01
2.902185329071994557e-01 3.241236758847958477e-01
2.858270312469127772e-01 3.293327716750954481e-01
2.794804560582415109e-01 3.267954665306462836e-01
2.571794884529552405e-01 2.792524688461703875e-01
3.490946986981554034e-01 3.624644185534823260e-01
2.394940856175429844e-01 3.299529725150728843e-01
2.034207424712843881e-01 3.164464146158809665e-01
3.044206988326441099e-01 3.724219195295572771e-01
2.446317114623174638e-01 3.409374727207331035e-01
2.128491334086272946e-01 3.308095309232588765e-01
2.653521275666834711e-01 3.411953854561804445e-01
2.805499004148773734e-01 3.549331281756608614e-01
2.804805589636657492e-01 3.256277930166155410e-01
3.235509405389021542e-01 3.663719775718961014e-01
2.934034456390247625e-01 3.565114888517971758e-01
2.753999948937919107e-01 3.394921138270559635e-01
2.138956763661351568e-01 3.048265942723137889e-01
2.862030993979282067e-01 3.419614741032263039e-01
2.428268281280110963e-01 3.350557085637280719e-01
3.534097312286558767e-01 3.940482388466383656e-01
3.388068235321593513e-01 3.744813523932879473e-01
2.914341447365121907e-01 3.693058241545579823e-01
2.893949637285205823e-01 3.181303296188685570e-01
3.209465342488669881e-01 3.522069575620036530e-01
3.303957013687531807e-01 3.887690963053562210e-01
2.811463381416290930e-01 3.320771702053841867e-01
2.138346717963104937e-01 3.516510112548749123e-01
2.940836831342569235e-01 3.921488590824303011e-01
1.861014716218636622e-01 3.543528788534127116e-01
2.577584893603955818e-01 2.897211796946024820e-01
3.612970658840840010e-01 3.809887993863459443e-01
2.151669546222114704e-01 3.367841225819015460e-01
3.067693622757624583e-01 3.772405570431754951e-01
2.944135620248936602e-01 3.503382358541289321e-01
2.335680678793418952e-01 2.891125617834548467e-01
2.516278022537986048e-01 3.263363670113289539e-01
2.760179734424603737e-01 2.853627691310516856e-01
3.176498605456065660e-01 3.333761320443836551e-01
2.746308568535220651e-01 3.251530052842947494e-01
2.662701891464908099e-01 3.141956358878308930e-01
2.758233221877664509e-01 3.078367802975582879e-01
3.097741684411355889e-01 3.661777571174353874e-01
2.406321587422261543e-01 3.651353539457061204e-01
3.593855571179679909e-01 4.087831140952987719e-01
3.100167691627553901e-01 3.226828196643181657e-01
3.261135927989707306e-01 4.284575028509740036e-01
2.321455587423222333e-01 3.298101007423501208e-01
2.736091577668092745e-01 3.815978308475485026e-01
2.710431076467446077e-01 3.300861386974631162e-01
2.953982515024503042e-01 3.301927301927916614e-01
3.368447444585029871e-01 3.758833772465371426e-01
2.255979175079159682e-01 3.366128460074628292e-01
2.581783039075182806e-01 3.289657995909912036e-01
3.621214857153602362e-01 3.866691977106955780e-01
3.735289610166234731e-01 4.425261051424452807e-01
3.185154567916014812e-01 3.811409297977239596e-01
2.544938987820815068e-01 3.054133163793188444e-01
2.620786943294471927e-01 3.370881952675727211e-01
3.174644262572141051e-01 3.529675574526465742e-01
2.241018469346045816e-01 3.181238531087607901e-01
2.755401128029522084e-01 3.435915598921847058e-01
3.102101933239028164e-01 3.672474055759551992e-01
