5.248507430550481967e-01 5.406870030986948850e-01
5.606521958177121956e-01 5.819917465530574097e-01
5.959804011384272071e-01 6.332119137367928641e-01
4.997252462377885784e-01 6.305464341955511198e-01
5.434218029162435348e-01 5.614383335751961246e-01
5.927459512193973268e-01 6.259724340020353939e-01
5.037088986308555505e-01 5.919184517119170374e-01
5.487112006387026009e-01 6.002725401113904180e-01
5.016939984298001143e-01 6.315887409612647163e-01
4.789756698519972433e-01 5.605720830455753756e-01
5.350850931860322568e-01 5.900488772963145001e-01
5.182223440462735420e-01 5.528451035981546413e-01
4.823890162373647428e-01 5.530539455859052600e-01
5.924606902042688361e-01 6.018193077503712907e-01
5.412531481066052974e-01 5.880186980106157923e-01
4.929112535801125627e-01 5.488071459558256926e-01
5.241553576053558094e-01 5.603446593300860368e-01
5.696380931565437900e-01 5.912808153140628464e-01
4.778331566037463674e-01 6.328059398454251028e-01
6.505651196113039214e-01 6.945064915552263685e-01
5.286513084793476036e-01 5.787702157227666566e-01
5.400504230852376519e-01 6.128281436759822620e-01
5.413532907876071887e-01 5.676460589793865807e-01
5.862184825670363475e-01 5.969129755115260005e-01
5.453010076125491823e-01 5.708015940975799118e-01
4.992034309168894568e-01 5.491548481944071858e-01
5.663636209577146419e-01 6.180480320586384524e-01
5.395499617058509001e-01 5.550533802623167645e-01
4.885025001604691997e-01 5.477391803740307985e-01
6.058217351587947830e-01 6.175539116675503593e-01
5.390413289818067888e-01 5.482556482984793922e-01
5.024695727217743935e-01 5.321870165778410655e-01
5.139024450754858808e-01 5.483702491861074391e-01
4.230441881828541084e-01 5.550371233596150811e-01
5.141376514917067597e-01 5.635688561183381795e-01
5.444880780148650956e-01 5.902372277681466883e-01
4.787252631386438306e-01 5.066819306115046828e-01
5.926420876062862275e-01 6.663605397425198529e-01
5.323748276361159881e-01 5.643524811089625226e-01
4.916185996468933617e-01 5.626425241336172611e-01
5.037789156262192369e-01 5.077218488958650244e-01
5.192844705776747949e-01 6.084519548705242808e-01
5.047494744772734743e-01 6.404216336507894125e-01
5.963974543622579949e-01 6.207865825047046426e-01
6.343237673543182797e-01 6.635648337253398088e-01
5.126735636162120802e-01 6.498953946764701728e-01
4.603253844644784043e-01 5.910046795931851449e-01
6.322501160689882882e-01 6.727351735256530407e-01
5.474249933625174869e-01 5.689749521337018612e-01
5.999090704969713972e-01 6.273835162491429029e-01
5.210995242469154132e-01 5.721974039277814006e-01
6.630291376245895929e-01 6.808899602089717451e-01
5.059855517904239264e-01 5.578376613388609240e-01
6.115629485306781632e-01 6.197099266050770661e-01
5.408651251733348486e-01 5.583761934408566496e-01
5.242477967619141310e-01 6.102458897519326131e-01
5.440871603575192506e-01 5.810179789243706816e-01
5.554405052302102686e-01 6.882342273297878954e-01
5.399891646440025950e-01 5.536256891013359160e-01
5.823188337622864363e-01 5.860073433717745139e-01
4.474109466097128118e-01 4.553174382649934349e-01
5.059630723359253013e-01 6.102231239700911525e-01
6.579976395494732122e-01 6.889605235980919007e-01
4.746511483813274368e-01 4.867725318979524429e-01
