4.456694177027640258e-01 5.030110720320665196e-01
4.505345687886103678e-01 5.142080606661397768e-01
4.163708444027496292e-01 4.196478758995239033e-01
4.246279196750391005e-01 5.281610458866179414e-01
4.474161645319906788e-01 4.791767009292219326e-01
5.551788812001401396e-01 5.721454625234291269e-01
3.660586515510964034e-01 5.060620440153080768e-01
4.367841679922326303e-01 4.685257615153637367e-01
5.372631973846921927e-01 5.584576276002682915e-01
4.092472535119103805e-01 4.949177498503546380e-01
4.627777806317036613e-01 4.661411099862617369e-01
3.894603982671362985e-01 4.030515255382828843e-01
4.900913928271433129e-01 4.957453418500913922e-01
4.657396311320943783e-01 5.715340898468956876e-01
3.877749125143425957e-01 5.391412395318835316e-01
3.891854264199325897e-01 5.178960607810001449e-01
4.536369714483989291e-01 4.549921304740027206e-01
4.449533693367928033e-01 5.497906265690594152e-01
3.398941720871795358e-01 4.406896566548304528e-01
4.323357801217784235e-01 5.035777103111191977e-01
4.487030946416377120e-01 5.502469221111515596e-01
3.670109659491404552e-01 4.493950936309231703e-01
4.378214000111401161e-01 4.938702500494313030e-01
4.430250507178834507e-01 5.286080541514319719e-01
5.433190896271670178e-01 5.790189631507597356e-01
4.653594949246724344e-01 4.830517637436975154e-01
4.582431686433519613e-01 5.319446907873577324e-01
5.299969154595123300e-01 5.403318271754403712e-01
4.088741364091204034e-01 5.155083498624479788e-01
5.301590896288709276e-01 5.546846958100599689e-01
4.581865512768918958e-01 4.852559569830645625e-01
3.791304356616750915e-01 4.559575730451430053e-01
4.609660383677456341e-01 5.150694129859828552e-01
5.277184001073960129e-01 5.440885876610533911e-01
4.742673593988593894e-01 5.552870847034916402e-01
4.790316560913324695e-01 5.141503398193636443e-01
3.809656198057347343e-01 4.449735191050248617e-01
3.182489383571088237e-01 4.684856904473914674e-01
4.342193087046753441e-01 5.117950937649766718e-01
4.411051367656309563e-01 5.370374374657085337e-01
4.939667443377421807e-01 5.556738468311614998e-01
4.595039019090490506e-01 5.029734217314091316e-01
3.548746693578837541e-01 4.520684708264608997e-01
4.713229151538296247e-01 5.299212268328987729e-01
4.176468564563848851e-01 4.998608746130709934e-01
5.061410087035939087e-01 5.272168377512814752e-01
4.968066493614733958e-01 5.020564768121588139e-01
4.017661903454359251e-01 4.603525702539313924e-01
4.961940156363114918e-01 5.640800059830476387e-01
4.729594476525222912e-01 5.176181057488934423e-01
3.785787748836462185e-01 4.785254316603704261e-01
5.071319435610204263e-01 5.611635590208183810e-01
4.636968358863783890e-01 5.070857257978854671e-01
4.293446297200276263e-01 5.440027210847688810e-01
4.290520681569466310e-01 4.905997635010092006e-01
4.767599544694139380e-01 5.214187599925917960e-01
4.883109113902856513e-01 5.368521727163946267e-01
4.674214585504646857e-01 4.915594221625312343e-01
4.360737920095236198e-01 4.668846269206547994e-01
3.958388354459837499e-01 5.334761232209499493e-01
4.394887301145665170e-01 5.173834275838850028e-01
4.979296963241736651e-01 5.073976329207631197e-01
4.881515117513061108e-01 5.637626574478944441e-01
4.412189182576294888e-01 4.751113168069389103e-01
