4.871825361549334543e-01 5.102847200915407999e-01
5.637912319489818413e-01 6.051094264204113227e-01
5.048133822529984327e-01 5.691320262703647437e-01
4.134658933606331077e-01 4.562254655941457293e-01
5.262792501201097872e-01 5.837140860711145240e-01
4.775734483828709687e-01 5.437772744485220855e-01
5.241446167900555286e-01 5.560754067037947390e-01
5.458940887475561832e-01 5.794990457569864084e-01
5.674274260973440898e-01 5.863330394375534382e-01
4.598294343836795695e-01 5.284160501136705435e-01
4.992674318001456002e-01 6.584700570493594585e-01
6.055869707084523546e-01 6.169122394657279296e-01
4.574235495178868849e-01 5.943144620762440544e-01
4.936925203158700759e-01 5.366316397699337770e-01
5.235538452158438050e-01 6.304706800213177864e-01
5.920370002479674598e-01 6.061605456648633261e-01
5.808696223124487634e-01 6.230080334162324540e-01
4.607595853037537159e-01 4.861082022115028600e-01
4.511181883251804692e-01 5.851122979194384177e-01
4.992581916018821175e-01 5.969525129057032808e-01
4.959977844466574859e-01 5.790817507187018265e-01
6.137445027780460416e-01 6.363144754297137551e-01
5.585142915418819243e-01 6.374507851312044560e-01
4.326125359575537788e-01 5.313598773668750663e-01
6.093681869818297070e-01 6.186742748685842841e-01
4.824462379850186222e-01 5.883165494002129403e-01
4.977787669094533851e-01 5.783149740457408372e-01
4.608084057065961470e-01 5.682704821988668886e-01
4.859882664482673142e-01 5.143590319368993580e-01
5.807444499191354303e-01 6.449778968857622363e-01
5.314698992595067173e-01 5.752363310747717895e-01
5.428642889135772975e-01 6.060749728934211600e-01
4.301217149973295406e-01 5.810982428508985054e-01
5.318543999245608500e-01 5.348533320604171859e-01
5.571662149663639818e-01 5.811180915735298935e-01
5.043838980612778133e-01 5.768024887025903213e-01
5.793915217008193119e-01 6.147714370053086741e-01
4.826201685258084684e-01 5.963435467887030494e-01
5.394636069713041326e-01 5.836139627838864419e-01
4.795467654966221183e-01 5.494880017628059887e-01
4.932463674563301037e-01 5.641527072346653737e-01
5.266157155860263783e-01 5.744212271602475717e-01
5.382272318262852906e-01 5.643572735356815473e-01
5.678076067129285143e-01 6.390917783084905102e-01
6.547208185930569746e-01 6.927145400094283367e-01
4.677456079554989099e-01 5.232417909601639883e-01
5.948627343856709437e-01 6.139641547202361327e-01
5.111565314104875579e-01 5.393614643894433236e-01
4.223984749908828995e-01 5.702721515816907560e-01
4.345042774773725247e-01 4.919797841615712319e-01
4.529497643579172284e-01 5.957310662482551145e-01
5.231753125544186256e-01 5.561947731924532512e-01
5.211888553629246967e-01 6.226107889273276852e-01
5.773385977145408798e-01 6.448986557745199910e-01
4.623142072128298419e-01 5.637456064587176296e-01
4.803391300691074450e-01 5.608514295443255415e-01
4.061477760829427797e-01 4.644521805640635104e-01
6.222829547492987334e-01 6.427875854239535336e-01
4.263815312162382298e-01 5.751660486737016909e-01
5.568573764787395630e-01 5.652805273015945042e-01
5.716317605542948765e-01 6.821743142769942647e-01
4.521534685719075242e-01 6.633645686587322787e-01
4.868529605842351060e-01 5.515082881097465028e-01
4.016122637053450850e-01 4.693096997442525731e-01
