5.966109041744861452e-01 6.726015878217150856e-01
4.912307836646980785e-01 5.112481738285884481e-01
5.176283643623956765e-01 5.519389227566379175e-01
5.702546828834749171e-01 5.818846144541935939e-01
5.337291751188182332e-01 5.344687241062580085e-01
5.871734823752833288e-01 6.483653676892713325e-01
5.572529707424375145e-01 5.839557305033422629e-01
5.218372630798917555e-01 5.358011320468573091e-01
4.544359096710550716e-01 6.028166939812761305e-01
5.949384170644913539e-01 6.586331980597912583e-01
6.127018865537963155e-01 6.852535363846831151e-01
5.960468932488796057e-01 6.489771578373996208e-01
5.674593745984646276e-01 6.016077570359372739e-01
6.429242524888175714e-01 6.447732439062598964e-01
5.004511630503533093e-01 6.379087472248060608e-01
4.571448988996127394e-01 5.227783567902295481e-01
5.502698172663001985e-01 6.160171131589875504e-01
5.460425507239412557e-01 5.895527621705035637e-01
5.775437480517209288e-01 6.637035726228868171e-01
3.543045488805375287e-01 5.055641137854944844e-01
6.544553372300013772e-01 6.662837190783732488e-01
5.011801340828369034e-01 6.001838228862285129e-01
6.183808146487151935e-01 6.264078319368175940e-01
4.784470988868695929e-01 5.031864602280223808e-01
5.891305660520826937e-01 6.090765367577465339e-01
4.840344593300127674e-01 5.175312788812440612e-01
5.492139003243787787e-01 5.623310815130632134e-01
5.578129141162397886e-01 6.089295290853780074e-01
5.057787329768470563e-01 6.286463470171935741e-01
6.029567473192549709e-01 6.420091583271221314e-01
5.293758161646966443e-01 5.819738851419642423e-01
5.934460156927527930e-01 6.590081081214771430e-01
5.877373787820393547e-01 6.361564400781019035e-01
6.051433072527314661e-01 6.297269473176969612e-01
5.523135932706549900e-01 5.804810626723730937e-01
5.278961742720207351e-01 5.976533591334531881e-01
4.743693467443265144e-01 5.673454553320254057e-01
4.708059304209262219e-01 6.100928967561134453e-01
5.859392842440104276e-01 5.935832035423215247e-01
5.465121086944004780e-01 5.580037966388370352e-01
5.377930828121609830e-01 5.716049258633317809e-01
4.992029151991220770e-01 5.349499634800001235e-01
5.168636987926505943e-01 5.596354495144665320e-01
4.561768729536062050e-01 4.673851679176314056e-01
6.522829338814928324e-01 6.585808351340481925e-01
5.403176370044435739e-01 5.443778633790510302e-01
5.104297832993330841e-01 5.952429565257959521e-01
4.973457413242946545e-01 6.105147168879768715e-01
4.074976693111080905e-01 5.957420990880668565e-01
5.067050118831383232e-01 6.044773730343137030e-01
4.973294470072282536e-01 5.546160161759873253e-01
5.603391250706899473e-01 5.957582733927786478e-01
4.527001114177962027e-01 5.686742229703747320e-01
4.431395501241248702e-01 5.901820241060583561e-01
3.986666842936579247e-01 5.264498288575897300e-01
4.990906446408806540e-01 5.347014098989593123e-01
6.356466198885810659e-01 7.012834230956026538e-01
5.060810095293106770e-01 6.224887033630486233e-01
4.485491392718748971e-01 6.088495866482369623e-01
5.465901059564206577e-01 6.115907197396960315e-01
4.432691723222784708e-01 5.792415086717737083e-01
5.233793908619386315e-01 5.803424438453619327e-01
5.525524634485111664e-01 6.437988108019988553e-01
4.401085038725707221e-01 6.025278403196856480e-01
