2.209630325279237639e-01
3.289163006169104064e-01
2.519062708708808551e-01
2.733173012689523174e-01
2.890636096732322469e-01
2.339168224317186573e-01
2.668029052610358387e-01
3.035455616639707310e-01
2.549808778576400647e-01
2.621015698830591045e-01
2.481949949442337489e-01
2.744934159301927190e-01
2.489647704652670213e-01
2.492051444843768615e-01
2.931183947473305906e-01
3.454093284629971561e-01
2.257586170183793484e-01
2.352860728847885330e-01
3.080133197532710643e-01
1.733515594929679049e-01
2.817369765438022533e-01
2.895973906153753163e-01
2.468049401272655319e-01
2.026762372007073765e-01
2.410919877933270783e-01
3.032320140453774737e-01
2.037645820239623040e-01
2.390258736758193170e-01
3.181556353369009438e-01
2.993190588951363251e-01
2.876035513218245798e-01
2.710808205154195405e-01
3.065063241428078733e-01
3.238584243793643513e-01
2.701045712402071475e-01
2.562209245957894344e-01
2.905825732379030413e-01
2.334321513058304487e-01
2.138890991687791843e-01
3.100323386350436472e-01
2.442086585816574118e-01
3.205706188981006233e-01
2.834670059711175139e-01
2.915356650436071173e-01
2.289719747295063668e-01
2.065921102122069142e-01
2.876099658995789898e-01
2.246919229981547139e-01
3.104069383802774418e-01
2.830184590428315716e-01
2.969859553214923009e-01
2.480425496647786776e-01
2.108309478870438181e-01
2.283141791574382906e-01
2.656002212579487431e-01
2.879368521047730445e-01
2.383785193359388710e-01
2.657447001435697120e-01
2.474672184306554168e-01
2.231331343859261351e-01
2.816941798978330191e-01
3.664935460810818113e-01
2.960748993060219880e-01
2.451192652024602181e-01
3.024678582448371289e-01
2.346379792875478709e-01
2.812760517835247165e-01
2.558946191117885682e-01
2.964859682190554291e-01
2.519070016785315835e-01
2.799094490459383966e-01
3.028059356514599121e-01
3.289552007976812575e-01
2.406731483507918434e-01
2.739226439627263088e-01
3.271550509825287278e-01
3.165161359765991111e-01
2.991328552904808369e-01
2.699035782991440202e-01
3.139351625881766084e-01
3.160976471426247270e-01
3.188730739467789399e-01
2.311477041015519707e-01
1.793332666547547971e-01
3.749907104246846812e-01
2.877291762916764362e-01
3.305144366439000669e-01
2.885597701900698975e-01
2.945911816606311961e-01
2.976578356795142044e-01
2.645742316894975077e-01
2.145513295090792638e-01
3.029663039542680458e-01
2.900928473116352047e-01
2.792188734437499043e-01
2.866102224467476645e-01
1.941331350543971657e-01
2.677584972660558837e-01
2.897303129313622549e-01
2.458566602237753362e-01
2.104227181971773664e-01
2.174672708291021384e-01
2.450943358095474811e-01
3.077077153648525853e-01
3.280984796363464739e-01
2.814489799337112075e-01
3.332396066596236550e-01
3.269513889843576049e-01
2.555171228408716355e-01
2.374729156707220401e-01
1.351414634344855203e-01
2.025504029576034315e-01
2.666737434103420012e-01
2.622758772790166892e-01
2.396673979854872516e-01
2.853545098929062274e-01
2.335154579910688200e-01
2.472228663497086643e-01
3.197614292393624602e-01
2.109507247889662040e-01
3.077258317213793504e-01
2.383368411661128672e-01
3.522540457872953001e-01
2.674995374364416700e-01
2.800666838366002720e-01
3.063789337941632551e-01
3.007252172182627858e-01
2.930618967126547014e-01
2.250643998828092962e-01
2.618106748711231946e-01
2.642162251131675577e-01
3.356136279872176109e-01
2.808185909733429964e-01
3.018309404226108827e-01
2.451277800946712049e-01
2.736695042891186258e-01
2.435281611895477871e-01
3.192248358994882462e-01
2.884592733148763077e-01
2.947900121821378505e-01
2.836975829341770172e-01
2.631126359825688432e-01
2.707546666549667247e-01
2.822875231458195078e-01
2.995430573682488218e-01
2.602043359264892830e-01
2.636812278879255289e-01
2.307398662399904321e-01
3.159355491134470117e-01
2.608174356981545206e-01
2.687376926091263885e-01
2.355559496081266468e-01
2.959928321823010466e-01
2.566771138287707310e-01
2.767517268987064738e-01
2.442475578895159094e-01
2.560351992840367852e-01
3.147828040286845264e-01
2.524375217486334866e-01
2.471065420457003448e-01
3.070503770762585960e-01
2.307713277598230639e-01
2.436977108599955311e-01
2.400045608500545047e-01
3.476006456226247709e-01
2.521346890799244789e-01
3.048635528393265903e-01
2.805801455427469615e-01
2.540231421380587662e-01
3.070353999067748640e-01
2.733131397412157937e-01
2.753805336602842546e-01
2.387504465305672896e-01
2.468948701390885903e-01
2.873185253868405509e-01
3.344247988839100239e-01
2.919725317442494195e-01
3.145129958533821046e-01
2.688490699043502019e-01
3.016716409396398291e-01
2.821282532465916315e-01
2.413269624125326807e-01
3.334029596778329552e-01
2.826911359273330815e-01
3.200111921631946243e-01
2.811858503135458154e-01
2.502545275748002118e-01
3.189196155173838476e-01
3.002038133717375712e-01
3.033477379096340965e-01
2.351117909582930987e-01
2.436397021344380576e-01
3.006376911028232901e-01
3.076397712899773818e-01
3.061503216052826604e-01
2.310802997753192145e-01
2.798992692092918677e-01
2.607552718222542754e-01
2.461973083691315900e-01
3.750766286607100097e-01
2.621469639292461906e-01
2.378672230994585135e-01
2.267865292812316635e-01
2.674403724863180787e-01
2.832522315373470767e-01
3.261294631946476952e-01
2.874982434680718457e-01
2.796640655910981876e-01
2.986389730696004108e-01
2.403332864548166914e-01
3.448058153972717310e-01
2.400542574629253856e-01
2.919652186011985617e-01
2.701134846812593970e-01
2.982605862794385776e-01
2.886575065804165563e-01
3.270334250480698146e-01
2.762936706906071183e-01
2.781502301873709504e-01
3.063685265660538448e-01
2.767787298286007447e-01
3.282252835895644316e-01
2.768889692314916440e-01
2.295737315134042389e-01
2.599823959643048354e-01
2.620765331694661637e-01
2.602907332289773890e-01
2.872418752776740303e-01
2.032141623703679900e-01
2.648176332290922419e-01
2.764983026771942187e-01
2.558997902739267860e-01
2.444304663774903574e-01
2.699913038863304138e-01
2.935684169809074651e-01
2.068393532498797871e-01
2.671070350177342512e-01
2.728021730341950168e-01
2.922132084740832192e-01
2.906531739351432275e-01
3.034291587801506984e-01
3.041762306925522297e-01
2.502258274222892709e-01
2.238357636498964354e-01
2.744408241076762289e-01
2.886812088721272818e-01
2.875823391286211339e-01
2.416681528883284635e-01
2.696790669925889783e-01
3.043295853960583663e-01
2.624779379593024653e-01
2.447193999890916460e-01
3.087889898996158400e-01
2.359367783076662395e-01
2.293816758264905775e-01
2.493814523310682874e-01
2.882237133088871861e-01
2.884824988524062328e-01
3.296014544700192617e-01
2.113709150907187029e-01
2.395164161897080091e-01
2.379119542101656992e-01
2.121476901411731841e-01
2.973714919810224733e-01
3.311640864003754237e-01
2.905345569883586165e-01
2.467057039010555619e-01
3.013642636492954718e-01
2.343008960648168548e-01
3.266538638302335928e-01
2.845663945048555465e-01
2.128430807453317031e-01
2.019777846711516833e-01
3.159773187580461329e-01
3.002265963515617919e-01
3.587773370492949310e-01
2.283900342556098306e-01
2.931405598524791656e-01
2.379105693308627423e-01
2.564040425554409142e-01
3.048399720775207267e-01
2.460616927926478625e-01
2.472021081797216024e-01
3.126159414927491831e-01
2.694885780106812678e-01
2.924083732277465986e-01
2.561178970664389487e-01
2.826025824602647063e-01
3.274547480261067456e-01
3.047126717006231056e-01
3.214770445201008964e-01
3.097713199544948059e-01
1.924009159188864448e-01
2.656264243837591632e-01
3.315409378370475224e-01
3.114954511232714274e-01
2.963444282827844556e-01
2.251531520765478189e-01
2.552397907994591320e-01
3.064025103550561679e-01
3.147899616892533836e-01
2.504212027519885919e-01
2.032551198338908849e-01
3.757762607072593353e-01
2.149960268321316481e-01
2.385095467117757939e-01
3.207272114376855665e-01
2.712459092071138889e-01
2.875535958791947677e-01
2.926979511934818534e-01
2.680618889431314877e-01
3.085098956749096621e-01
2.040830494174237786e-01
2.637798772847776974e-01
2.849304449003745021e-01
3.094467418518330737e-01
3.245182353939148334e-01
2.927652424729481617e-01
2.466334504266274319e-01
2.856623366072972847e-01
3.059494705775842593e-01
2.949015767396738208e-01
2.899496041070909191e-01
2.932319668995994610e-01
3.006810162611704973e-01
2.217535692290772964e-01
2.732957985832459302e-01
2.712012783631352897e-01
3.383485902231004872e-01
3.002786254440766300e-01
2.435775875767679788e-01
2.496489473785222790e-01
2.595469489761277337e-01
3.198845535016284769e-01
2.828377335428185479e-01
3.026541650403678507e-01
2.814435748518139269e-01
2.133300609006719972e-01
1.753472970452333579e-01
2.640812326412742550e-01
3.131567377507005756e-01
2.601415603190309067e-01
2.655979145752421222e-01
2.725837779371430014e-01
2.981015853558691142e-01
2.776740732798402833e-01
2.991060060005447108e-01
3.110800201622717642e-01
3.007921108688610401e-01
2.905828116313042275e-01
2.740945405647682298e-01
2.416256828566860360e-01
2.847034697474030707e-01
2.928411060338000915e-01
2.349059243035497291e-01
3.383165871416924375e-01
2.691939797460837780e-01
2.955156826184948682e-01
2.643073529144895351e-01
2.468711900594934283e-01
3.183033793005851653e-01
2.249211859961627868e-01
3.079510481306123038e-01
2.725901130499350788e-01
2.410203878153851231e-01
2.406661203379631964e-01
2.992126135389927000e-01
2.699126514030968371e-01
2.387816836603792181e-01
2.390083793092755982e-01
2.857576259271972230e-01
2.744586896488077632e-01
3.286095116983108744e-01
2.684631630997875162e-01
3.294421252471153028e-01
2.501261756829464833e-01
2.410349131955120683e-01
2.716187939066291301e-01
3.087510723518782640e-01
3.373369215086526318e-01
2.435449479245891669e-01
2.198999787065605838e-01
2.398101364206589314e-01
2.885802982595943034e-01
2.729026980194412255e-01
3.289524746207603823e-01
2.474183786152325260e-01
2.521216548685376591e-01
2.481507332918998776e-01
2.577766844355274256e-01
2.948478285183193104e-01
2.361400120357583232e-01
2.504191922119722302e-01
2.663063941074174101e-01
2.559719989223776526e-01
3.321034745098560559e-01
2.417559621318182139e-01
2.897060334425158867e-01
2.714234108487982855e-01
2.340025383568491713e-01
2.654892375489339984e-01
3.324533145790171673e-01
2.422029686177178120e-01
2.377589905282873894e-01
3.267206862803577194e-01
2.808582407324886621e-01
3.223930458806482657e-01
2.984449983099594084e-01
3.197469525652403277e-01
2.981775846106882177e-01
2.712570549653403607e-01
2.756358139964097398e-01
2.378960343237012387e-01
2.764235342004005003e-01
2.720096800492314837e-01
2.414951840065298339e-01
2.501889335298730921e-01
2.657173325250351548e-01
2.899709840594912880e-01
3.353765372290163360e-01
3.227755278574371833e-01
2.991664057790709985e-01
2.789142556985204080e-01
3.021350422861213136e-01
2.706871303768850212e-01
3.028768982940511778e-01
3.029242200406953023e-01
1.723482537086560573e-01
2.950961648525578518e-01
2.981268060284708032e-01
3.052691503513151328e-01
3.754264361746069700e-01
2.563376824096396112e-01
2.889795974534994372e-01
3.115325941639469076e-01
3.228815737495744909e-01
3.247000432341911047e-01
3.173917268424665816e-01
2.830950107857940212e-01
2.857402398151474010e-01
2.153629384042474726e-01
3.417630754857858832e-01
2.446743458350602030e-01
3.302297862532290185e-01
2.567577143394089156e-01
2.804916818206895091e-01
2.927935225641546957e-01
3.285842129685798141e-01
2.346534570366179961e-01
2.508366993997843686e-01
2.917361103768624786e-01
3.310938847429227283e-01
2.979703285253970102e-01
2.189533171586827143e-01
1.758621495096263365e-01
1.884450979457070185e-01
2.763824485297426969e-01
2.694630541597557438e-01
2.336022656665057984e-01
2.353975388802634350e-01
2.824461621105209819e-01
2.488734463449389644e-01
2.643421846251523544e-01
3.525463880116961879e-01
2.735328504937225569e-01
2.807999231163816334e-01
3.100298282306555575e-01
2.818573000886769875e-01
2.243380132127868465e-01
2.193399448680909136e-01
2.746942456226786899e-01
2.511664302228746593e-01
2.855958642529110025e-01
2.913645476328432515e-01
2.729725793183440108e-01
2.982701639460663134e-01
2.912019010338359748e-01
2.203847109701552176e-01
2.952012549261399110e-01
2.526339915126357138e-01
2.950055967394670242e-01
3.464896585011462138e-01
2.412148855110411438e-01
2.908431942631397038e-01
2.752575816510411943e-01
3.077335851219988871e-01
2.737517841992654910e-01
2.257116444450612547e-01
2.433046498571561633e-01
2.163123381982259008e-01
2.215874228563183279e-01
2.648863580321135225e-01
2.491656602940987009e-01
2.615880029008217922e-01
2.801537824410414990e-01
2.986277609451535864e-01
3.279810225067232299e-01
2.445651512450827125e-01
2.729998718553596215e-01
3.167072493461178251e-01
2.761139855158298850e-01
2.878276024511016717e-01
2.425690689610478790e-01
2.750754804926826558e-01
3.375596699531199785e-01
3.092524821068250995e-01
1.866930011374184628e-01
2.148199053349556242e-01
2.118685649538693538e-01
2.692307925988373651e-01
2.621105349048470368e-01
2.312263958254797414e-01
2.510571343398222965e-01
2.925431454911596729e-01
2.758810904526370900e-01
2.542064175129518100e-01
2.470140830519989006e-01
1.736436453431725591e-01
2.988390562809820628e-01
2.629863260167600303e-01
2.531599198634419956e-01
3.259576496152691294e-01
3.040054241629368548e-01
3.130311265291881861e-01
2.593914958474075605e-01
2.956612474888591358e-01
2.184747738300199527e-01
3.038702046289902814e-01
3.095704393786457009e-01
2.879985846840087960e-01
2.575987262029471037e-01
3.295860756553384285e-01
2.495594303202022801e-01
2.551060949365994701e-01
2.491223772602335906e-01
2.697531298022038393e-01
2.290510902835795337e-01
2.483148645598083348e-01
2.709899412994120627e-01
2.728474821157774177e-01
3.441053225438543417e-01
2.984643009876388198e-01
2.760862486304755947e-01
2.944732207502920862e-01
2.114074117065360969e-01
2.437551879728581394e-01
2.474097018354630972e-01
3.375137553943579616e-01
2.840623809797487853e-01
3.033593921157328732e-01
2.265459227770184880e-01
2.650453431826048645e-01
3.120610429675076403e-01
2.250135676602709189e-01
2.746204476130336136e-01
2.636238350058759949e-01
2.524308975971712998e-01
2.670210250020114695e-01
3.029892501428504969e-01
2.502962178973789920e-01
3.523892543770294483e-01
2.949418684412148384e-01
2.747865435745663887e-01
2.964450409648530238e-01
2.674849729222562589e-01
3.193132689053697626e-01
2.586619524752902244e-01
2.511682149643572060e-01
2.939048344896049159e-01
2.927787047040781299e-01
2.866613223955897238e-01
2.433413052067595062e-01
3.019727954013270432e-01
2.917137298379299248e-01
3.092686656507156462e-01
3.023411141547224235e-01
2.370997029719298654e-01
3.342312267127929837e-01
2.391399566149637057e-01
3.337326406864850603e-01
3.069238678526620689e-01
2.750134696081823482e-01
3.412573726727832768e-01
2.264724870701104453e-01
2.653597204873778259e-01
2.093181076252199624e-01
2.761184498501431661e-01
1.800597845480718107e-01
2.699755706683869549e-01
2.454953909011087787e-01
2.353618830281311303e-01
2.679049125025465550e-01
2.376827912351910377e-01
2.264930083236542657e-01
2.698605257337195473e-01
3.000559446915266326e-01
2.576931153646452310e-01
2.951061684331977575e-01
3.345489987129073861e-01
2.066922168873171761e-01
3.061984411437493336e-01
3.032577259825187110e-01
2.380795361130035037e-01
3.043699085961759643e-01
2.674183963264811226e-01
3.004508247915881336e-01
3.199785528627131503e-01
2.902367351553755692e-01
2.570021429482809427e-01
2.765433159597925905e-01
2.263011265592612120e-01
2.600514948895577549e-01
2.955803640191271842e-01
2.744775282983328291e-01
1.895253391986081448e-01
2.923033643148529315e-01
2.391628402908394790e-01
2.335418891753139048e-01
3.214131710860537727e-01
3.023261607805700635e-01
2.545618818778585535e-01
2.416973842783923521e-01
2.736543298453777417e-01
2.876851319701721477e-01
3.069501171189890076e-01
3.112865574199736307e-01
3.176345467286349478e-01
2.426941413249898427e-01
2.417773686411903156e-01
3.032606260416494393e-01
2.621165602638833581e-01
3.025198583444227984e-01
3.027720956617270809e-01
3.202644962255399852e-01
3.457295509568794611e-01
3.051469885242728552e-01
2.535783876929453839e-01
3.304601220194500755e-01
2.957067290239089319e-01
3.572110117734263457e-01
1.898232453148924748e-01
3.043039077388197122e-01
3.108447125748576845e-01
2.939015141327017133e-01
3.326160272070917134e-01
2.873040161361181122e-01
2.927204124057383727e-01
2.970264065245706298e-01
2.548280330982057862e-01
2.527083623619773012e-01
2.249675278031955938e-01
2.954519754158004829e-01
2.550463801538252473e-01
3.033260909568797348e-01
3.254165737050145335e-01
3.182592384611490077e-01
2.704737961466856522e-01
2.919363793301442134e-01
2.399753058517673787e-01
3.131771700347927290e-01
3.584713571264942500e-01
2.536209876770819660e-01
2.600889225790215531e-01
2.146997864258413380e-01
3.044033361210765620e-01
2.614553672892204195e-01
2.756667347069426954e-01
3.043655329275061772e-01
2.631181893413664374e-01
2.955527924989251876e-01
2.836133063403747379e-01
2.726042102477741480e-01
2.420367213559189712e-01
2.243496501167716872e-01
2.577226817571958706e-01
2.028046108598601238e-01
2.851624565351218998e-01
2.405824320451908915e-01
2.248092011754243835e-01
2.674353118125866180e-01
2.563821892603544428e-01
2.896172385430998419e-01
2.788394020669627826e-01
3.227394906181327849e-01
2.101107824638679400e-01
2.355039407410824681e-01
2.962686623240155526e-01
2.333102233879415788e-01
2.429155056590747985e-01
2.734279157438876395e-01
2.721128167433314315e-01
2.370417641459494074e-01
2.856776495166064023e-01
3.305378820192432787e-01
2.301713146426122569e-01
2.366907909308673119e-01
3.169908223801086167e-01
3.349684626004320598e-01
2.732732536110396571e-01
2.308280760241574470e-01
2.678556202451174428e-01
3.223523304602124440e-01
2.928960617900767116e-01
2.907146134277264204e-01
2.767188646562552257e-01
2.332268264329368235e-01
3.012067734197282909e-01
2.273427438803680145e-01
2.429759883863491787e-01
2.601950459432775253e-01
2.972823567453742877e-01
3.183592959601700412e-01
2.816103470518786511e-01
2.167577653244526503e-01
2.868926350922049173e-01
2.432696936037062885e-01
2.882676857123668279e-01
2.667213280295169242e-01
3.242436026089401402e-01
2.708427983889734603e-01
1.839757730664965951e-01
3.305172247312124223e-01
3.080484233267666294e-01
2.258361524429407796e-01
2.791422996693301850e-01
2.681961252826908781e-01
2.309667970096680456e-01
3.038580418623510471e-01
2.763491841293087004e-01
2.714363792846943291e-01
2.606322972892728407e-01
2.628796448394230545e-01
2.202755786995397869e-01
2.565041957952688412e-01
2.866957928343358830e-01
3.312977363557863542e-01
2.263863204313811550e-01
2.207987865119898641e-01
2.596077140395094407e-01
2.732844642157758464e-01
3.503979678788580188e-01
2.751116992430754360e-01
2.715444089044377618e-01
2.595292244615197141e-01
2.311717655460891196e-01
2.381568591097351639e-01
2.458578680302072605e-01
2.740391450776892834e-01
2.304544516213418437e-01
2.801738785636992413e-01
2.044675865848756824e-01
2.924962134650142542e-01
3.482488888971408403e-01
2.484406937170973995e-01
2.684245992449276752e-01
2.240538013340814816e-01
2.339767083299009176e-01
2.532730906756157085e-01
2.704940511280565785e-01
1.989264782829004430e-01
2.720987938266643535e-01
2.772440516102941399e-01
2.598196828995910646e-01
2.847187395707765911e-01
2.969770422428583689e-01
2.885940767386446781e-01
2.830723770308400944e-01
2.677173112008114364e-01
2.881465906207744121e-01
2.866680700862554998e-01
2.288876470343408631e-01
2.618255262074337120e-01
2.569287786038466637e-01
2.999867426140206961e-01
2.792612083855525729e-01
2.744695432174147909e-01
2.727701412812554849e-01
2.540266107110439320e-01
3.028956441067848782e-01
2.499509513469293509e-01
2.948981103601466258e-01
2.123667006042628813e-01
3.094711493132732416e-01
2.889428949356811493e-01
2.546968683034823711e-01
2.499051159816352286e-01
3.571867958743872862e-01
2.385809509806707529e-01
2.910323435680403081e-01
3.060294397882214468e-01
2.267084574183212409e-01
2.652415952976024394e-01
2.320139847420393253e-01
2.587674667416898222e-01
2.703880260018911019e-01
3.089673843512080187e-01
2.561768773517614783e-01
2.658822705254017538e-01
3.077081464026535373e-01
1.897778074541527915e-01
2.493876226763693804e-01
2.687365470514364030e-01
1.698922680747818048e-01
1.957505434313973613e-01
2.017399175965374214e-01
2.160025623298677810e-01
2.634521483931358543e-01
2.973208835324539501e-01
2.726404945379819478e-01
2.522310461098768997e-01
3.627970427416490340e-01
2.575978582214919488e-01
2.412406010614036866e-01
3.129270022285785546e-01
2.527091417357905656e-01
2.295222960999529493e-01
2.741676838619140910e-01
2.272872404454909512e-01
2.580658768167287120e-01
2.654632764060376737e-01
2.148785925466168700e-01
2.969745472274097908e-01
3.115877573606413709e-01
3.068888766966046955e-01
2.910960102886045453e-01
3.093026761228684363e-01
3.258200447097338581e-01
3.216806555692315328e-01
2.835283944742580942e-01
1.945316443283101049e-01
3.116775251046915440e-01
2.531969532487210461e-01
2.405941968378678686e-01
2.772516994055591044e-01
2.148388706780744450e-01
2.860911929582907187e-01
2.181142677538257801e-01
2.880089632950398881e-01
2.326361387841229811e-01
1.905383837513202894e-01
2.433690328860490804e-01
2.598271488085128200e-01
2.509202565289582187e-01
2.992426702897642565e-01
3.272313985903729239e-01
2.339091415092552917e-01
2.684568699668143377e-01
2.912960467104913076e-01
2.846958466822331335e-01
2.869702334493304252e-01
2.406731983801813635e-01
2.907366105079344232e-01
2.599138187167878145e-01
2.985401045792842045e-01
2.113378536277801811e-01
3.335392938094479121e-01
2.694894899712161340e-01
3.219384019950072839e-01
2.895660790146512564e-01
2.756684907928254602e-01
3.110653231037448507e-01
3.243715355585487514e-01
2.174344473938853439e-01
2.447907755723716383e-01
3.250827729848260184e-01
2.487847536491902545e-01
2.942537477669351365e-01
3.290658145411340385e-01
2.636666833143307409e-01
2.927089623874774560e-01
2.126668649507575948e-01
2.236967592715705111e-01
2.536803723665599919e-01
2.360932175879990602e-01
3.345049978035460336e-01
2.951084485215257347e-01
3.039542682259245843e-01
2.527684322655348037e-01
2.939305260397811481e-01
3.167133485046305097e-01
2.983719435051179758e-01
2.650774149825238513e-01
2.765165852550543479e-01
3.216803686648418426e-01
2.013631570474229693e-01
2.652087204556371480e-01
2.970427817395020487e-01
2.950920564139190017e-01
3.164757143930790884e-01
3.554235668644251667e-01
2.714079406015580953e-01
2.773670444286708836e-01
2.195961298850356014e-01
2.406317139647135561e-01
3.563431876928169761e-01
2.788478218195408753e-01
3.332114614521118900e-01
2.944587503242114268e-01
2.502706357395204639e-01
2.451830330226800470e-01
2.926661113895899780e-01
3.094493454132675736e-01
2.713908033373315654e-01
2.422789494794599374e-01
2.683726387247170608e-01
2.840777508272706586e-01
2.834649832475241715e-01
3.184220007275726516e-01
2.769467423478348400e-01
2.721409236881859872e-01
2.908202864220447159e-01
1.894719683113807174e-01
2.607564816527748741e-01
2.510159377556052673e-01
2.505250820484332119e-01
2.880683025961530142e-01
2.537547006474062394e-01
2.987366499393461217e-01
2.478541937957966512e-01
3.276296084340190040e-01
3.267219021940230839e-01
2.874714112901810004e-01
2.413801452615626786e-01
2.536951859516254904e-01
2.257187147667014115e-01
2.479458474734166917e-01
2.353883750481888526e-01
3.049774369881598779e-01
3.204664549146981622e-01
2.772592731748188544e-01
2.720744023993322824e-01
3.024229011127589350e-01
3.009641224957211314e-01
2.916226331591095788e-01
2.261770546646441615e-01
2.143797896818799009e-01
3.063969743268690760e-01
2.997358847095186740e-01
3.217160539508523986e-01
2.679530639536559788e-01
3.311664710325237237e-01
2.941159568545240188e-01
2.670458553938039881e-01
2.226305347644315924e-01
2.984586222237766706e-01
2.746924750120206538e-01
2.526660659550902244e-01
3.179410039731127013e-01
2.764972358528973162e-01
3.153999870280647655e-01
3.096703675701037994e-01
3.114771610322867867e-01
2.573532382930032170e-01
2.663727593474711219e-01
2.211548986465777800e-01
2.591071230988975516e-01
2.647205003226345554e-01
2.862086561404109664e-01
2.678174840500363585e-01
2.656821703012375302e-01
2.741991367591735673e-01
2.340468427124716422e-01
2.816117425399277674e-01
2.261619252100087185e-01
3.021246362405463626e-01
2.277376599147460101e-01
3.321496288731967672e-01
2.904537422767873300e-01
2.324836635991378575e-01
3.126221638954985726e-01
2.843370539316827927e-01
2.741611024461444446e-01
2.906562391158664105e-01
1.994542804912805556e-01
2.383025301992161005e-01
2.289714268298373712e-01
2.405382193758134890e-01
2.582129166199167991e-01
2.591932258389487154e-01
2.673470563319777504e-01
2.510718145941541191e-01
3.159214167409466478e-01
2.560026386865681403e-01
3.239371747856618078e-01
2.278428173945825364e-01
2.406019904026462652e-01
3.153398576184194280e-01
2.331779671076944505e-01
2.104383017897145935e-01
2.440697284631113684e-01
2.736365737118872654e-01
2.217703965239337938e-01
3.111266713522106708e-01
2.428132332683640149e-01
3.134660538039922839e-01
2.734601163179294359e-01
2.678355075604405000e-01
2.491835108609436467e-01
2.849431704363331042e-01
1.960842093237880890e-01
3.199578556829822951e-01
2.614095949543286390e-01
2.959215362212742617e-01
2.419792720631816219e-01
2.596832517780557903e-01
2.663061876284988361e-01
3.336356763895205746e-01
2.895814848722581547e-01
2.768347596648251807e-01
2.235693819600712562e-01
1.852560231491397480e-01
2.896036100835538973e-01
2.546682927438603805e-01
2.074741487564367159e-01
3.119949654736401401e-01
3.057165885557588392e-01
2.949054676703127820e-01
2.897884611465613158e-01
3.023196589360636066e-01
2.275050291105930600e-01
2.320081410237104791e-01
2.736569949746151531e-01
3.081708600585096325e-01
2.759662578302610747e-01
3.282026540694163996e-01
2.593868592226061809e-01
3.254050738256699105e-01
2.674735841327437469e-01
2.236629721486280697e-01
3.059644412214824194e-01
3.082680438368203824e-01
2.158787676832369384e-01
2.826590694157389838e-01
2.694677352538573101e-01
2.555913968706005623e-01
2.387041736518649149e-01
2.480419554885308075e-01
3.029929623041147657e-01
2.570196404460362016e-01
3.021408783055588021e-01
2.404064718176014415e-01
2.447271168455951162e-01
3.034018842505888935e-01
2.661560681495416247e-01
2.525581126066708260e-01
2.795327416558881506e-01
1.385728123237617848e-01
3.004377602328516250e-01
2.425975109175663169e-01
2.640507561034688422e-01
2.920073870017915185e-01
2.665708119268753173e-01
2.712115969990557263e-01
2.858004504727527095e-01
2.219692273677269234e-01
2.795857903602741446e-01
2.960934737207210898e-01
3.011696958442005023e-01
3.217045899747254523e-01
2.931024621376803752e-01
2.841287524019421307e-01
3.333949919250544514e-01
2.425850267627394086e-01
2.824186015804161509e-01
2.648824096909254688e-01
2.422869269378772339e-01
3.103511593442639938e-01
2.990246331588732875e-01
2.686012446356281225e-01
3.080263098716999881e-01
3.056996522031891761e-01
3.051171153392210345e-01
2.690696058579285510e-01
2.967732428685360691e-01
2.517300609051074667e-01
2.468726603456412871e-01
2.371396343224330128e-01
2.674432251952501005e-01
3.059232262135448410e-01
3.217436567256956037e-01
2.687203494625480249e-01
2.565523933783597221e-01
3.245484085173497291e-01
2.873127277113063927e-01
3.054936581663556527e-01
2.944742301554691966e-01
3.158029865464679342e-01
3.011828899365481815e-01
2.733634374697136438e-01
2.348910925237692182e-01
1.844239630106047911e-01
2.662906004253436376e-01
3.037253577168707586e-01
2.643126088293735743e-01
2.810269105557569591e-01
2.707075266573850114e-01
2.718451298308899311e-01
2.838648764615683273e-01
2.940918565563294118e-01
2.854317317750066363e-01
2.979110967320414138e-01
2.776616044997735622e-01
2.619198125164191593e-01
3.056983112850027440e-01
3.109452861750537367e-01
3.166709254840149312e-01
2.472307115286023760e-01
2.212261685711238157e-01
2.687239576441413647e-01
3.370658772592567964e-01
3.140248404288230599e-01
3.121384122267686911e-01
3.671398966152987775e-01
2.567767792232451551e-01
3.247362879800882451e-01
3.239722890797261390e-01
2.225420895462191795e-01
3.387481590849067969e-01
2.778378235936942997e-01
2.762154729720164292e-01
2.982538041407423179e-01
3.061524088770142815e-01
3.197484576788811594e-01
1.835975282559764443e-01
2.378408906315758742e-01
2.498728856127791498e-01
3.136748451862074183e-01
2.946196812195622794e-01
2.356541409677455068e-01
2.778612800341195843e-01
3.126734124546842741e-01
2.660306165160983838e-01
2.817077721841087512e-01
2.551085899963592696e-01
2.356563426926314708e-01
3.100122337198296107e-01
2.308425021704401947e-01
2.889590769910840851e-01
2.714843056715117164e-01
2.570306419005154441e-01
3.495722192106442971e-01
2.387438797124292744e-01
2.476716270840269851e-01
2.589251914876734562e-01
3.217919357843381789e-01
2.523732142369404796e-01
2.502192465953627654e-01
3.045291941866467011e-01
3.263112547508488781e-01
2.456507309434380060e-01
2.627154618848976386e-01
3.526562895068349746e-01
2.943790010368479426e-01
2.432597458207647334e-01
3.300399455509549496e-01
2.931184836990127218e-01
2.453462261811903689e-01
2.240836421763852115e-01
2.562600750034204067e-01
2.986414345851490793e-01
2.041639633647433505e-01
2.818754257874480640e-01
3.023833523919735589e-01
2.840693357491632098e-01
2.935415002640714977e-01
2.624863869375267389e-01
2.836247249730327602e-01
2.569497876182827989e-01
3.201640081604419374e-01
2.893872552052702551e-01
2.658647882833940490e-01
2.118090553581292168e-01
2.397894237882836344e-01
2.381777707577170389e-01
2.497322448207132672e-01
2.922545365995472544e-01
3.742692195630818452e-01
2.209699545360067074e-01
3.500397969606240944e-01
2.624671745257843303e-01
2.731285232966600418e-01
3.181848503602854872e-01
2.766958489454831027e-01
1.542264485003776997e-01
2.994290647193595944e-01
2.735195383786980239e-01
2.993430468416683476e-01
2.946489631523283026e-01
2.555143708137257996e-01
2.698888243954994937e-01
2.843451030597538010e-01
2.307333449762786204e-01
2.837708673122664171e-01
2.793895184932221332e-01
3.665534552946078661e-01
2.666149042773575673e-01
2.754326616002601424e-01
2.082914674393069043e-01
2.249656446717531733e-01
3.010193576160194451e-01
2.858073845006048885e-01
2.527815971969448738e-01
2.357079191912889171e-01
2.319400539331884503e-01
3.369971729522461268e-01
2.861666047545914915e-01
2.403784143660548100e-01
3.093480721064605921e-01
2.480293271475749461e-01
3.104355979680774591e-01
3.421679803636555883e-01
2.832609194558313170e-01
2.528920563800232113e-01
3.067481208376683921e-01
3.112358035683989721e-01
2.822118677663449926e-01
2.487263225980443360e-01
2.887960116403113786e-01
2.369371787014995512e-01
2.646742163592993302e-01
2.578516591306899142e-01
2.693239999621185876e-01
3.295334951252898992e-01
3.001811951512964316e-01
1.960976251252614100e-01
2.871822983529419560e-01
2.825588114064674916e-01
3.052473573752720881e-01
2.599537179204538528e-01
3.522623586428459963e-01
3.330956365973424260e-01
1.910414331527729992e-01
2.478784843793769843e-01
2.640291607739809754e-01
3.015679958694237328e-01
2.726805835985230408e-01
2.439023822050547241e-01
2.895607369087165872e-01
2.727100513881056676e-01
2.819331924940702283e-01
2.668288062678062511e-01
3.136936358344444842e-01
2.642352704287895260e-01
3.241821562562452463e-01
2.608166762503725256e-01
2.725191177711048796e-01
2.696846868963381771e-01
2.781148206250460553e-01
2.989132902786265644e-01
2.347952473175022869e-01
2.349534629559460741e-01
2.941936700124035409e-01
2.485753629912629270e-01
2.227822080452584175e-01
3.277544083515956941e-01
2.191665463716031825e-01
2.877931863718583005e-01
2.883636793655755537e-01
2.757981754739754487e-01
2.917823135148011615e-01
2.611024416962546835e-01
3.155380182760724739e-01
2.543764053507242551e-01
2.307411467303519537e-01
3.379334678203614328e-01
2.595156249208496746e-01
2.763687670866137314e-01
3.097083405940740941e-01
3.410892874183112933e-01
2.815453477875623500e-01
2.903869334990047402e-01
2.785778988570962733e-01
2.874478538362619795e-01
3.127421208820453380e-01
2.093994209234942283e-01
2.953979529185041253e-01
2.780215068828182923e-01
2.644757585940702982e-01
2.800259332860277062e-01
2.752039552041020687e-01
2.817090096806660338e-01
2.480026580172625672e-01
3.401062043924446554e-01
1.995815692191707513e-01
3.224971233611095833e-01
2.579355192688847498e-01
3.124447479170066044e-01
3.169761385036793389e-01
3.224809285237482115e-01
2.902447896223278589e-01
3.200674431686579835e-01
2.742427991606234960e-01
2.906713557404777548e-01
3.081123167931933970e-01
2.711098938095520272e-01
3.571581178671419110e-01
2.720539401941317603e-01
3.165762735329070710e-01
2.946412116527808434e-01
3.124817533501850764e-01
2.514637480819837956e-01
2.969761409667184271e-01
2.450285146980910322e-01
2.567036807672196108e-01
2.509602452101416525e-01
3.016848488561821306e-01
3.004004994313494437e-01
2.544974692187305654e-01
2.203113130877682735e-01
2.877249242901783188e-01
2.326717159863026518e-01
2.802786700971238720e-01
2.629475725611701842e-01
3.092968256797416493e-01
2.873172836534534369e-01
2.716940119686629407e-01
3.077240588840310376e-01
2.527537140429657603e-01
2.937340424200715616e-01
2.724048172784945820e-01
2.611363973869452737e-01
2.457734948298102573e-01
2.913306397564552341e-01
3.206483113426989995e-01
3.102047709761131533e-01
2.409072462146364946e-01
2.280827651138173651e-01
2.620975436175531637e-01
1.932936554791152284e-01
2.448079654513328762e-01
2.316934527050299453e-01
3.210144193154401138e-01
3.086271822556618805e-01
1.865223029348150041e-01
2.924988937525084820e-01
3.164244999065097264e-01
2.650795891546175453e-01
2.909872639632552493e-01
2.692292074067594299e-01
2.441689958653760761e-01
2.436794842331283240e-01
2.715860665772836802e-01
2.300924298175023308e-01
2.776064704541443273e-01
2.494769858659586226e-01
2.844889693275793330e-01
2.945636821049650300e-01
2.591596666040578145e-01
3.676639478057908694e-01
2.598570632616177267e-01
3.360298147372722255e-01
3.004159649683999511e-01
2.708453942134847470e-01
2.782167122579246588e-01
2.408160927108966842e-01
2.188369731949979524e-01
3.679859857475455409e-01
2.204559570388457956e-01
2.942217792613825988e-01
3.121761767014254452e-01
3.045413626485553582e-01
2.833489549580668898e-01
2.616396371068508975e-01
2.289474418977530679e-01
2.147366804332398182e-01
2.667978659620708348e-01
2.687850554792092783e-01
3.818900283244628935e-01
2.634711977385968962e-01
2.508991773516006663e-01
2.089962343784630971e-01
2.674959196297193031e-01
2.618691611960055066e-01
2.688881668556281079e-01
3.212950780463279532e-01
2.205341400696782250e-01
3.063117235513207470e-01
2.435605061165778684e-01
2.748177975997692646e-01
2.679933139771341621e-01
3.457871073528135941e-01
3.157882523478690029e-01
2.587564807024099744e-01
3.379610862699210516e-01
3.345143576113995265e-01
2.980524441927263068e-01
2.485217912817629382e-01
2.576001230684871190e-01
2.880565911957410075e-01
2.575187062254055137e-01
3.016931038517368102e-01
2.479810345118050041e-01
2.731072843243848025e-01
2.074918079164838058e-01
2.330950519289097800e-01
2.396659084693223418e-01
2.064237370722182829e-01
2.733593464327400691e-01
2.796173060863419990e-01
2.715383434521447814e-01
2.737342133634106389e-01
3.114877131628857043e-01
2.637754530311192114e-01
2.507005130428118234e-01
2.638287858222837512e-01
2.744942274371499069e-01
2.722582005625492352e-01
2.651741864605108301e-01
2.822921591076920089e-01
3.178790687490450351e-01
2.852642459940041286e-01
2.892213896591300237e-01
3.104662164187284024e-01
2.622992930146674784e-01
2.414827553272067273e-01
2.883317897837282540e-01
2.721798629911160727e-01
2.930228586906720167e-01
2.935007108813494359e-01
3.068582043484464617e-01
3.003519436765205719e-01
2.635612947209302614e-01
2.638673996351047490e-01
2.481005263701207553e-01
2.968156988453736211e-01
1.805497882043725633e-01
2.918036948125795060e-01
2.231948540264919456e-01
2.663668454982979772e-01
3.152703099790501451e-01
2.661930288580444115e-01
2.611631978444675095e-01
3.057664915538698125e-01
2.742793635802612817e-01
3.109584464914316171e-01
2.829468306234862451e-01
2.594513600614504756e-01
2.445158081491687618e-01
2.645254104700575093e-01
2.646241648773617339e-01
2.486159659892513141e-01
2.701012448814358313e-01
2.457652751023198801e-01
2.735688519468689184e-01
3.103731950647416471e-01
3.319703888198137776e-01
2.672751399917024373e-01
2.726622767772948208e-01
2.206439065971261826e-01
3.510080674688565994e-01
3.118615394519047568e-01
3.453806072817386386e-01
2.890426603812616957e-01
2.992669142848038422e-01
3.344030370167774824e-01
2.813857961947295871e-01
3.350796596955457618e-01
3.022389533762138147e-01
2.471482072909830519e-01
2.416945171811762105e-01
3.766434503075227758e-01
2.561353954250503162e-01
2.608970995910398494e-01
2.859745571168614275e-01
3.180229081078201347e-01
2.831223948347898478e-01
3.562069308318837613e-01
2.534769845685611034e-01
2.931388608904074156e-01
2.678287125172554850e-01
3.728661059579844173e-01
2.532253921960569976e-01
1.749880825032636977e-01
3.011230610035050548e-01
2.502307803132499675e-01
2.580801708422978402e-01
2.854392097502025938e-01
1.761570089983742204e-01
2.376120345192072048e-01
3.033789362502510301e-01
3.324260245569284344e-01
2.569873398516194785e-01
2.207201268465127653e-01
3.065231067522087849e-01
2.481074441829207444e-01
3.058588264936972778e-01
3.328551423976727208e-01
2.042799653161666007e-01
3.202202758467855848e-01
2.601021734971541433e-01
3.210412820254300859e-01
2.248230509939879995e-01
2.662187357528790210e-01
2.973194334807932049e-01
3.015004786438534867e-01
2.725492590143772098e-01
2.257560655279624851e-01
2.543137363467747880e-01
2.256059818437597397e-01
2.863116406638536726e-01
2.647367153720210364e-01
2.537369544747781203e-01
2.070932097801293226e-01
2.140447253683841755e-01
2.613651633399709517e-01
3.377857107325863417e-01
3.255826908886441107e-01
3.176877239604806169e-01
1.967556362407379689e-01
3.280205375128282252e-01
2.476875246834235877e-01
3.197491518921900533e-01
2.866014854577865201e-01
2.248465457748673457e-01
2.609716092969816548e-01
3.418923045365328539e-01
2.063381697602687803e-01
2.973761078170464311e-01
2.712447841677348981e-01
2.967352015787139696e-01
2.650876081345511781e-01
3.040469850529753937e-01
2.538633234224033641e-01
2.580489760182794745e-01
3.160493991746831099e-01
2.944101009588159790e-01
1.561182732695662878e-01
3.092043096846862626e-01
1.802411627310555320e-01
2.636966081463030798e-01
2.779190762922770230e-01
2.465293866502918374e-01
2.699380032868128332e-01
2.966145835568964606e-01
3.435875261438174344e-01
2.943099857092341121e-01
3.098674568246034267e-01
2.885213388668139700e-01
2.822413572510564239e-01
3.296803926263153217e-01
3.043092479520343452e-01
2.180134933010511589e-01
2.571333693951788901e-01
2.246778496179793472e-01
2.816583383315776068e-01
2.395053607581185406e-01
2.586693592872663094e-01
2.130042299391098348e-01
2.758147967919855614e-01
2.670622278077889877e-01
3.197839796703955684e-01
3.038203087032421701e-01
2.361078555960770264e-01
2.609662558696311807e-01
2.732837630907584692e-01
2.920383561844469567e-01
2.724092814299334808e-01
3.178044512829194534e-01
3.229490772699659673e-01
2.195614806033867605e-01
2.710444212789167584e-01
2.521665627189595416e-01
3.206569000408186487e-01
2.971107195869996942e-01
2.326085718897918653e-01
3.706488819030595017e-01
2.872261724914598746e-01
2.548406156239958475e-01
2.761153132837844137e-01
2.730692912980923759e-01
2.572665771664855994e-01
2.827293027433854800e-01
2.026152470832224550e-01
2.709661136456902875e-01
3.362840481708422313e-01
2.813022205275124143e-01
2.679364845518766858e-01
2.306752452743212056e-01
2.900655290629871041e-01
2.620166232820990149e-01
2.466009468248046010e-01
2.979421884122135378e-01
2.557076540543338217e-01
3.046920680613564580e-01
2.703985807178705958e-01
2.370580591237253509e-01
2.870087074259264348e-01
2.666429618391094603e-01
2.290383058849748410e-01
2.754013963200419024e-01
3.261998364342812429e-01
2.797045046196692808e-01
2.429015787297420237e-01
2.538527383075071531e-01
3.155363516131778900e-01
2.172031396070974729e-01
2.845070083801277683e-01
2.632084279279828798e-01
2.740172783984353710e-01
2.266433329000901442e-01
2.753873928472523325e-01
2.168730030944291121e-01
3.078146080238209903e-01
2.189147092544348472e-01
3.104409063586925366e-01
2.838435468541861129e-01
2.791442432121475914e-01
3.042959131015679497e-01
3.154717484978097897e-01
2.742800219143216589e-01
2.341855008875493582e-01
2.576574458341187590e-01
2.475215736800202293e-01
2.771319793013256039e-01
2.849236688805362738e-01
2.883461324769671097e-01
2.436493944664616385e-01
2.887780029915157365e-01
3.049260040571588060e-01
2.792697373038244835e-01
2.937101471053708002e-01
2.782569117748351917e-01
2.829349530546631519e-01
2.974700834252070880e-01
3.338603206632724252e-01
2.394445510072417960e-01
2.637869169202776698e-01
1.935652002697813567e-01
2.572206687888364263e-01
2.510354017313037311e-01
3.105486335835089817e-01
2.946140191258443952e-01
2.684724185031500676e-01
2.806967156513913708e-01
2.613660738804002293e-01
2.988707516360475380e-01
3.206007250882660364e-01
2.710980590286594660e-01
2.781063489806870348e-01
3.369521493454859518e-01
2.780114659709314040e-01
2.704841209802981150e-01
2.552044888293905078e-01
2.699337027892245722e-01
3.178220067057274667e-01
2.548732438762350005e-01
2.942828042362210517e-01
2.925389784936771043e-01
3.296055248771115331e-01
2.238219967460330362e-01
2.668485422864200207e-01
2.887286116724966933e-01
2.876431200864514870e-01
2.466232080753016365e-01
2.720538022182156235e-01
2.405061117137894944e-01
2.494667412379247828e-01
3.123496800490090930e-01
2.704035433605996852e-01
2.333636877869305348e-01
2.895286965617800967e-01
2.543922720251168834e-01
1.824016289450715034e-01
2.544963212671827457e-01
2.717030953632338930e-01
2.257329839369879299e-01
2.650597826880440322e-01
2.122123102859546639e-01
3.115703990749278396e-01
2.417313582892741397e-01
2.813811132154640515e-01
2.429762770344095490e-01
2.877730722365564597e-01
2.651925849589053530e-01
3.117854998836907532e-01
2.738079250629638084e-01
3.154152548025159764e-01
2.397002921253014729e-01
2.687271918457678765e-01
2.413973253772996319e-01
2.273229954184208812e-01
2.899879547422122283e-01
3.042379638023062216e-01
2.430033102539031209e-01
2.198307575516181278e-01
2.859248617036652673e-01
2.967290332907323025e-01
2.121949693382241542e-01
3.160817362727237900e-01
2.136097161156803037e-01
2.693461082963833353e-01
2.306315161236090205e-01
2.253715414054366095e-01
3.992969870972297719e-01
2.676798492093219739e-01
2.656376551177484502e-01
2.588544126975508841e-01
1.983055853054887241e-01
2.829629257110960472e-01
2.832725325723441934e-01
3.323380628144545490e-01
2.029662612855186177e-01
2.630736619278428168e-01
2.274437167139284621e-01
3.027647003042978624e-01
2.874517648085926913e-01
2.711469196810537552e-01
3.114073506555199988e-01
3.282868878858175576e-01
2.055992819863352306e-01
2.534067839471664252e-01
2.963953784662594071e-01
1.860947265437326859e-01
2.667792712311012893e-01
2.593712016131212161e-01
3.086904951594429680e-01
3.008623791565924188e-01
2.442016416388082534e-01
2.534466807873883010e-01
3.093699841597069011e-01
2.975562934335448384e-01
3.023056808372864834e-01
2.432255126510325105e-01
2.113404614807808946e-01
2.775696502338395044e-01
2.352683693990584024e-01
2.420042403342466952e-01
3.214862597518529097e-01
2.766753966815402310e-01
2.720682278292738676e-01
2.699180286185683397e-01
2.879899235236683674e-01
2.874275773742704376e-01
2.719350604015919881e-01
2.211321746823349255e-01
2.288694891936430553e-01
2.442834787362010984e-01
2.499105572653171348e-01
3.084679451620717661e-01
3.504400730880170012e-01
2.450885708561386100e-01
2.909742615608422178e-01
3.057872157061709562e-01
2.646539618387455661e-01
2.272127945932976845e-01
2.160579838450632506e-01
2.104001696213485539e-01
2.330787153064612371e-01
2.454279505382795101e-01
2.602793869196162735e-01
2.952121925103747824e-01
3.046638653688832910e-01
2.356733859992198310e-01
2.960410789274264820e-01
2.607929986533670252e-01
2.457662030465740666e-01
2.726367868014678564e-01
3.152326053925023075e-01
3.151674480560154867e-01
2.501771317972900088e-01
2.886829133161118999e-01
2.452732916813366582e-01
2.642102903110110645e-01
2.782849824803135808e-01
2.810851566343137709e-01
3.245700508451346833e-01
2.648658048139485022e-01
2.588797013997023999e-01
2.721973748657692815e-01
2.368133946624666197e-01
3.006077871193632012e-01
2.905906924752346687e-01
2.672761697275576886e-01
2.757367175810456761e-01
2.960966767831189617e-01
2.776796661630073215e-01
3.350073637065967835e-01
2.861780489866978527e-01
2.838894332841623847e-01
1.983042077853452434e-01
2.393878746369756394e-01
2.596019519555797239e-01
2.746560461358639738e-01
1.864715053427045965e-01
2.867927260987420679e-01
2.761377670304268617e-01
2.506596319079699153e-01
2.178094438723148230e-01
2.286504007454029097e-01
2.852260310184820957e-01
3.212367341311421209e-01
2.168432382046890372e-01
3.465177758287770193e-01
3.404617579191401844e-01
2.988041070023984003e-01
2.421304255545451978e-01
2.396314430881475444e-01
2.594974900486017311e-01
2.502969552182379709e-01
2.279209686267197055e-01
2.776930997431032444e-01
3.084124636003358622e-01
3.106749490162528105e-01
2.448395841495158987e-01
2.347214735359028359e-01
1.940221502496406181e-01
2.154599170697557575e-01
2.641787307242380867e-01
2.920565698262254650e-01
2.478343557890394233e-01
2.640767164107631348e-01
1.778635761804087667e-01
3.198465805275729212e-01
3.311323429993501821e-01
2.681645074220103120e-01
3.271719260771622784e-01
3.607450265566296554e-01
2.516095810562943291e-01
3.204319650046200119e-01
2.865309010254500355e-01
3.069305564109035545e-01
2.405418335541366082e-01
2.576870819303255233e-01
2.920968559859539182e-01
2.858294013690003688e-01
2.965089696752712944e-01
2.193196997173149365e-01
2.336567386091208953e-01
2.387109570219751453e-01
2.939627829797268888e-01
3.057352728145608656e-01
2.722095205166147336e-01
1.992230266377431613e-01
2.355985594264194682e-01
2.736613405801813781e-01
2.367971880102243964e-01
2.616475518792210631e-01
3.134440738206236143e-01
3.238495391080318808e-01
2.495258141199624413e-01
2.767973508636801805e-01
2.750869264594150709e-01
1.884088973138596801e-01
3.593236064726857970e-01
2.951680677425848054e-01
2.184388905077592202e-01
2.570621905375060634e-01
2.809886365591859891e-01
3.687014818225697321e-01
3.191081634745406848e-01
2.567277350848522488e-01
2.756844444847210696e-01
3.157572192969166913e-01
3.051654831948344970e-01
3.592168732537763809e-01
2.681454754347865621e-01
2.466895823960477685e-01
3.330156203204939214e-01
2.779404565138214322e-01
2.492358909576549153e-01
3.218536174424696528e-01
3.244989355205537551e-01
3.008116636708704217e-01
3.128833066466460422e-01
3.053987251830573291e-01
3.251383172046744541e-01
1.984241475134410349e-01
3.340544993504737104e-01
2.486326395240311404e-01
2.585845439633918108e-01
3.311504508931752966e-01
2.789875234556603023e-01
2.682273911273471145e-01
3.185519459350885652e-01
3.189193072859547451e-01
2.751563399094995588e-01
3.491985064464624422e-01
2.572162618086580310e-01
2.359576199124278628e-01
2.064065473255283223e-01
2.573306393378604895e-01
3.014136114602683492e-01
2.571641684999710908e-01
2.469231056934512725e-01
2.539144198995905710e-01
2.742035156052037848e-01
2.905664774624679425e-01
2.663410018624835507e-01
2.395017617575307955e-01
2.360054451367127326e-01
2.656565755564127551e-01
2.502006777909456248e-01
2.924543862864228405e-01
3.144902663389747000e-01
2.933153640923477634e-01
3.252488868505682973e-01
3.053778150848314166e-01
2.746491735730168249e-01
2.674966911720754181e-01
2.764973290632968816e-01
2.829220648309441755e-01
2.729304979740582171e-01
2.891219978294565784e-01
2.690761434436783617e-01
3.219842726835017155e-01
3.374828631461935791e-01
2.659038643135393509e-01
2.314826515947043528e-01
2.476242054774330514e-01
2.414450142675681477e-01
2.832829935547864775e-01
2.237432746199763400e-01
1.891693902348725587e-01
2.795206106162728132e-01
2.710438494335947746e-01
2.971206501081675722e-01
2.914603308946754345e-01
2.436884951405727251e-01
2.733458898983470720e-01
2.822997279241513113e-01
2.802499056298992652e-01
2.646440817391467748e-01
2.752514446132712789e-01
2.308447382923472513e-01
2.065618032983624619e-01
2.637208256387655880e-01
2.757157737901927419e-01
3.083397897622244810e-01
2.521862055934798730e-01
3.259485076030186335e-01
3.373120110690500106e-01
2.831390940810867285e-01
2.202677968536826680e-01
2.538236925476963779e-01
2.845617662679140181e-01
2.491420295882925129e-01
3.205278984545970045e-01
2.655671789896847934e-01
2.959022329410949670e-01
3.065999488575388288e-01
2.800582924772150872e-01
2.739844507014815300e-01
2.771542466991855358e-01
2.744182397589325362e-01
3.048295764517978124e-01
3.265880387557800191e-01
2.686285449263760006e-01
2.597849557030505463e-01
2.399818797247635638e-01
3.409455705447637652e-01
2.661062407005852504e-01
2.808990517520415509e-01
2.397006060138445194e-01
2.529089923073331025e-01
2.722050299766293202e-01
2.967208944686394179e-01
2.820065577289295189e-01
3.264710094186012990e-01
2.110806029445431165e-01
2.673602110879725324e-01
2.512654708684882721e-01
2.063626633475488248e-01
2.474085473659568546e-01
2.859438963964422431e-01
2.667300903505911980e-01
3.132639797559620964e-01
2.693075976876407318e-01
3.297940171435750356e-01
2.327646811032189345e-01
3.787571973121558466e-01
2.566075227062840081e-01
2.750973200895959758e-01
2.891439121682428670e-01
2.983577293180923462e-01
2.471177431091036159e-01
3.054690099124177105e-01
2.228465426380503711e-01
3.197829298377753426e-01
2.336475786013713363e-01
2.378726364307360286e-01
2.725770322938193546e-01
2.216403097018044832e-01
2.551408021597870723e-01
3.071743676449103511e-01
2.499891559216629866e-01
3.030520685022647376e-01
2.639536135694190433e-01
2.502469519593819025e-01
2.589201145045082475e-01
3.149298389579912039e-01
2.692826107132647029e-01
2.945513901023949499e-01
2.779490137944022887e-01
2.829371954150413093e-01
1.712132220337841959e-01
2.453278549188419588e-01
2.760826576329662441e-01
1.950522947396977902e-01
2.528564042097115050e-01
3.349076878396802792e-01
2.735171263849810463e-01
2.350003177042750413e-01
2.436967476408599675e-01
2.534435046211450659e-01
2.323216064942677517e-01
2.504587940566972426e-01
2.689032800728922701e-01
2.746553292200210605e-01
2.299655533490722603e-01
2.388070414766256810e-01
2.660666781193703478e-01
3.066558882706132416e-01
3.191596487935992044e-01
2.706102807642426500e-01
2.493480798053240299e-01
2.841915818368750957e-01
2.593241473243653727e-01
2.865323339631361543e-01
2.846742657362211770e-01
2.446950836288874220e-01
2.469900417916462698e-01
2.276865786154167737e-01
3.631509586404609302e-01
2.255482878040241668e-01
2.678476866813959689e-01
3.101230397457078736e-01
2.798127373642709803e-01
2.405950566534557078e-01
2.457910409702661891e-01
2.764298504422207370e-01
2.492802124982220757e-01
2.040147778826853775e-01
2.575167785991800962e-01
3.272449159664367890e-01
2.178384110524460571e-01
2.073898181215632353e-01
2.472517739259048331e-01
3.167266683369582836e-01
2.173930566501607042e-01
2.918366504330546785e-01
1.992479346167883303e-01
3.073978358163665381e-01
2.802963013876481058e-01
2.983608195646787475e-01
2.571465094227202708e-01
3.288678193901626301e-01
2.380303652095611400e-01
1.838501550545052488e-01
