2.767582690617587104e-01
2.746224166673097988e-01
2.093177887975559426e-01
2.933017002924602212e-01
2.717958412646700461e-01
2.703945478302568484e-01
2.833185940622425791e-01
1.995471245790072234e-01
2.517520200124352958e-01
2.616227738693874816e-01
2.403041386809576796e-01
3.220180536489223311e-01
2.697652104657222161e-01
2.133576845529037702e-01
2.665332586725661645e-01
2.633326602102900593e-01
2.679056420392462168e-01
2.755809959855206048e-01
2.907023686237429905e-01
2.496355353028528179e-01
1.784170492418188370e-01
2.852539422099555355e-01
2.401159647923326035e-01
2.255435283285888715e-01
2.545299780540691836e-01
2.915122216344623318e-01
2.476643241810427554e-01
2.104753452770455613e-01
2.955473867058558968e-01
2.332283145619855891e-01
2.712276070430483799e-01
2.745636553673208580e-01
2.577440405077792152e-01
2.642888357170604663e-01
2.373825824573025101e-01
3.144961305306846477e-01
2.610468948481059481e-01
2.280323674625072128e-01
2.907315207237052279e-01
1.982986453298889173e-01
2.920220642683572509e-01
2.646618210329647058e-01
2.921366525718672169e-01
2.733002093340987093e-01
1.997193838457075321e-01
2.148854611844009666e-01
2.929156017207688589e-01
2.294849609407187130e-01
1.966400280614704066e-01
2.512187979183088116e-01
2.203667765720090099e-01
2.311367031942077044e-01
2.171061312504954099e-01
2.853807226946738496e-01
2.474788450104465909e-01
2.131428385434764872e-01
2.592876080660298510e-01
2.871383285399959351e-01
2.533942184768319672e-01
2.485877243954153770e-01
2.733144094506073651e-01
2.270967209471009829e-01
2.490175371104131063e-01
2.001053442157855744e-01
2.738118931762340558e-01
2.659476928513467286e-01
2.825319888252743050e-01
2.911626569786800456e-01
2.562288182575341855e-01
2.613765449873038937e-01
2.719657244649181793e-01
2.683562600554033062e-01
2.726150299831787693e-01
2.390438529254202693e-01
2.410499671548237410e-01
2.357422432877875895e-01
2.473429924085372988e-01
2.351681544488867515e-01
2.245376641783373151e-01
2.793341853880054737e-01
2.949894424688338512e-01
2.218032845022748223e-01
1.980886373413529855e-01
2.663100496407521112e-01
2.577690928522199387e-01
2.098279161217186106e-01
2.479155695624825073e-01
2.496230001830143375e-01
2.347044716717397450e-01
2.359092260138788144e-01
2.665740333784843430e-01
2.683589970214522724e-01
2.897775128170323455e-01
1.890665691942383098e-01
2.678353540998459348e-01
2.283040368350115756e-01
1.636748867702952637e-01
2.400931041757676243e-01
2.523986403355110708e-01
2.440218666439613882e-01
2.493008787241112745e-01
2.620305502334085990e-01
1.857900851588840663e-01
2.384176956404577274e-01
2.910533134699762603e-01
1.516514628332504833e-01
3.050241103251400410e-01
2.842206323983375027e-01
2.437626691137013968e-01
2.843965583705549416e-01
2.472925651197471208e-01
2.911110952860954670e-01
2.451374863036954455e-01
2.741601100553776593e-01
2.146941124623097386e-01
3.041673207073839480e-01
2.839574662760484536e-01
2.497200606775028253e-01
1.975816571543290434e-01
2.585409303781429635e-01
1.640981443011433893e-01
1.890793898840272824e-01
1.800262557251592899e-01
2.807610459470352149e-01
2.729173509417992527e-01
2.606205949485173590e-01
2.746796490666528201e-01
2.427119534714209104e-01
2.635705590100158591e-01
2.018359201742756515e-01
2.884762562345632997e-01
2.824673366704922306e-01
2.820411654019224224e-01
2.355768357987746420e-01
2.944353140441847150e-01
2.264832531184080011e-01
1.962517999595475016e-01
3.021098359872428918e-01
3.156168995631081775e-01
2.194081700872456686e-01
2.863052412961873405e-01
2.996130369475316080e-01
2.295089439286269739e-01
2.859390517800870501e-01
2.620456183061253275e-01
1.982082683600605577e-01
2.367096285854622395e-01
1.799761338961503032e-01
2.766292191840928893e-01
1.825192982819395515e-01
2.628876391797248524e-01
2.347865709783494570e-01
2.452998775766010442e-01
2.126031360036207130e-01
2.836824828684164634e-01
2.507606491181624819e-01
2.551454049102952482e-01
2.788713569745057130e-01
2.915573968579809327e-01
3.224302226212754086e-01
3.070542451480808843e-01
2.153040057770754523e-01
2.409201062645354163e-01
2.419335497939947566e-01
2.446926820588823104e-01
2.806083377090147213e-01
2.989385027753492241e-01
2.627206560312208561e-01
2.757538949825415475e-01
2.863854852237933679e-01
2.756309477535748287e-01
1.955192065967719939e-01
2.447234939531321429e-01
2.905317708443657110e-01
1.849523519695034923e-01
1.965725965018089993e-01
3.322920947203398812e-01
1.897612531635254340e-01
2.370302859364361581e-01
2.521585828548293939e-01
2.600142796854969518e-01
2.673483477859193713e-01
2.697461417134819905e-01
2.599070344966192270e-01
2.591667217368519571e-01
2.174631134253763587e-01
2.072658986270787540e-01
2.362690687012566071e-01
2.754602949088387764e-01
2.381820346704945357e-01
2.211119691550590405e-01
1.956544127149137668e-01
1.779592198018482563e-01
3.780659023359767557e-01
2.483581132641895228e-01
2.751888578370599858e-01
2.939935448436142851e-01
2.293917549901163255e-01
2.002884644840781936e-01
2.423130657189102866e-01
2.593257125914631422e-01
3.266832765853763809e-01
2.516445022135140874e-01
3.040184619940269339e-01
2.263627765213304111e-01
2.193056574717996698e-01
2.379392462678356079e-01
2.585527585166680908e-01
2.717414742130022098e-01
2.370029948399945685e-01
2.325896743832883418e-01
2.407382012810697358e-01
2.649015409955623457e-01
2.507823768018487831e-01
2.289616430222296273e-01
2.146364220758085473e-01
1.995643584404351578e-01
2.856193905710310843e-01
2.210731535986742713e-01
2.425529684689116672e-01
2.602382706841457893e-01
2.444735404384388300e-01
2.384702378402113465e-01
2.830060983176603817e-01
2.891908294836245119e-01
2.397352916033593795e-01
2.290120327149328949e-01
2.708303550440755436e-01
2.307162989030770162e-01
2.491664448883821603e-01
2.632415771530955406e-01
2.775267798815669318e-01
2.193395593430396695e-01
2.593520041440244284e-01
2.394456755423159944e-01
2.497022988682994216e-01
1.853542757266347929e-01
2.221431266135793225e-01
2.563253057984389294e-01
2.889376205462313996e-01
2.142915220905255436e-01
2.008172679822758655e-01
2.597703098121512677e-01
2.083465741832526419e-01
2.704063584597936054e-01
2.737527218799909456e-01
1.873419821927514717e-01
2.300586793083410631e-01
2.289442449384589129e-01
2.875283420110898436e-01
1.612820882377148657e-01
1.890025518201889632e-01
2.296579469522281036e-01
2.096467456274248853e-01
1.997672199045851804e-01
2.493682892349856906e-01
2.894435477214041263e-01
2.258841359175939867e-01
2.611159738363816318e-01
2.405384165107097849e-01
2.455028354904794374e-01
2.238152742839147058e-01
2.234081444355397461e-01
2.528201824820383026e-01
2.760258982274960138e-01
2.359894939603441877e-01
2.212238838807534802e-01
2.039593219357150045e-01
1.631063177732507696e-01
2.904136912547113925e-01
2.238283688169520058e-01
2.235207402293686585e-01
1.856274627221856655e-01
1.839804142663057085e-01
2.691413935397821700e-01
2.218369790265112274e-01
2.923319605463519655e-01
1.709082000368233878e-01
2.750425577911901343e-01
2.508338663010405978e-01
2.004345761624188871e-01
1.974401386677919479e-01
2.289291762320884716e-01
2.844868904610554083e-01
1.958722749335014279e-01
2.810310223131160523e-01
2.533333572126380551e-01
3.245705859270731075e-01
3.113750097729851007e-01
1.735740830824894498e-01
1.710449100316567828e-01
2.202943660885752220e-01
2.877657566377510578e-01
2.270295450843524687e-01
2.552034194000054046e-01
2.912429537502435606e-01
3.305212833493359481e-01
2.550526042313127073e-01
2.492643826874813562e-01
2.516174324754493208e-01
2.447242431471798318e-01
2.131309452200073062e-01
2.776437372148503058e-01
2.600980423674980058e-01
2.083971128593924416e-01
2.891939995256144202e-01
2.235544064267217523e-01
2.961878495770737252e-01
2.394350877751316164e-01
1.768282119995128188e-01
2.342810693384335674e-01
2.981318779879444936e-01
1.949126562660473128e-01
2.115235538994876263e-01
2.961005242270301485e-01
2.292858611810332237e-01
1.990846191504925256e-01
2.304552341898005730e-01
2.138091576706985242e-01
2.614785384420050263e-01
2.120174924811661921e-01
2.306873664461958073e-01
2.865281699113905178e-01
2.701887555082395087e-01
3.002908595933865832e-01
2.272458608129869773e-01
2.162495932259698439e-01
2.133379042588637586e-01
2.443762538224138470e-01
2.504873051196150890e-01
2.494638250065860929e-01
2.267537601486225296e-01
2.580421184199370166e-01
2.663334862892827171e-01
3.103348327562297504e-01
2.173934409108091992e-01
2.533176077300621221e-01
2.771644773447034527e-01
2.675737958882914991e-01
2.342202178158716286e-01
3.385040743473608504e-01
2.213649177691170977e-01
2.267599954265517581e-01
2.147368606300971705e-01
1.967301369090723728e-01
2.602067788725577757e-01
2.656173144709734202e-01
2.854786159599235762e-01
2.770873617692095059e-01
2.218261979173295761e-01
2.408622657247295740e-01
2.333425470811251734e-01
2.268847167970856338e-01
2.347427743977307801e-01
2.543947187111540442e-01
2.532489248839902007e-01
2.408805293793461755e-01
2.078950688927648782e-01
2.227566025284199447e-01
1.939461196701174339e-01
2.318897275697363036e-01
3.030143990302903156e-01
2.668432517319442310e-01
2.434253520554764960e-01
2.852617319692732356e-01
2.976406051768397676e-01
2.482287655992726494e-01
2.103588931170553289e-01
2.803342315273056329e-01
2.734518879649098788e-01
3.006993124670282458e-01
2.932961874685419135e-01
2.271477639430748985e-01
2.221428499651722788e-01
2.878637288667751926e-01
2.724989389716432897e-01
2.366732567711155033e-01
2.644733737127515916e-01
2.583498122051528512e-01
2.230605473140273576e-01
1.873648660426212587e-01
2.201384383434160097e-01
1.822076384517430370e-01
2.880707145776437161e-01
1.618009622928303082e-01
2.481086955921537884e-01
1.898701849285784893e-01
2.759181017682088011e-01
2.319226040334562700e-01
2.239255971035365167e-01
2.546235728899461925e-01
2.576381646319778063e-01
2.931822494679967583e-01
2.478986421640476945e-01
2.728102908574444041e-01
2.865205232364892995e-01
2.873225689457195586e-01
2.416178074119390840e-01
2.414363194196527951e-01
2.391207422554563478e-01
2.924083773856345769e-01
2.832282900909939838e-01
2.513036222010832654e-01
2.846034359321728546e-01
2.614448227700964522e-01
2.278791900716341245e-01
2.074955298612209398e-01
2.971956814585339224e-01
2.107842267303672024e-01
2.449927160301094142e-01
3.156910101028843618e-01
2.355777856768457024e-01
2.150319367007962890e-01
2.379424989262710621e-01
2.427144535733892217e-01
2.475808680830482722e-01
2.306293549340073801e-01
1.972787242768263838e-01
2.391529851771791448e-01
2.583767166107645563e-01
2.244431495192417969e-01
2.494118356980932205e-01
2.952724177961597585e-01
2.142800432376428810e-01
2.535598126782183659e-01
2.892994356083671836e-01
2.748515396919876674e-01
3.058854597031210321e-01
2.897223874945348832e-01
2.509482297701843279e-01
2.562786407886260553e-01
2.920438536049504430e-01
2.256708657671078200e-01
2.862693213662407810e-01
2.483228838694507834e-01
2.407526177858431427e-01
2.165074882391396782e-01
2.230952839763774564e-01
2.583200538400286517e-01
2.037528641190591572e-01
2.295398148796888582e-01
3.047001356889889045e-01
2.527138190777385995e-01
2.694855017838849176e-01
2.694494679556583838e-01
2.068824422399484775e-01
2.349752951407329538e-01
2.250314819109330011e-01
2.367290231158992175e-01
2.115095551566371079e-01
2.847802349307717029e-01
1.638089397197854125e-01
2.396965665150092573e-01
2.760292787837598238e-01
1.796366250069078296e-01
2.034298123218616916e-01
2.847095025073107522e-01
2.688004277916689611e-01
2.724747068153365870e-01
2.092381470532201360e-01
2.203258067200153936e-01
2.609836583857973458e-01
2.438096893620622374e-01
1.844509824398354314e-01
2.776498603868334247e-01
2.271775030973557374e-01
1.967635551150086759e-01
2.770937359108237574e-01
2.610229634454757641e-01
2.880385289921142400e-01
2.417214967613832699e-01
1.833785880011812031e-01
2.155499935963663127e-01
1.644498037053092332e-01
2.674703775840556741e-01
2.333068554083864987e-01
3.235948998220942174e-01
2.502261733010506806e-01
1.989818423881209997e-01
2.523181784413445761e-01
2.553892171402869504e-01
2.055698150564754800e-01
2.576741707937653114e-01
2.144525980937382337e-01
2.148462632822211171e-01
2.461523445549543831e-01
2.259014834106913283e-01
2.693584199620441266e-01
2.644653310384086908e-01
2.541024580601424776e-01
2.356831895567580992e-01
2.389008533270712553e-01
2.472353978577519762e-01
2.686304417100664477e-01
2.670769904197727307e-01
2.391729038233286753e-01
3.016666031004062165e-01
2.161071656199904933e-01
1.510306293936487521e-01
2.147730440691086873e-01
2.317697742797453497e-01
2.560488237083242136e-01
3.057385261656267450e-01
2.000691592464017565e-01
2.564364071673296830e-01
2.861660590407129057e-01
2.271263112236920900e-01
2.402342359698493302e-01
2.388845131209333950e-01
3.024593732532570023e-01
2.005996278684492873e-01
2.167065946490271122e-01
2.235788878899698795e-01
2.768411803051202824e-01
2.328132537397608337e-01
2.744968675556711535e-01
2.095528945970199231e-01
2.152619006026068316e-01
2.843820245752772258e-01
3.021013116658334274e-01
2.987344159990489301e-01
2.054629399781989219e-01
2.439596072320710241e-01
2.257810529755757134e-01
3.059752668659020403e-01
2.519996073295110439e-01
2.385483094655133918e-01
2.299763634525179845e-01
2.217832125329127768e-01
2.579489545262111383e-01
3.024049573269278479e-01
2.665337204305678331e-01
2.612821839398885571e-01
2.682630085728549552e-01
2.435229013641369844e-01
2.751613059697948227e-01
2.506980116164618244e-01
2.423915038192784310e-01
2.197402778286535463e-01
2.891433582642648492e-01
2.572059339730768945e-01
2.621159675069251738e-01
2.734118760207857046e-01
2.986138234363672761e-01
3.059332770910755395e-01
2.625937900660942903e-01
3.122226706661399009e-01
1.718263775796904369e-01
2.835640009170534159e-01
2.252598608518300294e-01
2.766791540056970922e-01
2.499499894230103603e-01
2.802014706576826386e-01
2.079523083657135452e-01
2.529731515492402161e-01
2.657455939843123005e-01
1.863247441607142341e-01
2.307872226238986413e-01
1.905478910588412900e-01
2.248887250494848999e-01
2.891006111518788502e-01
2.454620464672145896e-01
2.035000229739068189e-01
2.898950295789947118e-01
2.354513260846453904e-01
2.479550604881812503e-01
1.745472756121757563e-01
2.424409877814454051e-01
2.494067918537545836e-01
1.961969462723520963e-01
2.509123428077362772e-01
1.926368301881499767e-01
2.202721082022547350e-01
1.877043657350281058e-01
2.518091649082540018e-01
2.401607174379306320e-01
2.150839960286140551e-01
2.848064285847068389e-01
2.283002128630748639e-01
2.388943048579438566e-01
2.567057071806624347e-01
2.700382560956196554e-01
2.324447793363493830e-01
2.951448887980105962e-01
2.745392356754737251e-01
2.058272718973638282e-01
3.226399169755870266e-01
2.851357238637367009e-01
2.131973948907553706e-01
2.503553976427328465e-01
2.933665379970096243e-01
2.881531863829729367e-01
2.371138825860634736e-01
2.703401912007786789e-01
1.801470122651236128e-01
2.585805474853196673e-01
2.291224234636024260e-01
1.835760417910940745e-01
2.189713117217006733e-01
1.950056291602441649e-01
2.235333575552560237e-01
2.770881134046334626e-01
2.483418608688547080e-01
2.725090135869420171e-01
2.496062511621116586e-01
1.732235962683303931e-01
2.971284721378751881e-01
2.262755697943568678e-01
2.970235449114702053e-01
1.975652520524599498e-01
2.162724637785682080e-01
2.614584982098000498e-01
2.736045309867614073e-01
3.253059246929070891e-01
2.684063085083600031e-01
2.248139615212779441e-01
2.831078721056526915e-01
2.432619440443190284e-01
2.057222862893712256e-01
3.082967294757577581e-01
2.714012286709909239e-01
2.015403097388649700e-01
2.392781618612930816e-01
2.375066658665207220e-01
2.478140611452076258e-01
2.835004897121465861e-01
1.921123030074845528e-01
2.900920844797881815e-01
1.904522544255803918e-01
2.519736540709576200e-01
2.181241283237965733e-01
2.610732988661469411e-01
2.734187973241387626e-01
2.190547159045052594e-01
3.259151155924205345e-01
2.614843093970666277e-01
2.583197558697581941e-01
2.925839146769771970e-01
2.339484325683838517e-01
2.676134927366055072e-01
2.231029525664909585e-01
2.929694863970723762e-01
2.370600769140102648e-01
2.338463267204329843e-01
3.180477779334777155e-01
1.951431756842227916e-01
2.347488151216972352e-01
3.254985871013265641e-01
1.790524672242770066e-01
3.175027006219075520e-01
2.238740073208004000e-01
2.831386280147660806e-01
2.717887977519045095e-01
2.456338977645799171e-01
2.674225747094947647e-01
2.142175580203745100e-01
3.014667674977789535e-01
2.570414523675583762e-01
3.209056917245601270e-01
2.106720874119560605e-01
2.411118200449420546e-01
2.327502193412951115e-01
2.730760578909308123e-01
3.028240047069508667e-01
2.164746615105249405e-01
2.946972330357896519e-01
2.689531630125746586e-01
2.299458993022988063e-01
2.477834891623509062e-01
2.154795171943176546e-01
2.688507007117284520e-01
2.806697801618295296e-01
2.414547056943170678e-01
2.269011159386313536e-01
2.867939403943427501e-01
2.366150949336959797e-01
3.017219656696349395e-01
2.042508112745907711e-01
2.210727691592691002e-01
1.977072022064875756e-01
1.909769929094221053e-01
2.404147633124182615e-01
1.833701563438161763e-01
2.510658106859298133e-01
2.125286972726752044e-01
2.209891810108126908e-01
2.456260724462642486e-01
3.250749566149139236e-01
2.279216767718615921e-01
2.417712934824711724e-01
2.761432861554696250e-01
2.605697050719824603e-01
2.635248027437215868e-01
2.625154220862724874e-01
2.336287717778288975e-01
2.379621971076766318e-01
2.672443046702632219e-01
2.460688293155472717e-01
2.511832272379126985e-01
2.070477774338398413e-01
2.616419314067440216e-01
2.458278979172989764e-01
2.194403071617127277e-01
2.943453939107020800e-01
2.449494850549363001e-01
2.455843516547601968e-01
2.711279157232633352e-01
2.512661937190660000e-01
2.695010679460064784e-01
2.507602002672487118e-01
2.380337829222440305e-01
2.314662691220223112e-01
2.598321171452436240e-01
2.477486577933654954e-01
2.421877814735720336e-01
1.920262466259003153e-01
2.712957119096249814e-01
2.450257259456793124e-01
3.284872631884087069e-01
2.289711444644082772e-01
2.994123028671464848e-01
2.087691272521618457e-01
3.439083849128882209e-01
2.686643090512693677e-01
2.488110316789816923e-01
2.648879615540356558e-01
2.421177696364931187e-01
2.257142813440421447e-01
2.099448875571336137e-01
2.381564860824338103e-01
2.423314647672609179e-01
2.746360798852543472e-01
2.479740631610078960e-01
3.039415125771911530e-01
2.185624684476722146e-01
2.440026618625033283e-01
2.488424260586779013e-01
2.400014859844721848e-01
2.537248947012755163e-01
2.429693685682953186e-01
1.797321568704609573e-01
1.850579040100636119e-01
1.862117729708386016e-01
2.895483381725178496e-01
2.190506228770916775e-01
2.425011897541701489e-01
2.384886257288010569e-01
2.807840141649827204e-01
2.591363935519668815e-01
2.424136844998655282e-01
2.145087363349330589e-01
2.281458423072738051e-01
2.375761815070554783e-01
2.488797095187055275e-01
3.251597742250770251e-01
2.184231231376850269e-01
2.675835092885442412e-01
2.953575956940163172e-01
3.018214639318884118e-01
2.406185866208906399e-01
2.721861786209335277e-01
1.772194592035861160e-01
2.429639514822912461e-01
3.113929475095748578e-01
2.543029587878414266e-01
2.259435297692217182e-01
3.225042871469775974e-01
2.150957044410833352e-01
2.270347750729436731e-01
2.574908803435742022e-01
2.696894084832063276e-01
2.667646637411461019e-01
2.226634253082236670e-01
3.050359465148287375e-01
2.159317974882287716e-01
2.660033971868746017e-01
2.623504939377319656e-01
2.300314813281060244e-01
2.174431070668918775e-01
3.029563791865252931e-01
3.056385991622582177e-01
2.881870388258944704e-01
1.978668175587995903e-01
2.649381573794603595e-01
2.847045757810701683e-01
2.895543315476079571e-01
2.640154184536866455e-01
2.555283602590050496e-01
2.783155859789654962e-01
2.410500697462150677e-01
1.848149778008005006e-01
2.386301082141855656e-01
2.700096871858425618e-01
1.964997552007539117e-01
2.097262860754940395e-01
2.711164432656043566e-01
2.498851990682775248e-01
2.507591265607084785e-01
2.823904850383048282e-01
2.325664126681191712e-01
2.266822371193178975e-01
2.338292829578416387e-01
2.479046697951988176e-01
2.578525299361937861e-01
2.162418221376860017e-01
2.332895519246155347e-01
2.598424861939658825e-01
2.887631242131713516e-01
2.270335674870350706e-01
2.948240614404569748e-01
2.039007525154173384e-01
2.608650909376579730e-01
2.244017933200774806e-01
2.496542284515052834e-01
1.665599038641722429e-01
2.321253570764214846e-01
2.785828720086067634e-01
1.706536554309642795e-01
2.688869526787009412e-01
2.512403623873520897e-01
2.914775222224740281e-01
2.629395560209338845e-01
3.312350020853491173e-01
2.442980605903191660e-01
2.272732109419365876e-01
2.537112679659683234e-01
2.443200408751100283e-01
2.570380630423049206e-01
2.332860226209310661e-01
2.026549828462248792e-01
2.727578973154404784e-01
2.805083842210561729e-01
2.526459892069654600e-01
2.208920219113428007e-01
2.737645307517190263e-01
2.317764627838311553e-01
2.432764809915568816e-01
2.468531083154330008e-01
2.271014373949865328e-01
2.260613124869416124e-01
2.462484183680996586e-01
2.568845320993563552e-01
2.585506916962942436e-01
2.411559457099345938e-01
2.791356698926775737e-01
2.266212630264676231e-01
2.364424582074795278e-01
2.404315119258243760e-01
2.351853938032450464e-01
2.295252608493621727e-01
2.538394273388098754e-01
2.307603118350808891e-01
2.521502889203888764e-01
2.669504061321655852e-01
2.468019285152123765e-01
2.906860760440054814e-01
2.952924211683728428e-01
1.923608247850557285e-01
2.631519705928063724e-01
2.423858042610798069e-01
3.081085623065984436e-01
2.397056426040730381e-01
2.572229215240612876e-01
2.717356879635569045e-01
2.079517450332754869e-01
2.169501037663072451e-01
2.627723066117525486e-01
2.743297681220985273e-01
2.477588668053398169e-01
2.958784378542174132e-01
2.413928773369619085e-01
2.409939384478471947e-01
3.066432791469886343e-01
2.927648730109265740e-01
3.008473841848415820e-01
2.312749422877970196e-01
2.370481189758801843e-01
2.647520172588677667e-01
2.724103882240482277e-01
2.665806445811419456e-01
2.536188853412610911e-01
3.077195574700382075e-01
2.100366418479612807e-01
1.717161136550045542e-01
2.139698203947952848e-01
3.027869250180383887e-01
2.740427900942368211e-01
2.508449637392893283e-01
2.095859753470519227e-01
2.875566620676001106e-01
2.710745923444584093e-01
3.005810700754167897e-01
2.474897930794161538e-01
1.800962816944557399e-01
2.711529339065613109e-01
2.664123259317439096e-01
2.285626643794398394e-01
2.124926822787359670e-01
3.014571410201316026e-01
1.975718330521756272e-01
2.418261821097453246e-01
2.843763907807359548e-01
2.889415175848301653e-01
2.194557069918204317e-01
2.701380261015139395e-01
2.568539128789649184e-01
2.852621018796102637e-01
2.568007407252592689e-01
2.671605116599046204e-01
2.063679487660867451e-01
2.277197232123626403e-01
2.778069763603048803e-01
2.059102364848183209e-01
2.707818025087986857e-01
2.450902992431039373e-01
2.144617675810077673e-01
2.480030586830841433e-01
2.363042348481330379e-01
3.010653405736848920e-01
3.008035319984407319e-01
2.476917776388179449e-01
2.581535862156922323e-01
2.742766728052419278e-01
2.437312268362295808e-01
1.902036970198534016e-01
2.253973784055709473e-01
2.557574999476176503e-01
2.662639921248632913e-01
2.764883266534131634e-01
2.539551126037455919e-01
2.913976066286371736e-01
2.458099011099320330e-01
2.520020978295146596e-01
2.678036752649531338e-01
2.483580182521937241e-01
2.272890514097864190e-01
2.910533888060181651e-01
1.794715311803739832e-01
1.863066763715958696e-01
2.513461103768089844e-01
2.209260938710508881e-01
2.207994036163695717e-01
2.483672346103975859e-01
2.612532593357749788e-01
2.438536305128324033e-01
2.243385631606410191e-01
2.493199327862005432e-01
2.318588285136390370e-01
2.029405284246874608e-01
2.621079164688966401e-01
2.244601372770344827e-01
2.704368962303708157e-01
2.448959506137160513e-01
2.529423495691751622e-01
2.585658151934116522e-01
1.855161319732043790e-01
2.937363724731634762e-01
2.283806418404640826e-01
3.350808619499415220e-01
2.654600778766935676e-01
2.399831714784109171e-01
2.740060765814520405e-01
2.330717114026536751e-01
2.554319455626019031e-01
2.655067165306903565e-01
2.088677318203263078e-01
2.795464728474642002e-01
2.887328806966240058e-01
2.845981548822422713e-01
2.195802496291461015e-01
2.723063889984679298e-01
1.844435519543035917e-01
2.323227217861729699e-01
2.773306270647826199e-01
2.427977288225875996e-01
2.179021890023162822e-01
2.179443107392171619e-01
2.819068404622147028e-01
2.399085725530929747e-01
2.741889953287885984e-01
2.302358609052422567e-01
2.931844197297575061e-01
2.399920230646128416e-01
2.848652865986568417e-01
2.401472141676378458e-01
2.303342455072057982e-01
2.105071578823129452e-01
2.788675753072848984e-01
2.470479632470892195e-01
2.908415111979068546e-01
2.407398722633600774e-01
2.161178757037931497e-01
2.025519216297382297e-01
2.307591925563245161e-01
2.553922606384899652e-01
2.440762043674990778e-01
2.445757102083030154e-01
2.544849814414759659e-01
2.445002051233237106e-01
2.537738043603826044e-01
2.391085831582440147e-01
2.360835162007848820e-01
2.022438674913143442e-01
2.778022629386228681e-01
2.770476598305325333e-01
2.249696760333535772e-01
2.882847620301007274e-01
2.533944405704898206e-01
2.772136508629471363e-01
3.198264306205347851e-01
2.865658749592305821e-01
2.126469321228340037e-01
2.600235381821853209e-01
2.231772495719851201e-01
2.175451326072634639e-01
2.812057928221504133e-01
2.684753129822181061e-01
3.173801739047885651e-01
2.889807763480962133e-01
3.383198988957064057e-01
2.443971744115236711e-01
2.347556607229656089e-01
2.695954232397111405e-01
2.029045420036643677e-01
1.892323931336571396e-01
2.306398950705238204e-01
1.942070969858837315e-01
2.408524931666649327e-01
3.068202478100438557e-01
1.977573153266772854e-01
2.821859165418830195e-01
2.001224527284369004e-01
2.550695423454329980e-01
2.404632138686653986e-01
2.880847745727976861e-01
2.462385237269391625e-01
2.724093140191189422e-01
2.915948013098501046e-01
2.118514557405993814e-01
3.000729172612796036e-01
2.868147893307631535e-01
2.553560364790500858e-01
2.329487828004861427e-01
2.348629038433336924e-01
2.899149272855504611e-01
2.681811245529913679e-01
2.994999897540286948e-01
2.314654456289410300e-01
3.000110412210217348e-01
2.682890663848366830e-01
2.539133534336828757e-01
3.067191483406888630e-01
2.050011963501135182e-01
2.741987538874312014e-01
2.988766291031134115e-01
2.459989991471615289e-01
2.356940869133533345e-01
2.658245675996186441e-01
1.869784796033504837e-01
2.155486599922857849e-01
2.349946288210867651e-01
2.451209940626893347e-01
3.282930393796167912e-01
2.575334903922577023e-01
2.386553095243318934e-01
2.772640522265352736e-01
2.617532993140828101e-01
2.352791528414744926e-01
2.345405485387820899e-01
2.627302697657206143e-01
2.135710681153303592e-01
2.196453116789200410e-01
2.141575650323806201e-01
2.598999619849224896e-01
2.823093735055802189e-01
2.174668942323306764e-01
1.550697629540032096e-01
2.988911102879258652e-01
2.418048497388350093e-01
2.824872110585772700e-01
2.470096640078444372e-01
2.993435297083953395e-01
1.970852443773605245e-01
2.591959946617707899e-01
2.687851397484390947e-01
2.433465165840479061e-01
2.471285993733422504e-01
2.312218072683492887e-01
2.957891984306495470e-01
2.616570469532448207e-01
2.488383915821603121e-01
2.553175871302539868e-01
2.263063925417175826e-01
2.152457470187722488e-01
1.790233512230162138e-01
2.799180468980738690e-01
2.286840118276948219e-01
2.421177278898756502e-01
2.839701662878839072e-01
2.199796632052749001e-01
2.314414878878368054e-01
2.372468505115414017e-01
3.423225680012595418e-01
2.374140992077012347e-01
3.056793561477522125e-01
3.005993188175634101e-01
3.401615924399624125e-01
2.243582559799320586e-01
2.329686871506837231e-01
2.346729582846259210e-01
2.274444708394451342e-01
2.628802591736537075e-01
2.869873438295470480e-01
2.380218221975911319e-01
2.092836765588924897e-01
2.924070739392365947e-01
2.623059505342870690e-01
2.444296182810678508e-01
2.420123928638464317e-01
2.546963051754680962e-01
2.642094487655838320e-01
2.362341649276716027e-01
2.460141659855211993e-01
2.505370149921288814e-01
2.237789229862707230e-01
2.482524935925308762e-01
2.220301463812520693e-01
2.149106127478272177e-01
2.902871303148232274e-01
2.834010937075035486e-01
2.405156450457788808e-01
2.087167022854267695e-01
2.339741161960523230e-01
2.206064257475760237e-01
2.807768468559598274e-01
2.415492479777261448e-01
1.781809903014810459e-01
2.679553322972890173e-01
2.462592442011164451e-01
2.090327317113616634e-01
2.139766551585292054e-01
2.450475693382828113e-01
2.642641873132182129e-01
2.353784649730082112e-01
2.470548357823276198e-01
2.010704710397005768e-01
2.461111520705446531e-01
2.331782548858649662e-01
2.876508225912221550e-01
2.281171844999772824e-01
3.011708748787068624e-01
1.877302787947354445e-01
2.686412928873833095e-01
2.179026513876988480e-01
2.617914894866306685e-01
2.717130880520484681e-01
2.874188753119885087e-01
2.169484790840581212e-01
2.436090203479401861e-01
2.925602337409715648e-01
2.780157091723298723e-01
2.754893851637411628e-01
2.500324719166868714e-01
2.409903240137989955e-01
2.554033407205484885e-01
3.031728816043495756e-01
2.528188146642963430e-01
2.022024321793823021e-01
2.682161861412262205e-01
2.190729813700682815e-01
2.630004798113435016e-01
2.128363708176816971e-01
3.126271039832512200e-01
2.346427486366713944e-01
2.442258810285773407e-01
1.978632778546334792e-01
2.658044853775451410e-01
2.417967282261544448e-01
3.184719211322907806e-01
2.264456788445855517e-01
2.086776699083978670e-01
2.436045895487222446e-01
2.157747511037608201e-01
2.644696046535605083e-01
2.909208962952380406e-01
2.815305986193215593e-01
2.333916532203367256e-01
2.548852167944438696e-01
2.507998562269472820e-01
2.708037155037016364e-01
2.762991981877652714e-01
2.349506148323226573e-01
2.557388793392210702e-01
2.055186501317561032e-01
2.828408237307679651e-01
1.837651607620211514e-01
2.931395749670520634e-01
2.460758849252651093e-01
2.703080265919013958e-01
2.550004009129452909e-01
2.950870656381966439e-01
2.325717769114753475e-01
2.133951927939617410e-01
2.636488007810758316e-01
2.491358840954415732e-01
2.541524992852266518e-01
2.214527701280983030e-01
2.260880350193260335e-01
2.796864856192930460e-01
2.903564188227509280e-01
2.808648306356334445e-01
2.312497966494427015e-01
3.120836481732741641e-01
2.598566747036859526e-01
2.741951884393552530e-01
2.896488778859535596e-01
1.726746100249806903e-01
2.165127285941789437e-01
2.699712991426455599e-01
2.349894085962812018e-01
3.196101957838558549e-01
2.350375500520949512e-01
2.277996418131791878e-01
2.763551426426265056e-01
2.552174024693317778e-01
2.653248255916659804e-01
3.011066140334169861e-01
2.633982438362442724e-01
2.389156456630875947e-01
3.149234581399449895e-01
3.100517822036272242e-01
2.326509214713256557e-01
2.946724390970897889e-01
2.460853047055241716e-01
1.826726415185559449e-01
2.300843392675535337e-01
2.228851697135427745e-01
2.181578681605590431e-01
2.174949733037560284e-01
2.842149995902071846e-01
2.348701979896752057e-01
2.633377947024922450e-01
2.319498616046750394e-01
2.374057085479761298e-01
2.599574104616531600e-01
2.028109568865734680e-01
1.926739387976299511e-01
2.631902705667238940e-01
2.420612108677031860e-01
3.072453958222242099e-01
2.787917303637312827e-01
2.301894272192712421e-01
2.926310846731002835e-01
2.624937008871416344e-01
2.390459880196126041e-01
2.353916708799758117e-01
2.328131864253414618e-01
2.333897760343670302e-01
2.269382240320471367e-01
2.440578708292616417e-01
2.558591669113062794e-01
2.172298803697118863e-01
2.119735470824111179e-01
2.734394931587941224e-01
1.839043167071310880e-01
3.098194461081423823e-01
3.220191688736061542e-01
1.727802303860536404e-01
3.448404423660171303e-01
2.241680968910403360e-01
2.716416765948186374e-01
2.409610862802416542e-01
2.447282205717846160e-01
3.001225895582519398e-01
2.316426645960594222e-01
2.450270232093606226e-01
2.883934043568245342e-01
2.322891778726242085e-01
2.267432177924802450e-01
2.433003016222989590e-01
1.941057525699415864e-01
1.900002218569141477e-01
2.721626636995157500e-01
2.439310807854648822e-01
2.599088872804588002e-01
2.086206986354142701e-01
2.405248082549334143e-01
2.583072939967243631e-01
2.628499932373066228e-01
2.327023688011453095e-01
2.155908050894529138e-01
2.303006833509855245e-01
2.312255579203193467e-01
2.662541644778457783e-01
2.264010135093065534e-01
2.875086051545007182e-01
2.803873321313618550e-01
2.746616098614202972e-01
2.086915682824808382e-01
2.597990313493277470e-01
2.232083790799687106e-01
3.109768349571239154e-01
2.434155083716660894e-01
3.026964738720293591e-01
2.465166324840118162e-01
2.205707528801136574e-01
1.513904648552180376e-01
2.725245060924405549e-01
2.782480638107712734e-01
2.727539717951620313e-01
2.514995502872442446e-01
2.090556061596738346e-01
2.533823940250939932e-01
2.730030163083249084e-01
2.428830134513032535e-01
1.825146203218656060e-01
2.488095151363677315e-01
2.535394696560379635e-01
2.900570060599897415e-01
2.443797730527281775e-01
2.630242757640623985e-01
2.528859747595346708e-01
2.080743922436972537e-01
2.896909407223699495e-01
2.240497929652640052e-01
2.719693786282018078e-01
2.019568092518063129e-01
2.893731923074593371e-01
2.467725316540864133e-01
2.636544117846953972e-01
2.932337857683230964e-01
2.128217968349559730e-01
2.482653990376450515e-01
2.572165753685508038e-01
2.537054639497768327e-01
2.979968157769501413e-01
3.032762889253258209e-01
3.136368754603747755e-01
2.241670518456767014e-01
2.402320672097519871e-01
2.800816901113900026e-01
2.144781037653205602e-01
2.497273336862707027e-01
2.043348285489690330e-01
2.497629508604214954e-01
2.745380825028931882e-01
1.761971704070043887e-01
2.449432727272431720e-01
2.822331990820465819e-01
2.798645566917624672e-01
2.434628887207946624e-01
2.378016959270092823e-01
3.116045415190236700e-01
2.027274789707211866e-01
2.340939566028034380e-01
2.501740165398229077e-01
2.344557208472894394e-01
2.564260268827662226e-01
2.469832752041513646e-01
2.118363027453653569e-01
1.922338505591315028e-01
2.542631156537881187e-01
2.569671000533144123e-01
3.048414403951296703e-01
3.177156728502555927e-01
2.900320252305452207e-01
2.596212373263829254e-01
2.439557917607454440e-01
3.006068075432976605e-01
2.575415824421366517e-01
2.318631662861865839e-01
2.785693017979751773e-01
2.414912456463851054e-01
2.387721720836706585e-01
2.645265700650448193e-01
1.862260657601588765e-01
2.403474825003299731e-01
2.810603374069599036e-01
2.475815382479602256e-01
2.631397451290307665e-01
2.653748969481484199e-01
1.953170058379187779e-01
2.081107464703984555e-01
2.573610841789214509e-01
2.230974830984503998e-01
2.430189664530896243e-01
2.141437687688911851e-01
2.755227473548989003e-01
2.518348296295734867e-01
2.517530561442954395e-01
2.450081704227661528e-01
2.307078609750567444e-01
2.698561828919610606e-01
2.443007023093963781e-01
2.855729972117154181e-01
2.362018934075910681e-01
3.236233370687496835e-01
2.264188817196917669e-01
2.698053840805119674e-01
2.714547671883498769e-01
2.475366021133032779e-01
2.792972128678549160e-01
2.920593039224633758e-01
2.315277467361564478e-01
2.654045850862348233e-01
2.425294616493711142e-01
2.859237244586221860e-01
2.361435430239363920e-01
2.204087025870674621e-01
1.614428183389655658e-01
2.197472478367292759e-01
3.015157592974647138e-01
2.683449118088776508e-01
2.659701933401542040e-01
2.580612037598900010e-01
2.216444143193547767e-01
2.541705750773839423e-01
2.338009195071057422e-01
2.713126091048921329e-01
2.785542038510130380e-01
2.219926924476697816e-01
2.348774667136938610e-01
2.870593638451517937e-01
2.427509300528467029e-01
2.891421507543593949e-01
2.072188111893876195e-01
2.193940826638903774e-01
2.554802549024259850e-01
2.669213386233317831e-01
3.014355185750255961e-01
2.447466259007191336e-01
2.597738993002399188e-01
2.849471884337626548e-01
2.322419334102395205e-01
2.344749409278605867e-01
2.704865318910172900e-01
2.745367966744883259e-01
2.047182914179416224e-01
2.329677302797884264e-01
2.433664204812741594e-01
2.427905010225613336e-01
2.314332645227837326e-01
2.222973360993482916e-01
2.371764062516027449e-01
2.781426089868382912e-01
2.198034942148523463e-01
2.008050776862377873e-01
2.925922405292494810e-01
2.629707533755678561e-01
2.766386338247472931e-01
2.692478196084329700e-01
2.613098239571648440e-01
2.549897122817563200e-01
2.235344479640554716e-01
2.964119295169588830e-01
2.589737180313481657e-01
2.199256065300476126e-01
2.475085003020807417e-01
2.578082328895314745e-01
3.065036759314399006e-01
2.513375861165694780e-01
2.291841275843080616e-01
2.366433997824488600e-01
2.078431486976500819e-01
2.086494854795982179e-01
2.607859614461289777e-01
2.372430152358746824e-01
2.726203722079673653e-01
2.172856020515651632e-01
2.453434776037894116e-01
2.989736995844602951e-01
2.222815314795004715e-01
2.889542880791630131e-01
2.290894650757585582e-01
2.809752745668954166e-01
2.913672849389300490e-01
2.653951632214279210e-01
2.601381167191218480e-01
1.842834948191987288e-01
2.414569565910702209e-01
1.849986156760320966e-01
2.845977542312812525e-01
2.513462010510034150e-01
2.722126747624531440e-01
2.410843622623935756e-01
2.676453459017110736e-01
2.722949156663340142e-01
2.834398550709645859e-01
2.712727864383230325e-01
2.495443619344791808e-01
2.288492025445821310e-01
2.509197249269476404e-01
2.326680624839156941e-01
2.208385111906298048e-01
2.145210725964472875e-01
2.560862405280949772e-01
2.002115469721440499e-01
2.788154716535826694e-01
3.007054884142791318e-01
2.877871146740302311e-01
2.374681512416325357e-01
2.908299531834959706e-01
2.576067146919283068e-01
2.479760776326037364e-01
2.697560792600766644e-01
2.166272036586506244e-01
2.610452130859874376e-01
2.302029450508920327e-01
2.463334331518282905e-01
2.626739437009307232e-01
3.274111239291262465e-01
2.484060996889206896e-01
2.887405741791754799e-01
2.985470300027417978e-01
2.095762452076428417e-01
2.587926401369344820e-01
2.161297508288309022e-01
2.127597429312369781e-01
2.709140029552842832e-01
2.926921321438812340e-01
2.841917362020642268e-01
2.723546151818290739e-01
2.858106299244670967e-01
2.345756670605312344e-01
2.734058961274325461e-01
2.135535665175956610e-01
2.487359879187404088e-01
1.844323883578587453e-01
2.480462892827804966e-01
2.446638976782989638e-01
2.339053799640641029e-01
2.505560456952355963e-01
1.892797293776181111e-01
2.856573845126496036e-01
2.157759572646470725e-01
2.432258222610520215e-01
3.090246201150426697e-01
2.495553135908007703e-01
2.466559555121732861e-01
2.607104458181858098e-01
2.290911667097029480e-01
2.280867212399944055e-01
3.077221894982231643e-01
1.958786813722023235e-01
2.874897744698082791e-01
2.722651377663262151e-01
3.141295110066171792e-01
2.061951037491032146e-01
1.681818418778958379e-01
2.578666481955713130e-01
3.003821344056301079e-01
2.626037332029759752e-01
2.736848152972651271e-01
2.533236192966079048e-01
2.708118442363077194e-01
2.702304222290744518e-01
2.925587435351250098e-01
2.552865388839658523e-01
2.151501894466729403e-01
2.295205925676470915e-01
2.131523755356334315e-01
2.302444977971937479e-01
2.201603942497971644e-01
2.615471793914900811e-01
2.445704773709969915e-01
2.502232806630338979e-01
2.256187188417528855e-01
2.863422190989726168e-01
2.223707514083334558e-01
2.763358782598920871e-01
2.483447295697125967e-01
2.570494910859488225e-01
2.575691133129976440e-01
2.516447331079507133e-01
1.840714335298694049e-01
2.622910803596746887e-01
2.344934537971979926e-01
2.866658929910808062e-01
2.071956654231045802e-01
2.496335156777481079e-01
2.187199519192513930e-01
2.052023563075039136e-01
2.539569853301485436e-01
2.067636291918564795e-01
1.886496193406087818e-01
2.242053275234680287e-01
2.262365452104339036e-01
2.900677645186306441e-01
2.687694386537664570e-01
2.490618753096538740e-01
2.583841115512159337e-01
2.489956105712647916e-01
2.708925357130025358e-01
2.611330003118171317e-01
2.648906127306269731e-01
2.421701604898741644e-01
2.800770340085280141e-01
2.791573182460613811e-01
2.521882733218138162e-01
2.228704818511932639e-01
2.638839604173342512e-01
2.124085614602438110e-01
2.957446262579130902e-01
2.214968500641591176e-01
2.175376306588550634e-01
2.236342223494215409e-01
2.746466709334237644e-01
2.780102930479220746e-01
2.982513245707671401e-01
2.823726688960744302e-01
2.801266500321260011e-01
1.779315531627501390e-01
2.281099790996954091e-01
2.251599401820844615e-01
2.322525352993022041e-01
2.470981588575317800e-01
2.598615160389320944e-01
2.873486241329904489e-01
3.229914952876216105e-01
1.948170237888950940e-01
3.047479390114801734e-01
2.299747310829407254e-01
2.255840225401386789e-01
2.052006088483021018e-01
1.875435903011572480e-01
2.517095856946260923e-01
2.780454610031304341e-01
2.621526378724794437e-01
2.327738529991602578e-01
2.842262936739957113e-01
2.582273544098253604e-01
2.677111954741583921e-01
2.214559940045719988e-01
2.191181114212577552e-01
2.695970398537574364e-01
2.065490950438558238e-01
2.367831508535046814e-01
2.414996414773731837e-01
2.790696013850572088e-01
2.329739626495317961e-01
1.816035349750587391e-01
2.323731659032395314e-01
2.392633108835540146e-01
1.950705156178645372e-01
2.393401417955354771e-01
2.774112859831697753e-01
2.415258932918711021e-01
2.494556008635559763e-01
2.735254098846434112e-01
3.123571518176172512e-01
2.233624152395769502e-01
2.103520804441083580e-01
2.797869042310378584e-01
2.831085369930542717e-01
2.338355077331983056e-01
2.657180452926504732e-01
2.591463885554537994e-01
2.533885185833624210e-01
2.826127181190634108e-01
2.225964044933244623e-01
2.261001204768462447e-01
2.587622134629666837e-01
2.890157918684320149e-01
2.230994057133784680e-01
2.863998165416234420e-01
3.236230881343545862e-01
3.005517312509920491e-01
2.823887056498803338e-01
1.923321399726874159e-01
2.614837166289479820e-01
2.789450822150504883e-01
3.114569340126413510e-01
2.806524717560463511e-01
2.524855733682448422e-01
2.636452298321566023e-01
2.598591898303252989e-01
2.148853861977474133e-01
2.677101547179948637e-01
2.010482736307174501e-01
2.412542344585884846e-01
2.925254424624055272e-01
2.565512390181526325e-01
2.805243349821177623e-01
2.441227674954409010e-01
2.455179418033075212e-01
1.935344249803077343e-01
2.050616427149706822e-01
2.455870356242323416e-01
2.391258504224171855e-01
1.933553529584452757e-01
2.351806668641598375e-01
2.005818528269309731e-01
2.635490850137996999e-01
2.991547449042539220e-01
1.529358009611429536e-01
2.345562628746347134e-01
2.381511745649007028e-01
1.712214936284959521e-01
2.531907692077906558e-01
2.334472721982530641e-01
2.441654881838180025e-01
2.806023188486601594e-01
2.190220392832474550e-01
2.621831420384784228e-01
2.904029633813083877e-01
2.447872991081589678e-01
1.715319423165146684e-01
2.457376295307386604e-01
2.731141378085910065e-01
2.976894219503720684e-01
2.456339611768715292e-01
3.146062944645218185e-01
2.203712311358570763e-01
2.373895312944451219e-01
2.222680223359113361e-01
2.738515978221193192e-01
2.128126836812339884e-01
3.020008743429635212e-01
2.745184728964256138e-01
2.717578533552595377e-01
2.474167650353690517e-01
2.885607168998506888e-01
2.958918989100018382e-01
2.855082309276805175e-01
2.765507244850511359e-01
2.156923375479267158e-01
2.795841452545087535e-01
2.396002547448836950e-01
2.081010110951857506e-01
2.006893256199467901e-01
2.320482050488443249e-01
2.523001758479903045e-01
2.569907761228144571e-01
2.946619064885256933e-01
2.412857224035665493e-01
2.693349685841981422e-01
2.620206689822021096e-01
2.831349872452644245e-01
1.953429737167826918e-01
2.790611101524668736e-01
2.667207422354540558e-01
3.479424659222533078e-01
2.678422680627140506e-01
2.527885519786222113e-01
2.156606031922905509e-01
2.767253617845010227e-01
2.397266357583712759e-01
2.250709891225997072e-01
2.631521225011319021e-01
2.059548271085265836e-01
2.512936992438822847e-01
2.331026671538378447e-01
2.435619791604284878e-01
2.568900575628304539e-01
2.849238244699043299e-01
2.986984878777619312e-01
2.253166879967825609e-01
2.115338301260369924e-01
2.242420186952296945e-01
2.676805840693479155e-01
2.450529829085066058e-01
2.912865808794539157e-01
2.058969161223027367e-01
1.743600099977946072e-01
2.921607251102673053e-01
2.451225695298723528e-01
2.429339147888552597e-01
2.817318458244830737e-01
2.193306433277946166e-01
2.541063531924891983e-01
2.469846840376270225e-01
3.018188722835119520e-01
2.814082638047250007e-01
2.857135909172315302e-01
2.967604539845264400e-01
2.759105100242664754e-01
2.551892162173441947e-01
2.241209137289203457e-01
2.287526469421076458e-01
2.903608762542828625e-01
2.563531061182063864e-01
2.874096554570987894e-01
2.338362731807084316e-01
2.674323841051477468e-01
2.060985891908141965e-01
3.112486632465690239e-01
2.229024133201004121e-01
2.477526156096507837e-01
2.338548007695075703e-01
2.879885437137276183e-01
2.306373842901557336e-01
2.625570831948122463e-01
3.059339115832336309e-01
2.069494870806859455e-01
3.219542471839988984e-01
2.172940382812384164e-01
2.855910097574847484e-01
2.358125174217997611e-01
2.428925212698749281e-01
2.265977960563784199e-01
2.935970501254167031e-01
2.309366928547512410e-01
1.764295703764222900e-01
2.524895403503739089e-01
3.118992516724870545e-01
2.883275685369312558e-01
2.663974746042651609e-01
2.736101770636377717e-01
2.596811204707351051e-01
2.148627763336771468e-01
2.501090002647641808e-01
2.094480632435634093e-01
2.737053945416666467e-01
2.385796047396667452e-01
2.702225305562210855e-01
2.491997921071867073e-01
2.177146710644276006e-01
2.041794665581641299e-01
2.476534178734787206e-01
2.388549873144890923e-01
2.363870070196944229e-01
2.351354873774084697e-01
2.562378170409882472e-01
3.340356936048763936e-01
2.790699206098700147e-01
2.871296186405281059e-01
1.918298707762117472e-01
2.579121477605231250e-01
2.544755648980167595e-01
2.001907396929265559e-01
2.836681111509642417e-01
1.971582283182697348e-01
2.457276619277770913e-01
2.111042217492783979e-01
1.752151472171345759e-01
2.098968430736241064e-01
2.661800873682914070e-01
2.418363377117020430e-01
2.200396086700354137e-01
2.444592063217775058e-01
2.599715416315377947e-01
2.662647363272205303e-01
2.282658689826577159e-01
3.042482703773772834e-01
2.381668269256884962e-01
2.416504558125344426e-01
2.367876864342448595e-01
2.119502158177501705e-01
2.289104826768468270e-01
2.170261500297483159e-01
3.072935340066420551e-01
1.870603013072532905e-01
2.471154190566975661e-01
2.710669164604770920e-01
2.521168988422874957e-01
2.467168235960743028e-01
2.580872584898454281e-01
2.002005014598899624e-01
2.498550898196539027e-01
2.571877879394434685e-01
2.322209586632816569e-01
2.424264288810305812e-01
2.482563152386375038e-01
1.960572115131767323e-01
2.483545406304625280e-01
2.617530644477163437e-01
2.275272676230973845e-01
2.097408303880649583e-01
2.312114834013427878e-01
2.370124453156931266e-01
2.171880411598656746e-01
2.441872851705522707e-01
2.456926330624568111e-01
2.146723168435644702e-01
2.447376596103763013e-01
2.024934359386000859e-01
2.710841469617266131e-01
2.416625567821079346e-01
2.170195359411008773e-01
2.329012017880222885e-01
2.319582080563734605e-01
2.465413539761869277e-01
2.399103966811022004e-01
2.719022307685135531e-01
2.799655693550281987e-01
3.224839947875431934e-01
2.315822829395585425e-01
2.755266838015468789e-01
3.469253335415338202e-01
2.998461068207101676e-01
3.158137007839016963e-01
2.613573817433550439e-01
2.434665132845438285e-01
2.640787162807041177e-01
2.613884562488505980e-01
1.780945481341996428e-01
2.580967509164768803e-01
2.633902628884029484e-01
2.419003311597268668e-01
2.430055236240384053e-01
1.967009051467250302e-01
2.322853911294167351e-01
3.019565581623355754e-01
2.275651193788491844e-01
1.903999466136472307e-01
2.564510138005472450e-01
2.141912324745300078e-01
2.502331902392402330e-01
2.635944533053378724e-01
2.914002076483777071e-01
2.907801806456066229e-01
3.054444804179639594e-01
2.130871080555640784e-01
1.916741176903961064e-01
2.665498558260724904e-01
2.560038568914566603e-01
2.448267794390392160e-01
2.941647889896725765e-01
2.596996241370392866e-01
3.232093068936016667e-01
2.021015047464692904e-01
2.244638247907267403e-01
2.506707362505807279e-01
3.379243933425522539e-01
2.845689789835567640e-01
2.600782543073232311e-01
1.744780266234971788e-01
2.257394005944109716e-01
1.906951617002080046e-01
2.338112841523734553e-01
1.837159952756580727e-01
2.249160940829161293e-01
2.326058467125125262e-01
2.941413681761487764e-01
2.612117632207526796e-01
2.782419875686485966e-01
2.584540198758373819e-01
2.806786512367130393e-01
2.607466830863304774e-01
2.262697318599853624e-01
2.710068774152544768e-01
2.633376360281204920e-01
2.595918859050751482e-01
2.249802353205861138e-01
1.883581729256386950e-01
2.469175077790737305e-01
2.349000629372390847e-01
2.304434948707836661e-01
2.684574936741218609e-01
2.487875730792295514e-01
2.440442011677270429e-01
2.052601552911900717e-01
2.120814592417428202e-01
1.878272305879224169e-01
2.781697269892113855e-01
2.085272753527863121e-01
2.324385599117729795e-01
2.370761166289215849e-01
2.634476796174820556e-01
2.425905972608000116e-01
2.722563137542612921e-01
2.655826690323758732e-01
2.674485481340050375e-01
2.707419551899384880e-01
2.972963654402474565e-01
2.833742485724743965e-01
2.594853690269074975e-01
2.666799776039276981e-01
2.489470324212568475e-01
2.107823097127386469e-01
3.320575325063489514e-01
2.478992255355979279e-01
2.185278947220585244e-01
3.059023587895817187e-01
2.034512726845951469e-01
3.217053070371641565e-01
2.880529269679639182e-01
2.846264266091377282e-01
2.617060768227600920e-01
2.562843240696063285e-01
2.026827397981076084e-01
2.548397482118023305e-01
2.432227819010293335e-01
2.636482188508994517e-01
2.117608380452466466e-01
2.009228491311104980e-01
3.197711530573668637e-01
1.761778056269805437e-01
2.716120898587172650e-01
2.520576360617631240e-01
2.672486906342486090e-01
2.295215302913427291e-01
2.230655586166914173e-01
2.435003885009483782e-01
2.349246691150245203e-01
2.971039922641119380e-01
2.224103985476363066e-01
2.705993966113913185e-01
2.215110128385385790e-01
2.824798537001757537e-01
2.356278772081944195e-01
2.100135749569444765e-01
1.994287615902265998e-01
3.043838785947844960e-01
2.566010554644343467e-01
1.694960708047126008e-01
2.980301574278463872e-01
2.739302353849960570e-01
2.531850589177420119e-01
2.829465218314991537e-01
3.117134307630435308e-01
2.550281094373145208e-01
2.494020599301264296e-01
2.409469362339737852e-01
2.395182910514470354e-01
2.575578796265967640e-01
2.202938899514489401e-01
2.319831274921604902e-01
2.535690340767964290e-01
2.599371367958912549e-01
2.830069733276890931e-01
2.277284114719644870e-01
2.346772041099758066e-01
2.469716406434012135e-01
2.634652417206923558e-01
2.459000176338508870e-01
2.170407633350332210e-01
2.965076042067545381e-01
3.180840555814423709e-01
2.699152371315845511e-01
2.945587383057750031e-01
2.881842039111284226e-01
2.941139566827851715e-01
2.229597656445918841e-01
1.925392816690444375e-01
2.739873320098416554e-01
2.138018804888049407e-01
2.390258793209705246e-01
2.900698070820389995e-01
2.337730058887876328e-01
2.762611213231825902e-01
2.345824460324991700e-01
2.627033726667006852e-01
2.264741864862586107e-01
2.661552532145506356e-01
2.405556391439255259e-01
2.610538563043348637e-01
2.813567037726409370e-01
