2.712769793949088015e-01
2.399304936804020627e-01
3.338113554507651237e-01
2.609317332483782059e-01
2.135428446214198139e-01
2.527851110735945261e-01
2.675587576126713940e-01
1.715476402154906266e-01
3.170191388621013684e-01
2.677479431875812721e-01
3.202074226556450021e-01
3.242912388933520407e-01
2.987282798724726351e-01
3.378502164778792172e-01
2.752714387213204272e-01
2.716107569773843489e-01
2.569001411975115889e-01
3.135289915685352535e-01
2.825315061327133836e-01
3.020284653648801498e-01
2.238987040355124025e-01
2.963099127420592560e-01
2.144245293257901197e-01
2.611169415634405633e-01
2.953564173095649670e-01
2.891953107301344361e-01
2.300736883048195847e-01
2.320701664991709212e-01
2.428906673516382786e-01
2.961621672303054176e-01
2.283957538635732198e-01
2.960218615822662880e-01
2.229101417846576783e-01
2.679504811293972888e-01
2.442916772972174022e-01
2.951286909809233694e-01
2.904829319474908078e-01
2.737242763022949554e-01
2.444120592652960777e-01
2.512417784960088718e-01
2.363604028505564836e-01
2.906988050709379823e-01
2.829142026952118361e-01
2.379310759463810210e-01
2.410808751626851432e-01
2.403883241091840650e-01
2.980260787239941700e-01
2.795887644246881631e-01
1.960481646895799734e-01
2.964997058969394139e-01
2.585441000441514592e-01
3.002018168657569208e-01
2.650081212310335665e-01
2.704465855465135737e-01
3.405249002682712578e-01
2.207706022921921696e-01
2.404954580414482013e-01
2.484909516503835403e-01
2.677491140274969039e-01
2.080909264763448063e-01
1.899550151271948983e-01
2.470826297169965435e-01
3.154584250595192652e-01
2.687214888844657867e-01
2.338779783847216021e-01
2.741198621047931661e-01
3.031776396868460788e-01
2.949295574391417318e-01
2.571569060789045125e-01
3.177867630759683149e-01
2.700795967162518685e-01
3.228507706909244379e-01
3.121918741718118229e-01
3.151480308014561471e-01
2.911203922102342245e-01
2.517771742784611355e-01
2.659185550195138914e-01
3.014154999573452343e-01
2.846541298036225909e-01
3.372882871152829143e-01
2.526025994960950927e-01
2.405587572826576315e-01
2.155193818319305621e-01
2.797001014460374635e-01
2.919119961297895194e-01
2.551699211979058246e-01
3.001789312360942930e-01
2.270126613894785372e-01
1.858684751282732028e-01
3.145499340257323917e-01
2.936348443384732554e-01
1.874548666791596985e-01
2.158185131923978928e-01
2.454871661120020254e-01
2.266534225305681938e-01
2.984876906059272805e-01
2.795662212128559032e-01
2.575502180169974009e-01
3.587093813182514190e-01
2.813428420847676192e-01
2.268893420405527495e-01
2.654257346484924507e-01
2.715303745258671464e-01
3.060390624750164990e-01
2.728316646401586776e-01
2.871241129497982270e-01
2.908147306476865923e-01
2.737134405720973440e-01
3.247436344078544757e-01
2.666523031588787784e-01
1.880736912645153691e-01
2.695858049435592152e-01
3.027861960698191579e-01
2.868527741528614228e-01
2.677659807398443115e-01
1.885807302126352725e-01
2.819987088217249527e-01
2.716435529256867043e-01
1.983301259956090079e-01
3.148344212516819285e-01
2.310268376853044370e-01
2.900332046662018604e-01
2.755890175223318361e-01
2.731417057571891571e-01
2.788474561675439167e-01
3.287966006260954477e-01
2.908217071092074058e-01
2.486672653525015264e-01
2.500621261670524786e-01
2.860830853285043496e-01
1.949050088908116651e-01
2.351173028952776023e-01
2.093912560215023255e-01
2.634968465428614293e-01
2.359762495524566073e-01
2.787811318130308802e-01
3.231197753539274964e-01
2.335030263879885049e-01
3.327798108889054030e-01
1.894426505174187092e-01
2.111274443641124043e-01
2.702210845332055356e-01
2.353994494883691058e-01
2.392307210320033239e-01
2.773703788660216718e-01
2.126993687553733747e-01
2.587462421669414203e-01
2.692474267636746910e-01
3.184938701373314363e-01
1.996434071695016577e-01
2.061867870853383578e-01
2.378116899652382155e-01
2.618157383762134693e-01
2.106823866580573301e-01
2.137079353825165340e-01
3.606244218809709356e-01
1.800711773689812611e-01
2.798718733979734807e-01
2.647654418287821443e-01
3.178001461169308595e-01
2.458081864342355483e-01
2.515646450169737869e-01
2.932439253504108834e-01
2.377956397117583776e-01
2.231484376576116646e-01
2.494916564900259148e-01
2.416926543448684739e-01
2.582545858519822435e-01
2.493506381622409562e-01
2.611374311794008585e-01
2.561974691939730153e-01
2.766746312588224677e-01
2.452268340243904388e-01
2.593054901363634479e-01
2.237494678531432857e-01
3.033947047204302305e-01
2.640181120864046882e-01
2.794166495451758658e-01
2.449910623302207768e-01
2.292927846778897438e-01
2.894029347571472899e-01
2.527682822345127533e-01
2.937391161107127946e-01
2.656851281544487797e-01
3.222607564449751494e-01
3.022098386978183115e-01
2.889768184661326011e-01
2.503405216097650543e-01
2.374201089115068330e-01
2.652715104038754212e-01
3.125432655091848755e-01
2.533045338041301497e-01
2.440171157764280119e-01
2.072383818742949968e-01
2.272364627968545547e-01
2.806177321654658163e-01
2.211495690400091807e-01
2.502704272488839865e-01
2.507936110579833122e-01
2.830981770639557915e-01
2.158978095743604442e-01
2.118972630406882052e-01
2.930901285738617412e-01
2.947497456416814376e-01
2.327839543315745885e-01
2.567901458874622955e-01
2.989254705911283949e-01
1.661776473576536128e-01
2.924686726334887465e-01
2.498888467648070211e-01
2.132717584903685848e-01
2.606255374569616534e-01
2.403499211255877011e-01
3.076012737292641575e-01
2.454906101632128856e-01
2.497021392346856494e-01
1.510057039040164639e-01
2.589217733328197379e-01
2.591509830066501818e-01
3.382111053311492310e-01
2.817410626968238629e-01
2.570695934549325767e-01
2.333493016655574515e-01
2.333189441132522690e-01
2.671468548488213357e-01
2.516052812349549028e-01
2.592026235309943805e-01
3.067184358151377466e-01
3.067941281748619575e-01
2.774603732529823952e-01
3.260329151953006432e-01
2.900914930526547475e-01
2.550495022301704773e-01
2.568116390926362680e-01
2.282131945393062467e-01
2.311866362328501290e-01
2.533228012628765957e-01
3.243149405305926214e-01
1.819396755545005517e-01
2.177089951952223823e-01
2.412833498261189313e-01
2.514507076870229341e-01
2.592348922504075226e-01
2.898037857396446593e-01
2.538245040695777388e-01
2.748769632213129421e-01
2.827822895330258102e-01
2.452654070927634822e-01
1.886948211214324322e-01
2.628912798686308117e-01
2.135323689294503779e-01
2.620190295693178295e-01
3.056644099767003020e-01
3.016094267490244119e-01
2.983787328835414421e-01
2.691227457891701702e-01
2.720171272291228570e-01
2.825455100041934786e-01
2.286785495773121790e-01
3.248105638883752588e-01
2.819830364844828630e-01
2.910656067493801458e-01
2.805396333962638100e-01
2.872597899237401275e-01
2.501203481353714286e-01
2.817250954267006557e-01
1.920187587048067801e-01
1.511059154256472192e-01
2.560559528449627420e-01
2.394181176661994148e-01
2.482942716619735424e-01
2.331838947768589132e-01
3.046456438241829656e-01
2.760487555475542032e-01
1.934167800326079545e-01
2.863617767228906485e-01
2.638735475325748037e-01
2.773501361166028634e-01
2.798280077409313060e-01
2.818453857336974955e-01
2.651660004553816341e-01
2.355033420312559189e-01
2.567937881120850863e-01
3.104891424879114847e-01
2.060624154091291182e-01
3.200873906986416162e-01
2.528695456649091566e-01
2.361701076615829731e-01
2.649784542706500323e-01
3.656357618910392460e-01
2.543948976298693876e-01
2.690735541194065328e-01
2.326492543487701514e-01
2.432063737116529900e-01
3.395304555352087750e-01
2.491355203045119149e-01
2.785899961209682418e-01
2.817787341185078454e-01
2.568516516195110122e-01
2.896610226443661618e-01
2.894953699333579489e-01
2.228219132602853869e-01
2.321036758228423036e-01
2.706863355515888858e-01
3.281105836880068849e-01
2.844881963997610841e-01
2.698035509211006988e-01
2.518281439903802266e-01
2.974338734318300315e-01
2.999264962131904522e-01
2.664270074288817014e-01
2.536949390282510208e-01
2.888555854529562539e-01
3.400595578800665320e-01
2.828615637069556987e-01
2.843910704565155156e-01
2.464152073153870748e-01
2.252070575397537577e-01
2.584079000675534310e-01
2.215647985733072145e-01
2.698749559489396210e-01
2.465932323716237551e-01
2.412412110565738399e-01
2.283323499180889560e-01
2.787092631773525619e-01
3.196687152693793443e-01
2.572477496493928983e-01
3.794245825972527020e-01
3.077277227340050048e-01
3.087132924368063414e-01
2.873906911478116277e-01
2.349100313177960864e-01
2.737997415837549187e-01
2.986770641629112322e-01
2.402490691719876281e-01
2.769174070476684291e-01
2.133601884786568148e-01
2.845332345143583019e-01
2.577501341157085735e-01
3.112419327625298160e-01
2.682522141922495384e-01
2.180294030751868117e-01
2.007009939604867954e-01
2.968941968483271299e-01
2.643851076853008242e-01
3.402203599695883818e-01
3.523408284846467620e-01
2.238319202459952972e-01
2.501276390841929431e-01
2.706738374895572563e-01
2.808986580915923126e-01
2.865712598884108120e-01
2.558621850075394888e-01
1.851544371223445284e-01
2.765892202474515837e-01
2.417789320389923946e-01
2.906508897049323026e-01
2.460580619367380151e-01
2.764550725856436131e-01
3.008101277446103561e-01
3.038952341651482425e-01
3.053486837528426867e-01
2.758151923438171282e-01
3.013664757755402102e-01
2.113673064103203936e-01
2.487283632206307993e-01
2.388319426632769527e-01
3.142302568507098215e-01
2.680283010975255675e-01
2.670090899530529471e-01
2.893948130569602428e-01
2.571433029219257205e-01
3.067626697795174384e-01
2.860619176729914948e-01
2.421158712702567994e-01
2.518221151453782225e-01
2.503406127926779412e-01
2.644550372255657922e-01
2.624487437770737230e-01
2.888421746438001314e-01
2.450318471499512152e-01
2.724503187757942313e-01
2.630475914335344556e-01
2.685026657453849497e-01
3.272170090415965626e-01
3.109765602450356714e-01
2.697198853875643620e-01
3.198470326376606776e-01
2.694589731044989556e-01
2.426064099569802401e-01
3.201453094203644545e-01
2.960764258641021551e-01
2.514622620839798706e-01
2.508109447557157479e-01
2.288175051802281978e-01
3.171340966259537097e-01
3.164997099409755932e-01
2.461938255140729837e-01
2.599447955206982686e-01
2.928719053313195708e-01
2.770681880760715310e-01
2.690542982037847364e-01
2.987541307690151360e-01
2.382617489116521381e-01
2.351604894353373776e-01
2.103254041411253272e-01
2.507174710851788335e-01
2.910810788328799248e-01
2.719950291904252859e-01
2.500770744541304658e-01
2.736403928475883429e-01
2.385165421844233080e-01
2.848070141710498104e-01
2.606046324506853251e-01
2.831785935218937289e-01
3.183481283901131165e-01
2.397668263815321832e-01
2.816261460040616615e-01
1.794419709978375688e-01
3.057258225047203015e-01
2.412922422176074222e-01
2.790518361036947725e-01
2.202855694675440179e-01
2.347470356630121380e-01
2.678069744899413407e-01
3.241740559551868350e-01
1.871077365206557652e-01
2.714256497315803984e-01
2.366897557904910077e-01
3.408033362135196587e-01
2.507289302343861381e-01
2.968707692131791198e-01
2.283922301101448671e-01
2.894744877688018025e-01
2.218158272973747569e-01
3.278849463839941247e-01
2.884238871371171964e-01
2.333897423049118292e-01
2.762597446068129625e-01
2.752683838561048590e-01
2.856615102654895821e-01
2.383150056265673222e-01
2.835406400133789195e-01
2.570718484518943470e-01
2.664328719148053581e-01
2.619477023166081886e-01
2.850979796170825531e-01
2.974717359218063129e-01
3.142855311520768025e-01
2.552886152246000018e-01
2.900246279711720110e-01
3.086554412476525400e-01
2.604962694150905200e-01
2.570884296370770650e-01
2.280110129774506889e-01
2.657375032295619111e-01
2.132028095446178995e-01
2.992339938508470909e-01
3.660512811551844270e-01
2.912712663752841102e-01
2.932061606145739407e-01
2.708250820857800445e-01
3.014528059005764371e-01
2.739187918406585376e-01
2.543444107956179812e-01
2.520512280025633545e-01
2.531986887397189023e-01
2.666417195599309897e-01
3.165901613833934092e-01
2.709884661776958970e-01
3.120726622620456081e-01
2.536035626332417414e-01
2.315655817927049498e-01
2.299286313637544932e-01
2.185843392493826420e-01
3.058134758025700672e-01
2.334919160671493077e-01
3.202218220853512154e-01
2.264702438839509835e-01
2.322022187316073738e-01
1.899748084240339696e-01
2.524309567299789503e-01
2.525135092288814387e-01
2.710111205104848708e-01
2.848060170342980868e-01
2.953427279258338256e-01
2.781228419124458506e-01
3.867555169263672266e-01
3.042431233354097597e-01
2.874409892124593080e-01
2.108616366874755954e-01
2.765234835162281857e-01
2.572435640558028980e-01
2.378079614219248128e-01
2.772713628660702367e-01
2.575924858377954263e-01
2.348257938184682425e-01
2.276794105160799275e-01
2.740026358671635021e-01
2.791708340492142781e-01
2.022597038127028624e-01
2.452610938601349488e-01
2.977009719039079294e-01
2.166288591182228274e-01
3.089303819703157483e-01
2.269917151110600884e-01
3.435927335380751790e-01
3.348885945127065278e-01
2.785290811076965856e-01
2.770545550677269153e-01
2.801114401903658235e-01
2.525696312812657496e-01
3.096037780878487800e-01
2.154646123615274744e-01
2.976155349549780005e-01
2.474935984761165442e-01
2.435939028276008778e-01
2.330526532028927011e-01
2.586942520941382662e-01
2.793389798270995428e-01
2.626026185940781299e-01
2.099330323006953214e-01
2.726970729882324251e-01
3.318708398091121947e-01
2.686574484631811810e-01
2.844517600635946830e-01
2.450729744217034489e-01
2.447497982952365758e-01
3.158227103272635006e-01
2.358866884540955500e-01
2.624854613597253916e-01
2.564838911011605438e-01
3.130530330358539670e-01
3.177183492876736182e-01
2.189430877539589870e-01
2.993927151329593417e-01
2.878675871636725003e-01
2.756265107090262734e-01
2.925849999350736974e-01
3.214308472990949905e-01
2.386998752189890827e-01
2.517581302972699553e-01
2.292761303058920008e-01
2.821192613598548782e-01
2.634153754811219272e-01
2.889979615187133755e-01
2.748726603638948496e-01
2.263075622408003695e-01
3.289017267545303880e-01
2.859307110660661566e-01
2.702613416790901613e-01
2.383920005455908986e-01
2.815998183976518576e-01
1.859808775696318306e-01
2.344564389225023138e-01
2.670553086480132454e-01
2.682456976020404782e-01
2.734179143166768355e-01
3.064019619964756802e-01
3.474123274505713233e-01
2.179127579204525045e-01
1.990544610964903594e-01
2.624610387044469806e-01
2.632408250886711931e-01
2.949610803742478971e-01
2.285541204692709827e-01
2.490926123010005766e-01
2.435488310520622646e-01
3.032087356502148334e-01
2.984648862031997751e-01
3.130306654210652240e-01
2.171192402225297358e-01
2.441354860452382702e-01
2.436541090277357657e-01
2.083141931208278008e-01
2.830970349204298131e-01
3.026622191471917689e-01
2.498678744737566626e-01
2.087805785324586549e-01
1.931079858830095086e-01
2.427214936505157628e-01
3.663522161541665767e-01
2.678704059712868624e-01
2.916665907172955596e-01
2.667882639693816560e-01
2.695762337515330564e-01
2.394617545371452161e-01
1.929669355708967249e-01
3.228799573668422740e-01
2.624420540802149260e-01
2.997108138481494599e-01
2.446939808288945972e-01
2.398807890998194692e-01
2.227398629663522589e-01
2.900522922457250963e-01
2.476181509577876083e-01
2.389378952817839408e-01
2.924210547460221465e-01
3.362283797971092891e-01
3.155076336189142072e-01
2.709559760377644455e-01
3.107684544507701152e-01
2.967146978184035389e-01
2.700836785390802741e-01
3.269396249486219430e-01
3.433446346794407633e-01
2.287305850580310662e-01
2.742184784118490981e-01
2.819848537688987022e-01
2.958488175272392939e-01
3.342835381875280953e-01
2.934673232284362165e-01
2.856500735731684060e-01
3.200697472336390681e-01
3.004935193871313692e-01
2.202058876586825420e-01
2.539130984754520703e-01
2.719156784295938545e-01
3.112579774412152500e-01
2.762538014334391390e-01
2.499846105042812794e-01
2.455799311032615950e-01
3.095128780507367949e-01
2.812671771084794270e-01
2.605360841820658635e-01
2.676838817229983403e-01
1.905630552009670020e-01
2.675621320479260046e-01
2.530654840613131284e-01
2.570815482561893406e-01
3.068130679056725874e-01
2.961300518164672879e-01
2.534954783712312087e-01
2.245923434624864379e-01
2.403223811175654867e-01
2.889772915517456187e-01
2.758302591275873517e-01
3.184805286765831078e-01
2.465415609328634738e-01
2.575239899591983961e-01
2.035151141142788056e-01
3.257345717449376954e-01
2.864457631729274145e-01
2.291857556500055959e-01
2.500841085577619194e-01
3.168977270708253080e-01
2.663863368171948132e-01
2.053520538325470657e-01
2.769413382129998213e-01
2.595967551775887339e-01
3.192291871996610908e-01
2.378147278247404184e-01
2.207967195877085786e-01
2.847371559019413745e-01
2.753603833583811444e-01
2.053760845883648156e-01
3.428169449964554305e-01
2.939233349417560981e-01
2.770060490420958033e-01
3.024666210613330408e-01
2.502891653614906509e-01
2.315730706219795987e-01
2.476126840701824983e-01
2.938545943755836998e-01
2.277394862235573025e-01
2.637785657946220552e-01
2.167730346708518496e-01
2.646921314707348927e-01
3.087928541536081872e-01
3.250945570855381384e-01
2.737300498670381388e-01
2.680647954516693909e-01
2.060051308351088517e-01
3.048961906503682706e-01
2.455755617845877259e-01
2.934419317997768450e-01
2.558039015234908620e-01
2.128213610364602659e-01
2.712354695553968464e-01
2.816624056754609695e-01
3.196055438479996624e-01
2.645485590005566823e-01
3.040900720256687895e-01
2.849739554112688533e-01
3.268684030204260238e-01
3.037914124596208243e-01
1.955935599639138933e-01
2.966891285995142957e-01
3.510001580745998884e-01
2.587535078086439788e-01
3.342907451477449832e-01
2.034365871485546151e-01
2.801769152923997419e-01
2.597701632036749086e-01
2.925487915636451053e-01
3.394508297239243744e-01
2.754377210935557430e-01
2.925476415455842139e-01
2.456499244706144003e-01
2.452974856102383971e-01
3.115793343665628212e-01
2.882154044342922217e-01
2.083768111360710107e-01
2.301897274426588647e-01
2.275464066449467970e-01
2.900182040968872221e-01
2.810936310966510865e-01
3.218476579025143502e-01
2.338403191537731518e-01
3.118131380544761355e-01
2.526578759166551724e-01
2.063097787465540955e-01
3.055138778063531402e-01
2.577225631975723075e-01
2.741495795902256227e-01
2.308255660764526873e-01
2.368012104377011096e-01
2.120937128208112143e-01
2.730600856377848329e-01
2.414962971069054554e-01
3.175936619467553679e-01
3.107306371548154145e-01
2.097308231543260071e-01
2.659933135452863806e-01
2.569195801519266742e-01
2.418430966522032710e-01
2.948984625275551941e-01
2.533742232810317074e-01
2.990590549978606738e-01
2.494701891173428665e-01
1.969231164658869215e-01
2.632527245288059370e-01
2.669982090630590998e-01
2.522448826580817038e-01
2.859270813099875075e-01
2.809124138192776732e-01
2.476176373577501644e-01
2.497953918355257652e-01
2.515158424365472323e-01
3.228703307007069201e-01
2.853178086866662300e-01
2.599529445436061792e-01
2.633872054236526261e-01
3.048419290141294868e-01
2.451951509399186158e-01
2.081231083821985517e-01
2.293565047330325957e-01
2.091034834295184552e-01
2.439364784575224765e-01
3.028061349042400763e-01
2.522118198275639656e-01
2.624233744398926649e-01
2.742449732447581612e-01
2.398334870198061408e-01
2.283091736432709407e-01
2.978904933484571860e-01
3.179102970878106005e-01
3.108917865064954045e-01
3.168077528001905230e-01
2.715884730006145609e-01
2.726823421441202933e-01
2.864854050885868864e-01
2.725164960996495633e-01
3.213134475430611814e-01
3.229498124823459437e-01
2.460660463684036514e-01
2.540782838286583245e-01
2.804232117766808918e-01
2.361595984657413883e-01
2.796772349848046235e-01
2.661657851948913689e-01
2.858606644363517191e-01
2.569962119458115701e-01
2.956044621523890026e-01
2.490183772667788065e-01
2.261002852055744861e-01
2.750564552043463507e-01
2.547667217035520792e-01
2.944958378231185558e-01
2.494996140058625134e-01
2.904532743419959151e-01
2.877565746862700280e-01
2.829443196335406085e-01
2.524088035537256913e-01
2.692441339240274067e-01
2.792202159909444315e-01
2.891273505878011463e-01
2.752786121449115608e-01
2.673735877911430081e-01
2.730366819220115815e-01
2.555925881409422118e-01
3.527039361668733997e-01
2.913326516098103114e-01
2.467567475390646525e-01
2.889794201915485972e-01
2.975653300493917852e-01
3.040552222478186684e-01
2.699453506664837299e-01
2.910158455978517078e-01
2.925650220951888647e-01
2.331659043332443004e-01
2.727238627303246732e-01
2.356687924757323860e-01
2.931009261529315957e-01
2.642400329432503803e-01
2.765591346924768379e-01
2.854781404088770902e-01
2.285833668634150995e-01
2.759710106595603674e-01
3.479014741402358113e-01
2.513452894884982691e-01
2.786812826703413126e-01
2.465789141478762769e-01
3.061723464753183244e-01
2.620028594815765888e-01
1.995778520090411567e-01
2.180368005558269151e-01
3.161498647890332858e-01
2.733601273302648238e-01
2.646485078773614941e-01
2.804694415622029369e-01
2.687556349278158452e-01
2.523103784559995177e-01
3.564247988525000022e-01
2.598754455471319336e-01
2.794133903599629876e-01
2.575073376528749236e-01
2.343585749669368778e-01
2.981381221577704133e-01
2.614369756642241915e-01
3.033385179661990394e-01
2.779785343694197164e-01
2.808443524767662569e-01
2.734335455856174435e-01
2.301840447289410230e-01
2.635777188062242704e-01
2.476803454339920885e-01
3.481962067285992446e-01
2.773555047826471442e-01
2.723434209612877188e-01
2.212735318507064730e-01
2.889792255037036406e-01
2.596187120482112975e-01
2.317655252720061954e-01
1.962420777545830497e-01
2.441864075009990698e-01
2.328556722181817640e-01
2.471628751130375556e-01
2.726924190904168044e-01
2.402817342918825427e-01
2.243756989542763924e-01
2.783287654393347132e-01
3.352913709434711675e-01
3.085833615228359417e-01
2.822397729873200034e-01
2.220828124866735809e-01
2.623418828590102780e-01
2.940482737333267038e-01
3.264385048081938634e-01
2.898893461449124631e-01
2.859408225260677838e-01
2.539039444946926682e-01
3.518296908511496790e-01
2.401564301280213476e-01
2.003114722932178016e-01
1.963771119185964975e-01
2.861411306729989557e-01
2.702645287807937113e-01
2.358604545541094777e-01
2.375147636618666624e-01
1.924423950315885812e-01
2.391145332149175740e-01
2.313240637271373745e-01
2.802365476724691384e-01
2.884311499820357283e-01
2.816882394541664891e-01
2.579180089011464672e-01
2.387065562876599378e-01
3.011157864155865060e-01
2.830947850851401881e-01
2.451840001247768408e-01
3.033172422312414573e-01
2.192659986097817149e-01
2.596147279931858565e-01
2.399947307268502084e-01
2.870317044880968393e-01
2.731238752745408505e-01
2.307989485304012822e-01
1.972441250725542328e-01
3.158250782895924980e-01
2.443758715871725551e-01
3.198377118481641190e-01
2.640919999217659075e-01
2.711431415537255418e-01
2.621443340713972003e-01
2.936754355848559261e-01
3.062986099798604700e-01
2.004786652260572566e-01
2.905653635273797164e-01
2.770746049531056521e-01
2.758581834573627378e-01
2.706099452630147395e-01
2.821062233551430154e-01
2.572172586609949851e-01
2.951302712468681921e-01
2.404853045363521680e-01
3.218846260591467501e-01
3.288403469742364194e-01
2.740575575297487521e-01
3.159830195086078541e-01
2.487649384670353736e-01
2.404046633500424857e-01
2.351647743437716986e-01
2.410997784798313837e-01
2.887417686094346791e-01
3.017263213205417238e-01
2.830069751445610238e-01
2.610555718869015940e-01
2.921709011590423732e-01
2.863135215131420996e-01
3.302923012361432820e-01
2.860212814054498009e-01
2.797994057790452738e-01
2.363894276892851698e-01
3.045012564981585124e-01
2.970930850738743856e-01
3.112334075111873322e-01
2.730292241172624923e-01
2.066786195825661698e-01
2.866582337031543526e-01
3.426286005688889968e-01
2.612060868548117809e-01
3.239593927967684972e-01
2.674637796580943139e-01
2.533880177130807820e-01
2.762925473361735884e-01
2.853428545903227143e-01
2.027218100491553210e-01
2.582148970012309586e-01
2.609950826947079472e-01
3.175824806168464631e-01
3.303758334170505684e-01
2.256552175723194886e-01
2.536575749903818289e-01
2.526408088684438669e-01
2.739874302750893165e-01
3.491503248840776563e-01
2.839795675915552930e-01
2.302700260628628426e-01
2.820530245354362919e-01
2.643758556404044446e-01
2.297447345915115680e-01
2.572698366522940261e-01
2.795467790977955169e-01
2.883482329342738071e-01
2.928713960401778671e-01
2.133864006387756196e-01
2.729271159153678350e-01
2.780141534660670599e-01
2.835093953483016627e-01
2.520007997568805003e-01
2.570556374431871016e-01
2.145310376874771108e-01
3.095509743079902232e-01
2.788011545461813179e-01
2.066371929790963291e-01
2.785836161015497470e-01
2.836663843585326417e-01
2.414486833424739909e-01
2.341912479548442783e-01
2.343006535571942051e-01
2.903451013888670995e-01
3.237271840347781815e-01
2.255007179426388453e-01
3.165812435038358186e-01
2.799682670993439704e-01
2.175924760873306774e-01
2.930189408827267861e-01
3.481003159627893973e-01
2.406333857316438063e-01
2.654334864569115604e-01
2.824129509315095321e-01
2.440446763068052638e-01
2.667853256176003218e-01
3.059443195038079599e-01
2.837189195542651476e-01
3.110564022626125524e-01
2.522326607808593746e-01
2.112489791507893844e-01
2.609596457329109720e-01
2.421925148747725298e-01
2.459277857529351963e-01
3.094029208813324217e-01
2.598194282164192903e-01
2.964489929955490544e-01
2.577058134641980192e-01
2.594223093808257219e-01
2.733715877648303927e-01
2.393944799482434493e-01
3.019010501204784092e-01
2.794153786913561865e-01
2.490114002916042069e-01
2.293685032261638945e-01
2.412502987894480644e-01
2.892388352615719027e-01
2.811935485533145762e-01
2.632191293070215155e-01
3.025342025976895388e-01
1.781568277967564840e-01
2.644584082680685455e-01
3.471760409795798807e-01
2.690582965530642356e-01
2.606591476937654139e-01
2.715529619638040737e-01
2.339714163906386479e-01
3.065491547990117360e-01
2.790025037532969376e-01
2.219808411293073824e-01
2.999663262565865907e-01
2.279785240004637836e-01
2.853527985070302142e-01
2.674451905746050850e-01
3.256491753815047296e-01
2.691556065573046941e-01
2.919205820540095586e-01
2.202960852691153715e-01
2.337732317727793108e-01
3.095123763402714556e-01
2.700287165610886220e-01
2.146220712082115567e-01
2.101123276262265305e-01
2.797050665178998918e-01
2.568118165583151979e-01
3.356396863322800295e-01
2.373277881889585827e-01
2.545200571301999837e-01
2.554649759508464402e-01
2.596050723436901242e-01
2.294007120066157701e-01
2.873609924740876953e-01
2.865975176828063353e-01
2.948196636450353680e-01
2.840705351235139897e-01
2.090167280293963314e-01
2.620744894327748375e-01
2.374904105400420240e-01
3.083405134145063009e-01
2.953093194374012409e-01
3.126552850729156785e-01
2.102611931642061338e-01
2.848091540442528879e-01
2.457587575487887588e-01
2.595919883619681179e-01
2.927641101200295082e-01
2.662518130627871682e-01
2.415201148268852904e-01
3.041524949188267879e-01
2.323099140993475920e-01
2.028238621857815227e-01
2.920401754174720699e-01
2.681070999238214236e-01
3.336907154736605818e-01
2.776396524933480436e-01
3.185129582621346045e-01
2.950582008634562992e-01
2.490897361542928345e-01
2.282005861207646868e-01
2.315803349365737618e-01
2.845922408558668182e-01
2.745848139244356778e-01
2.698330870616383326e-01
2.761691146321612056e-01
2.120804727000011880e-01
2.667204149049016704e-01
2.867676543853320270e-01
2.167398243369174360e-01
2.335231619640603662e-01
3.248291583353197787e-01
2.475429844397048496e-01
3.009867219743456168e-01
2.502322962229114878e-01
2.453862287547900756e-01
2.048087130980707493e-01
2.720790002546483732e-01
2.811319906017422099e-01
2.552042186748593733e-01
2.870154737830348801e-01
2.759746555309448013e-01
3.175970466890746802e-01
2.741146493259490335e-01
2.748404652068567877e-01
2.139554316386164667e-01
2.958377581447758087e-01
1.872315012435186166e-01
3.024523292844615296e-01
2.960372053460295083e-01
2.788392076193358382e-01
2.684226058554009531e-01
3.399710968048672011e-01
2.529084884274084843e-01
2.482740045145550301e-01
2.522350735031870239e-01
3.401157759844824491e-01
3.307466505071750551e-01
2.912982735357145803e-01
2.332017996663919845e-01
3.195017222491760567e-01
2.522105483842223550e-01
2.520350219657808699e-01
2.330952723458523113e-01
2.325986460323345995e-01
2.793533463784700910e-01
2.392181134346055005e-01
2.464354224566059348e-01
2.534526281693945671e-01
2.511816896982974057e-01
2.715493817779484620e-01
2.728809021690415393e-01
2.859830058487052296e-01
2.186907650356809119e-01
2.501803464881159345e-01
3.112405939391758580e-01
2.570323098528172201e-01
3.341533379163330042e-01
2.486974271025951810e-01
2.604753051410968467e-01
2.217470965216801759e-01
2.629603093348651388e-01
2.966882657981049776e-01
2.318721608568293235e-01
2.516463082095984904e-01
2.991332414658769423e-01
3.159552996326724372e-01
2.969162292892588151e-01
2.574047417665322746e-01
3.015804368923813428e-01
2.825460567810383350e-01
3.668275960468932451e-01
2.104742437956081957e-01
2.596871768597117103e-01
1.954161715468983596e-01
2.662519610748326215e-01
2.799744186947192848e-01
2.631595680778749391e-01
2.187173032999533417e-01
3.325364081601391297e-01
3.035311003707324984e-01
2.433150543452891057e-01
2.651437770932886240e-01
2.910176245781456172e-01
2.775224486542151037e-01
2.117029180878523820e-01
2.352425303281759084e-01
2.605895042960281183e-01
2.050525673149509454e-01
2.646866970640336936e-01
2.752194128294724873e-01
2.684229539196090752e-01
2.911968823120564820e-01
1.881941289290693375e-01
2.368546252827018750e-01
2.821844594070870293e-01
2.019367662840690081e-01
2.307937280619319631e-01
2.839458621871760458e-01
2.686948067497866854e-01
2.442691989977398559e-01
2.608965800946564939e-01
2.767286495529750479e-01
2.794903331758109011e-01
2.225274725668259235e-01
2.936964628646430708e-01
3.070617276041819332e-01
1.979252725740806018e-01
2.115995681147240237e-01
2.444984295203205538e-01
2.722295403351813747e-01
2.391183044519949452e-01
2.494085609471370646e-01
2.804239631626048168e-01
3.595512678711422772e-01
3.314818211951626736e-01
2.113081975146996194e-01
2.620843115192645345e-01
2.790153093860165967e-01
2.224050557939746819e-01
2.609054258534326265e-01
2.882405313534469049e-01
2.993529570023383268e-01
3.371796846632439948e-01
3.006396667069222706e-01
2.762666226292579963e-01
3.346927798732140524e-01
2.920852353819151093e-01
2.285503091373639051e-01
2.961602486883739838e-01
3.134138297047919242e-01
2.633991999887533852e-01
2.716472443929933700e-01
2.687551859667859366e-01
3.245150440634522737e-01
2.486614300331988769e-01
1.898066326683797989e-01
3.795379156263519183e-01
2.516163690444319645e-01
2.744099064859313875e-01
2.177489861393333281e-01
2.822554086398091355e-01
2.586316106831445527e-01
2.447453252476540220e-01
2.917159426967887437e-01
3.317374452251818928e-01
3.047958230908758837e-01
2.299599574455812312e-01
3.051332436759512379e-01
2.740232860768619938e-01
2.639650838168490776e-01
3.045169164817157492e-01
2.537623895516835648e-01
2.837602506348412268e-01
2.546120945538538627e-01
2.121115515254218820e-01
2.112894087967927825e-01
2.775172227897244048e-01
2.929878349997875331e-01
3.237026939196916975e-01
2.465236585530500846e-01
2.860296220437665293e-01
2.970952999829311603e-01
1.654888612285895233e-01
2.612221820908169900e-01
2.932914423247987012e-01
2.861873488878152183e-01
2.710780831451057304e-01
3.003464998042272849e-01
2.675058907790797691e-01
2.522375769020184233e-01
2.947067892438692827e-01
2.102679210268616483e-01
2.717428698179212843e-01
2.776365634363350265e-01
2.786372859691046977e-01
2.495551288916008081e-01
3.080369376003878057e-01
2.591210832892402172e-01
2.163803552754340054e-01
2.816314473217949588e-01
2.640379251371745006e-01
2.733374133133653627e-01
2.613725271231568947e-01
2.239665529585943560e-01
2.662708175491461104e-01
2.914657184413210755e-01
2.972417620761814705e-01
3.054331797124247849e-01
2.756442185711469595e-01
2.569342385572384035e-01
2.431594093707074022e-01
2.524703203108444871e-01
3.396555859666683941e-01
2.600162415714659669e-01
3.072060936720914515e-01
2.864328169196341811e-01
2.711264022191174905e-01
3.120440267784153066e-01
2.731066834064497240e-01
2.793753305993712521e-01
2.927906919293758459e-01
2.680038525577241315e-01
2.930159068317119697e-01
2.456163684306254813e-01
2.160787210906945366e-01
3.085818852670063617e-01
2.605443964260542034e-01
2.740021634948233697e-01
2.777536882027743514e-01
3.651897029778560233e-01
2.929188719695977050e-01
3.930519718619630010e-01
2.060513754461299196e-01
2.592496526442951699e-01
2.862202674158502713e-01
2.737479602062640183e-01
2.425046891378988267e-01
3.411789658746369192e-01
2.633946400212040517e-01
2.831892654845550861e-01
2.663935313184507825e-01
3.351459119136214193e-01
3.696645480902280845e-01
3.405844002627725908e-01
2.800924440108676916e-01
2.085271294447397228e-01
2.193011468624748439e-01
2.421444781091794396e-01
2.926866070131434183e-01
2.257988704196370044e-01
3.357913544209213952e-01
2.783030229056938643e-01
2.411465971183141543e-01
2.970085527548533832e-01
2.710666090824487284e-01
2.838888142611265542e-01
2.578946736185167565e-01
2.624442401325666196e-01
2.262874046841453768e-01
2.717276197581597330e-01
3.312757515840519806e-01
2.402733641264866993e-01
3.081772463210270541e-01
2.447787230342658438e-01
2.573871672221722529e-01
2.465580813244722669e-01
2.724178559187180881e-01
3.105277802491162031e-01
2.630863854367641030e-01
2.558830801108402664e-01
2.803710305643260514e-01
3.604750241870913197e-01
3.043325403366828330e-01
2.261649583788045703e-01
2.670652834099436213e-01
2.506810284540282874e-01
1.883071489258858477e-01
2.403140358421211875e-01
3.329680302979667328e-01
2.535560749320694973e-01
2.608406900350822566e-01
1.998144812879318333e-01
2.559519504465602169e-01
2.700136770406297293e-01
2.755544553871617786e-01
2.575644983448095449e-01
2.766172104191979564e-01
3.084999947868121151e-01
3.055517231979339443e-01
2.533260569636233139e-01
2.646123979470633714e-01
3.042716596549253083e-01
2.897246145210535251e-01
2.055914045215606056e-01
2.391100626215047487e-01
3.389640799957394646e-01
3.125561722853550384e-01
2.877171626695878559e-01
1.807375451116849385e-01
3.139075420852285303e-01
2.414104288568026391e-01
2.044398244456078206e-01
2.786150546313576060e-01
2.172576990520676266e-01
2.695519256390976892e-01
2.736209990053904972e-01
2.461790455552428369e-01
2.182373530820354013e-01
2.680817501704148009e-01
3.049951919829486657e-01
2.898004172635650910e-01
2.636114076139270401e-01
2.797180111017473214e-01
3.012836263450109908e-01
3.022374528931000559e-01
2.746527827457939663e-01
2.854726808448971864e-01
2.949809493194869292e-01
2.630113968052725237e-01
2.868606486568325287e-01
2.839966377567734734e-01
2.257504476002508420e-01
2.255403316675571312e-01
3.375558668386671179e-01
2.118904195228025755e-01
2.484099248809205074e-01
2.930004281945827183e-01
2.642242461345420956e-01
3.239498767207004137e-01
2.669148678123538510e-01
3.093196221345307362e-01
3.236782219613545952e-01
2.216548677134283774e-01
2.632497234431223632e-01
2.214823788760895695e-01
2.718295890602947518e-01
2.853753967043752282e-01
2.086008267603347843e-01
2.672000316628106442e-01
2.786238077135735347e-01
2.999173362060851833e-01
2.751599788798989588e-01
2.688018744037588004e-01
3.285361282481094602e-01
2.962697361482983793e-01
2.363406794458416116e-01
2.409544344520641035e-01
2.838483264480803903e-01
2.599006887205626004e-01
2.193039564352437520e-01
2.750679353166493590e-01
2.644214266184359841e-01
2.464398653627526692e-01
2.453635578351182622e-01
3.177607215172735811e-01
3.097223156562490254e-01
2.988412950267135271e-01
2.930438126143650179e-01
2.899527060839837689e-01
3.577936220366023656e-01
2.980636526201593806e-01
2.427915493381692102e-01
3.371301794522043593e-01
2.478918700234488404e-01
2.413095591287195141e-01
2.290719361387826558e-01
2.937678914900403448e-01
2.654973269722032958e-01
2.909381945049351881e-01
2.253266066017956815e-01
2.007304748806180150e-01
2.569503770182299807e-01
3.059151154438480291e-01
2.878699286494075249e-01
2.759176642824586745e-01
2.572187385213083322e-01
2.427882431235137695e-01
2.581392663806711396e-01
2.211917908845446590e-01
2.422928030625873530e-01
2.592793086432608196e-01
2.687485256038299464e-01
2.291212140871625169e-01
2.712866863853136690e-01
3.035090821767759683e-01
2.511927280595865897e-01
2.493729112855695706e-01
2.305889348593424815e-01
2.824321222363250783e-01
2.742914713287459838e-01
2.747782522979363429e-01
2.856589884823047543e-01
2.651717262583935808e-01
3.065864887224941104e-01
2.863774253669595926e-01
2.141534405683910014e-01
2.504423930962558775e-01
1.791702252599792766e-01
2.589546497367573030e-01
2.946553000715530501e-01
2.692179747588564487e-01
2.277221897753176072e-01
2.320410379507922005e-01
2.935804521278252421e-01
2.628016029301861733e-01
2.905700569418390722e-01
1.554608164316982899e-01
2.759068503840923503e-01
2.566563582562313983e-01
2.751517620782042428e-01
2.241268220762255847e-01
2.850179544230546091e-01
3.506488631220537888e-01
2.896385436000042390e-01
3.251050663370236293e-01
2.210408211837534276e-01
2.483325506917699044e-01
2.983738187976595624e-01
2.413550865326181405e-01
3.093360558379301128e-01
2.343855721477043352e-01
2.992157254410466871e-01
2.594277992126655663e-01
2.858628065345669711e-01
2.969145948363203780e-01
2.898650398337713208e-01
2.602370373114449853e-01
2.636934088079548322e-01
3.019555349785468801e-01
2.606505560827454548e-01
2.445756331879394563e-01
2.928617545563237390e-01
2.799542260982073039e-01
2.307371562382477259e-01
3.057886976143842084e-01
2.754093638730301663e-01
2.250940514244910706e-01
2.899253722122934196e-01
2.506906212516596955e-01
2.617599603803124619e-01
2.346461758498751271e-01
2.432376256260259106e-01
2.472194071858799802e-01
2.451874921621728654e-01
2.095098347499776970e-01
2.764491641335547478e-01
3.654643817594127597e-01
3.146386187144119551e-01
2.554205163456055305e-01
3.163810687032675983e-01
2.279259256086058338e-01
2.727793322200559589e-01
2.574247571685518987e-01
2.122192584076036947e-01
2.488968632232572142e-01
2.612613033165341880e-01
2.342224517757065527e-01
2.412469011718196554e-01
2.538461246474040256e-01
2.749947674227779526e-01
3.351210850082137482e-01
2.312541254884835917e-01
2.981918917743399122e-01
3.296341884625840213e-01
2.433420896189155136e-01
3.126442130326377855e-01
2.569830427300964226e-01
2.527516234166224396e-01
2.422362956434211123e-01
2.800962068397493954e-01
2.531164958455115466e-01
2.772400711304319199e-01
3.009530208629276893e-01
2.708816195922396641e-01
2.657560086542374300e-01
2.821902825351494393e-01
2.431986910604121699e-01
3.075085873055261598e-01
2.771780536044710641e-01
2.683483242278912329e-01
2.492342602306626409e-01
2.834634265370790107e-01
2.491890133376846173e-01
2.369011668525853875e-01
2.470886085299238977e-01
3.212067040920156824e-01
2.614505151130114835e-01
1.946170978702026488e-01
2.415157049417017143e-01
2.323333560605351511e-01
2.475032653547683259e-01
2.561675126073674758e-01
2.230693893466159095e-01
2.541399217340851724e-01
2.231489915101134147e-01
3.164007759078569793e-01
2.631510946757714686e-01
2.920219189551138128e-01
2.876510636497238149e-01
3.199714723393237703e-01
3.049260645522064439e-01
2.443483489072744985e-01
2.130733847022397986e-01
3.242486069047045838e-01
2.821067292288319539e-01
2.978485391135599625e-01
2.839585225006967528e-01
2.947417613940865322e-01
2.902809618194158725e-01
2.392759825039487698e-01
2.745180283160790768e-01
2.542188093580651786e-01
2.671454201667812223e-01
3.359044701123221621e-01
1.861763380096659315e-01
2.221526630497304422e-01
2.194603635646023010e-01
3.063263740298757254e-01
2.088457764920353399e-01
2.433677485941729279e-01
2.905326982755465637e-01
2.237602766500855767e-01
2.473289363392212892e-01
2.988526782853206942e-01
2.796428890742275186e-01
2.251786830070897638e-01
2.743971692388586514e-01
2.612245091879890069e-01
2.609075310729746522e-01
2.720273839348762990e-01
3.005949261650265325e-01
2.391783975361826131e-01
2.609622660141810435e-01
2.877046267573862837e-01
2.538426279486810100e-01
3.155466330562207156e-01
3.191516180828135596e-01
3.088430543205518131e-01
2.807642238029730564e-01
2.862370996460088524e-01
3.275367129627445029e-01
2.686379619270188868e-01
2.616223120247710421e-01
2.624725741318003625e-01
2.504218923558644838e-01
2.665113590297947810e-01
3.337513426836734576e-01
3.121037021757194774e-01
1.964693245943293365e-01
2.492425603596673533e-01
2.962556968938319657e-01
3.216839397963336955e-01
3.188617621258773016e-01
2.607796067220945480e-01
2.873944379719280962e-01
2.778669824076992478e-01
2.429045749959808931e-01
2.289044919538830714e-01
2.680850310082100174e-01
2.022262396483534841e-01
2.625686772707113148e-01
2.891209903343339160e-01
2.817292779293784077e-01
2.703689185392271210e-01
2.118388032149938482e-01
2.674207730507267566e-01
2.663811894070828301e-01
2.680929911539154942e-01
2.787070443774209982e-01
1.483065950851980286e-01
2.297112769329694160e-01
2.654526408559981232e-01
2.116311388904008328e-01
3.146901734674673601e-01
2.698919017241006024e-01
2.715571901326477855e-01
2.293700360907300617e-01
3.018657631482346004e-01
3.231011841108170635e-01
2.621201574465604756e-01
2.415784349685361487e-01
2.535591962837450142e-01
2.214148653948062040e-01
3.227046718710117612e-01
3.057429108176186183e-01
2.772430572450333419e-01
3.055181181298732840e-01
2.416265154656568603e-01
2.535293078978526626e-01
1.626549670543262494e-01
2.900690936898536187e-01
2.451627125954052022e-01
2.814203519364477657e-01
1.617147518393074745e-01
3.667224428735403885e-01
2.754861955877992985e-01
3.109221611404733854e-01
3.036685359778900639e-01
2.046140117811206527e-01
2.342396385152083205e-01
3.049010141637379934e-01
3.175902307579190342e-01
3.447606852646023512e-01
2.888000414468365751e-01
2.313933595504250873e-01
2.551240111707956948e-01
2.832417738710624189e-01
3.094312320775514102e-01
2.643789534042715328e-01
2.887410592268925269e-01
2.642008733946359378e-01
2.710368314477297758e-01
3.219981806194464058e-01
2.390060593095607033e-01
2.486844322351089986e-01
3.082953290974332905e-01
2.883080393303141253e-01
2.412155398949595575e-01
2.566057267221998339e-01
2.824371215485070863e-01
2.687577361231866524e-01
2.954725788923657226e-01
2.206521052726497234e-01
3.136909203916080635e-01
3.074197429758094846e-01
2.606600465700843472e-01
3.292996210830989035e-01
2.309091038230775828e-01
2.682480283053989001e-01
2.106828858157869244e-01
2.032575759516354608e-01
2.423974235618935880e-01
2.788468864767804090e-01
3.287740406877742161e-01
2.738504071605797896e-01
3.181271921000874969e-01
3.238508779757204858e-01
2.011515826589626577e-01
3.083730159905372359e-01
2.036946704395880825e-01
2.323258812433816045e-01
2.594283209481488828e-01
2.924097045950179719e-01
3.372691794176420066e-01
2.699556304743706003e-01
2.260790234840006352e-01
2.443735862275084325e-01
2.131095382063765420e-01
2.332341804225327164e-01
2.204582990141266408e-01
2.827667206429473334e-01
2.979522698688221727e-01
2.116267997280039115e-01
2.852631649779460710e-01
2.577482679236425267e-01
2.436334658279466492e-01
2.685344336006371679e-01
2.678469562001478121e-01
2.802476940192408783e-01
2.658390894604457655e-01
2.498558377406542297e-01
3.429933805275616199e-01
2.365138923864098519e-01
2.432602811976872503e-01
3.340142391728651017e-01
2.631314484401166554e-01
2.047382881744969074e-01
2.974294505734820793e-01
3.204837357261373643e-01
2.917423972239232000e-01
3.555712232844205345e-01
3.018697814543895852e-01
2.563945499817740781e-01
2.160463117233964170e-01
2.686109498882588431e-01
3.109380534112926586e-01
2.935864801242253908e-01
2.676841085947219145e-01
2.618593304862559812e-01
2.770901863282765332e-01
2.144934507866675943e-01
2.750646422643608924e-01
3.204827975548775743e-01
3.167694153210602881e-01
2.721600798821745548e-01
2.601404494644369847e-01
3.259133027992219822e-01
2.564258912761649967e-01
2.749506738504746139e-01
2.737957955780342401e-01
2.993839278151595451e-01
2.924705930666270381e-01
3.349890425809001204e-01
2.067563507557295122e-01
2.586493844212577331e-01
2.935750392164149236e-01
2.638627349136890010e-01
2.961645741103283713e-01
2.171102237013980141e-01
2.162693325077701678e-01
2.992107941409663519e-01
2.204237244925550121e-01
3.692273924131954099e-01
2.588217259454866359e-01
2.840316458708309622e-01
1.855769037720923498e-01
2.839224211583200597e-01
3.107679042800308156e-01
2.587320833699313094e-01
2.549158678490494601e-01
2.062323898977631020e-01
2.769311409785463196e-01
2.775855966064672553e-01
2.575232952094953509e-01
2.189502354372044879e-01
2.139188188130849988e-01
2.524139639019727377e-01
3.108861621095171945e-01
2.900517500617254552e-01
2.948787273049324198e-01
2.718884645126934951e-01
2.890363543975401628e-01
2.294498148218234446e-01
2.804508374106499669e-01
2.528848521846796538e-01
2.927620793036548319e-01
2.861193933561720915e-01
2.605533546780638421e-01
2.584538884458629782e-01
2.332340808724585879e-01
2.403542413642655584e-01
3.122784831152314311e-01
2.296026790898210157e-01
3.131479352422540940e-01
3.122347052126817624e-01
2.603184051866790916e-01
2.854327178871881032e-01
2.705676822055080866e-01
2.611677709713989270e-01
2.802105123038527990e-01
2.833210991178386484e-01
2.906953488420370713e-01
2.071717745076101236e-01
2.279563533986876944e-01
2.845873557664727604e-01
3.084271250804235809e-01
2.725212958131937313e-01
2.388070957899652291e-01
2.855436982495445086e-01
2.691511598474203848e-01
3.379556539997441433e-01
3.132005565448162110e-01
2.880813340378051146e-01
3.077788646425116403e-01
2.815006266519493039e-01
2.949921436808211617e-01
2.418095452665907918e-01
2.652672897760512960e-01
2.451611080060800418e-01
3.354762119189550473e-01
2.904711513441156634e-01
2.220335330151834430e-01
3.505087215879444940e-01
2.524839583150000344e-01
3.444927343440054579e-01
2.674982004560604865e-01
2.987628214065614074e-01
2.706096618330703918e-01
3.114427137581467497e-01
2.662683094332329858e-01
3.164415595494783906e-01
2.351791331221601278e-01
2.228650003458496065e-01
2.876681630881789964e-01
2.715042448367253614e-01
2.572315620290277494e-01
2.327138306002900503e-01
2.840709148428288700e-01
2.437819282210018923e-01
3.137924014547328055e-01
3.005247928256488121e-01
3.335663264324608690e-01
3.069642247982546368e-01
2.730888374610802583e-01
2.468319142919636333e-01
2.524915458664813706e-01
2.437726117028349293e-01
2.541778631337545113e-01
3.590011576237736590e-01
2.637221315034273261e-01
2.401852569990879926e-01
3.155275728782915845e-01
2.405780061686677573e-01
2.281173966726315339e-01
1.949783554879380432e-01
2.724790478327669963e-01
2.353230723337891850e-01
2.382608531487755421e-01
3.025815063882917322e-01
3.112409488341115749e-01
2.705728147106779558e-01
3.107544433079560409e-01
2.961784291747702191e-01
2.890664988679483294e-01
2.337669410661079028e-01
2.518791573863418676e-01
2.883352005024092946e-01
2.945851248818870394e-01
2.883297253082640621e-01
2.928614225505483115e-01
3.219923479914789111e-01
3.023814609719754909e-01
1.995974373254158496e-01
3.145291470614950957e-01
3.591782288442595950e-01
2.372369878251440189e-01
2.703949658634049458e-01
3.014323456264199619e-01
2.367850835340645776e-01
2.752156098877518997e-01
3.003283267884878094e-01
2.501283610236342825e-01
2.696068857348736247e-01
2.812204696884525457e-01
3.011862986025565236e-01
2.242039183438632177e-01
2.976124875069269260e-01
2.427637207405309860e-01
2.771027146487221593e-01
2.806109123584337173e-01
2.770063900587461658e-01
3.118565072603639021e-01
2.867963241102478578e-01
2.530077344834122388e-01
3.149197261711328966e-01
2.873017307083244321e-01
2.357027270306599198e-01
2.603890226929041485e-01
3.076188595774071999e-01
2.187014445425605469e-01
1.958023992808309577e-01
3.056460341253545709e-01
2.921796016889201542e-01
2.243664014008782959e-01
2.956395701605340487e-01
2.832489063407355179e-01
1.897617334033958603e-01
2.424825959080057491e-01
2.442647223534806789e-01
3.010089740737135755e-01
2.512098738871638703e-01
2.255258723015061140e-01
3.248173834074722377e-01
2.369705121644961610e-01
2.501574640862262999e-01
2.901675046137331404e-01
2.379067728373727708e-01
2.788246267771914977e-01
3.296547194205244335e-01
2.695272728839424037e-01
2.287892021684521937e-01
2.677103013931813047e-01
2.036891150992727606e-01
2.568982629685602759e-01
2.400651610124926449e-01
2.511854399817536332e-01
2.819174383001825102e-01
2.562330353569925445e-01
2.527113300443734056e-01
2.507413373824506353e-01
2.967785037104474499e-01
2.550647148460382097e-01
2.766978816976163880e-01
1.843552436232997749e-01
2.479026404831091157e-01
2.959595084866163406e-01
3.007405264201523098e-01
2.870249446946994687e-01
3.425433261781132277e-01
2.672807923400665753e-01
2.526118326946998338e-01
3.391548875454726830e-01
2.462769767855227387e-01
2.814535773639755267e-01
2.884088486085314429e-01
3.587756005950559768e-01
2.756965104320049376e-01
2.405583004549865234e-01
2.231862764645979880e-01
2.589056439453687464e-01
2.652780718131154680e-01
3.208174421132649612e-01
3.111170770312177147e-01
2.296774452117948950e-01
3.025130373704111864e-01
2.860062567942808220e-01
3.053634185983351013e-01
3.324218283985083122e-01
2.150914766164804537e-01
2.543461536460244199e-01
3.452787643104066051e-01
2.241069928572425041e-01
2.921176471344252290e-01
3.099795950253770305e-01
2.491945443954820816e-01
3.117521000545469545e-01
2.537589153512205820e-01
2.516544186473200773e-01
2.642933910023254063e-01
3.365907229599499617e-01
2.490031542340864767e-01
3.077931740826467810e-01
2.353642737554076936e-01
3.272215175472655280e-01
3.049552790003428604e-01
3.627081587722135181e-01
2.351995385862955812e-01
2.984207667942327946e-01
2.641853106802564133e-01
2.672584774923777995e-01
2.489488392893231816e-01
2.671520310078481231e-01
2.557611368287394660e-01
2.378302784868754904e-01
2.670174362514867172e-01
2.315340163385222472e-01
2.754400977732158751e-01
3.045511097497616837e-01
2.335240191840971813e-01
2.346024965264533468e-01
1.839799987297774386e-01
2.631800781201577566e-01
1.937999747950815144e-01
2.626233257168777424e-01
3.511519736978515605e-01
2.470374835658029067e-01
2.166472095725350544e-01
2.056288061885142016e-01
2.885086073335267343e-01
2.771792721135497017e-01
3.594702745404491639e-01
2.921277059488674999e-01
3.311577336289718287e-01
2.351901645305503052e-01
2.674494183148777848e-01
2.667114965002243543e-01
2.445934443257687385e-01
3.312059827531775302e-01
2.352193972949380429e-01
2.674869811881404602e-01
2.679675835031719577e-01
2.502714475291905050e-01
2.294706441633204974e-01
2.791188708231869819e-01
2.238137182674390380e-01
2.481799572548608057e-01
2.447825738536741347e-01
2.810648994095162889e-01
2.160813067604947513e-01
2.461077849907558346e-01
2.754490278965468497e-01
2.130790216434179651e-01
2.927291688636586842e-01
2.295856029903578510e-01
2.802771432419624564e-01
2.321234609892436629e-01
2.538385144197638499e-01
3.143426116143259730e-01
2.413205803270924710e-01
3.200957927772518641e-01
2.678616739611170416e-01
1.990044502245200964e-01
2.233134662161413986e-01
2.905627745011117868e-01
2.618439213289054934e-01
2.358733663379344037e-01
2.892666267376011180e-01
2.340715806575812408e-01
2.459699612791401424e-01
2.728862816788535373e-01
2.239528668424947411e-01
2.516297534166179184e-01
2.428983935176197151e-01
2.220628954307750369e-01
2.189975594339463316e-01
2.331497282836622054e-01
3.018942604153881937e-01
2.772445759719214253e-01
2.556196448170535707e-01
3.113773838910514069e-01
2.129060126293760291e-01
3.086477507043295376e-01
2.960639698570615153e-01
2.320501931446584676e-01
3.028451778514033577e-01
2.968523224177185837e-01
2.287020852663530224e-01
2.279573840234278281e-01
2.897136969236636106e-01
3.155573863875641427e-01
2.694775439339726075e-01
