4.689300271128078457e-01
5.631432426769251709e-01
5.657467557693792726e-01
5.585163230039198456e-01
4.788817547883122971e-01
4.736350982047408120e-01
5.137857924625635064e-01
4.865376668777305902e-01
5.117133922596756035e-01
5.588436983767720578e-01
4.840600027174428721e-01
6.049044619131562772e-01
4.846009478045890106e-01
5.317655549529674008e-01
5.533470294293885150e-01
5.648970433266191638e-01
5.577219941891199406e-01
5.010443916025982825e-01
4.583331784086774885e-01
5.291538674662564778e-01
5.782167228844075080e-01
4.938801152772005487e-01
4.815309871993905810e-01
3.995678658577919151e-01
5.392602798132820618e-01
4.804124352588138303e-01
5.221229107123291913e-01
6.021838310303286868e-01
5.431861189657511968e-01
5.008180237176063088e-01
4.299350562998164316e-01
4.794893375201492725e-01
4.749138339686427845e-01
5.611750354730682400e-01
4.592684771907822316e-01
5.486960975368427862e-01
6.388346206495866264e-01
5.387566997845981698e-01
5.882326461357902936e-01
5.771637779260591072e-01
5.038139646810880778e-01
5.196475038595685936e-01
5.471247367032857634e-01
5.230679269973913526e-01
5.525701659398781773e-01
6.058965734421016824e-01
4.928189870320101584e-01
4.272966777696780571e-01
5.489222568808785896e-01
5.360342124301672451e-01
4.943076594859051598e-01
3.866731674457171142e-01
4.934369726101604514e-01
5.029021823379971057e-01
4.503412000104782820e-01
6.048484292100640980e-01
4.363597917060745845e-01
4.852097919311053609e-01
4.458005954149766303e-01
3.908325950003085358e-01
5.963303836189194351e-01
5.037393356140202894e-01
5.401007185335354732e-01
4.247332761970816772e-01
5.349741152006559641e-01
6.044513910717651539e-01
4.920596067050979627e-01
5.141574529113878134e-01
5.564653052704997549e-01
4.329287949273523117e-01
5.127672597238589480e-01
4.710442598497650568e-01
5.688111812146721125e-01
6.273512242767029790e-01
5.430868497397595140e-01
5.616785406990071339e-01
4.862179899617481427e-01
4.848112148312269110e-01
4.426279023108186106e-01
4.891576644336817492e-01
5.008520265832547835e-01
5.552752848334862046e-01
4.299195750275416894e-01
5.029420074656766326e-01
5.168729855423139785e-01
4.983008662904454544e-01
4.804561047409686703e-01
5.232314477971934386e-01
4.940389790101447076e-01
4.598157643666898053e-01
4.935290098846877305e-01
5.050838586657263596e-01
5.693947444873931341e-01
6.055907737939008051e-01
5.244833779803238505e-01
4.311780543677901090e-01
5.720050416726857323e-01
5.488111880150557953e-01
5.168608249958640544e-01
5.013806918475447461e-01
4.826297483315525882e-01
5.484795499210834979e-01
5.476890851088738188e-01
5.302520331632626371e-01
5.121681118514597175e-01
6.321499409586573970e-01
4.965462292806723243e-01
5.072530845138222277e-01
5.448726760863261687e-01
4.254958195913500218e-01
5.345826634963919410e-01
4.349155183287513049e-01
4.847676829510974006e-01
5.786787031239180035e-01
5.107891386454088689e-01
4.444265278972938660e-01
4.819982366502265636e-01
5.790435748898022927e-01
5.744412583949027873e-01
5.721864187426878301e-01
5.899479112769772104e-01
5.222739093325782234e-01
4.634567742871411045e-01
5.105716397591947286e-01
5.888185869947760720e-01
4.994330293091133743e-01
5.263961642269704422e-01
4.670033534887029769e-01
5.867280498286912005e-01
4.222577792126456231e-01
5.674593705673833810e-01
4.748401708776914809e-01
5.072916740806435731e-01
3.959831071635110389e-01
5.128047246666662673e-01
4.667050601902950069e-01
4.689959501675310949e-01
5.371929942788460366e-01
5.069165433417087696e-01
5.128159105591538758e-01
4.884193945597610220e-01
5.235154650023354783e-01
5.889101052066011421e-01
5.093619593036896598e-01
5.086172733063887286e-01
3.917886227669733490e-01
5.352121159478705481e-01
5.528351881684187008e-01
5.105205664329517390e-01
4.365777465011460579e-01
5.310897033528009237e-01
4.073904202967920662e-01
4.166109840422301813e-01
5.734614007700740146e-01
4.452131739326030679e-01
5.381109730238545774e-01
5.576994474678773628e-01
5.069527074459411198e-01
5.577632914337498082e-01
4.549183499878184378e-01
4.252183419544353082e-01
5.933324366558957452e-01
5.149560650519213745e-01
4.322426765875292953e-01
4.845572611355316028e-01
5.115305505440347345e-01
5.280711814430896212e-01
4.785466180971833516e-01
5.720338092106974637e-01
6.460294896032696688e-01
5.400257926667154651e-01
5.755236519186271993e-01
5.165165814824669299e-01
5.284768595836141225e-01
4.908650276037025417e-01
4.043308658546264089e-01
4.463273245906739795e-01
5.619066451079874902e-01
5.092990979753487801e-01
3.713202967890869566e-01
4.843358985977676001e-01
5.249469635862745731e-01
4.871009779227497560e-01
5.874609760906899236e-01
5.455098267417044511e-01
4.545021600173189680e-01
5.146625039369695509e-01
5.608428200008983566e-01
5.648561193561991711e-01
5.102738711671022109e-01
5.181770124426943180e-01
5.276204287690774430e-01
4.679905116211064420e-01
5.280679064238948950e-01
4.293792608321356230e-01
4.581666909480403005e-01
4.769934781505282273e-01
5.614794849404388666e-01
6.368730009767916700e-01
5.105107068234635559e-01
5.101125664717935937e-01
4.948417935779507171e-01
5.573758652471898500e-01
3.947217962385858869e-01
4.441907539459521437e-01
4.535799468637310983e-01
5.418466615158643584e-01
5.664665706777656240e-01
4.415975225265363902e-01
3.787489508969309471e-01
4.699949975031512683e-01
4.621318996590637052e-01
5.868968188074161763e-01
5.502443796911470342e-01
4.818477626192677055e-01
4.245581775680419279e-01
5.023264172059007659e-01
4.806990544511368091e-01
4.576739322663181397e-01
5.501772068045726050e-01
5.339754278543458188e-01
5.534907017126029505e-01
5.698138471692533180e-01
5.729869613342262191e-01
4.385038254179620676e-01
6.132882172317444258e-01
5.099080382767988695e-01
5.065286200124576865e-01
5.511332111008969692e-01
4.438981343676952629e-01
5.710194758694746575e-01
5.932705452671501734e-01
5.638152094082677923e-01
5.608922842112396001e-01
5.291792452023829085e-01
5.420139807094255247e-01
4.955289856861311848e-01
5.999144994848989443e-01
4.901350219829767041e-01
4.872470232729281259e-01
5.208091074513973018e-01
5.307184649277991717e-01
5.373937562639654608e-01
5.410174861129710688e-01
6.074214032794744700e-01
3.863874485350944354e-01
5.084090082956937984e-01
4.833277314867461816e-01
5.472745754881311875e-01
4.175028322584631857e-01
4.922673823958783612e-01
4.230014812977776484e-01
5.709094333394830745e-01
5.677469324609789592e-01
5.574484998761111143e-01
5.251516806863396614e-01
5.374842789123676079e-01
4.289514075662510528e-01
5.130718991729079637e-01
6.571073234439654964e-01
3.868886666192929980e-01
5.822284301917072247e-01
4.782094814535501337e-01
5.650070614031963423e-01
5.512775048693197011e-01
4.109567304490514550e-01
4.804086916895576320e-01
5.080138517652400543e-01
4.944541950327838720e-01
5.330226655657539503e-01
5.349099634854393992e-01
5.330775770588617180e-01
3.755525842832945216e-01
5.838318020975936662e-01
4.808061547512961220e-01
4.602896853905421026e-01
4.267435892027533484e-01
4.835970741890474045e-01
6.163767285540581176e-01
5.473702068515093888e-01
5.555322175500154724e-01
4.291420552969985591e-01
5.624366835202986303e-01
5.908277150701926050e-01
5.102445141392323302e-01
4.507357388730070524e-01
5.779250971468135045e-01
6.154077445322614359e-01
5.600778863039015398e-01
6.631093460043444576e-01
4.796676592091063118e-01
5.757040907873884894e-01
5.718487335896486057e-01
4.727517373408052226e-01
3.766441649351049969e-01
6.019397209188319664e-01
3.746713792649579156e-01
4.303196293433768638e-01
4.901775626175219336e-01
5.089089127582908656e-01
6.054171248318561682e-01
5.260168004185252766e-01
4.641545596277497077e-01
5.479429309809396020e-01
5.753771251913768481e-01
5.146245052093845196e-01
5.296455149683899633e-01
5.292105272710009300e-01
5.270919057700269583e-01
4.865863786496197885e-01
5.631731703304195813e-01
4.959345125925031517e-01
5.290048900215068572e-01
4.733709674737052175e-01
4.566820932012615186e-01
4.002662749992714208e-01
4.818919292540222998e-01
4.067815752179537725e-01
6.160951816898274647e-01
5.210105710827387382e-01
4.908606546785536651e-01
6.068338177411419787e-01
5.058054686698255642e-01
5.896784252613688215e-01
5.451958854595591042e-01
5.869169004521823663e-01
5.222046801689850248e-01
4.804595493708968545e-01
5.398059641636437922e-01
4.644518274642228661e-01
4.931284270685485915e-01
5.023131149188765354e-01
5.156250789487211161e-01
5.901523891000617361e-01
5.219180988864546844e-01
4.433344685749427971e-01
5.523586322837026330e-01
4.850186448017659302e-01
4.672098365075109672e-01
3.938247745123482080e-01
5.750566284105081971e-01
5.453907358720065934e-01
5.125871170171052427e-01
5.416737616606760453e-01
5.662915352476827202e-01
4.618258607124969828e-01
6.241252413875875149e-01
4.302383652075976173e-01
4.459312288304970728e-01
6.214273313932565657e-01
4.463881322684605246e-01
5.219514280035806308e-01
5.972418042739533472e-01
4.151710898802470906e-01
5.348588746159080864e-01
4.414236554605737162e-01
5.485830830088491705e-01
5.305293697502381223e-01
5.264032406981067336e-01
4.740363508147038551e-01
6.329771775752839336e-01
4.301236243240438295e-01
3.668958871009868616e-01
5.691301488887411386e-01
5.056401230140614711e-01
5.211907857041949699e-01
5.581114589125660830e-01
4.849210425287246440e-01
5.047749945507599145e-01
3.781437764949728275e-01
4.594827621317607025e-01
4.674380441990846902e-01
5.281821684677895368e-01
6.214132740931581633e-01
6.381347341947742891e-01
5.501421588272652485e-01
5.193299943382309047e-01
5.235517862739232919e-01
5.478466549926664930e-01
4.800135498875426343e-01
3.935177558377165319e-01
5.341695156174837145e-01
4.608633052966155663e-01
4.563397124015843298e-01
4.767676866283967474e-01
4.739598660058321755e-01
5.140191302164741627e-01
5.386400786308741528e-01
6.268967956909735628e-01
5.644694101368606942e-01
6.342049856419227361e-01
5.243692326557766181e-01
4.970606204204899292e-01
5.156690773804117889e-01
4.718853423335552244e-01
5.778576806169237745e-01
6.423260107422682497e-01
4.780694099726545687e-01
4.726571484867431172e-01
6.179137716743884345e-01
5.388989232305366750e-01
5.675598838787212497e-01
4.024077620063257754e-01
5.047039099009222873e-01
5.635318431116342897e-01
4.079697288643892028e-01
5.615247630461863704e-01
4.629189235849233142e-01
4.978528491134900369e-01
5.871495044678064490e-01
5.872778676622761873e-01
5.229995967947760338e-01
4.131653089171763438e-01
5.304690545966102011e-01
5.834930851868479484e-01
4.593601371553485135e-01
5.219039186002788488e-01
4.586026378941490678e-01
5.301852400770253881e-01
5.749255905659823584e-01
4.471632765626118999e-01
5.163409819898875375e-01
3.892488300637272358e-01
4.701199312104201167e-01
6.211560692732718270e-01
4.858568245820963361e-01
4.385578826944223629e-01
5.266101775411701214e-01
4.819560128190951143e-01
3.802384839245034343e-01
5.095185450921042580e-01
5.521355751659098310e-01
5.100331723418533025e-01
6.019311510077479666e-01
4.399588592825597333e-01
5.503715830636115580e-01
5.484521915379633183e-01
6.160350018596366661e-01
5.428335311558211140e-01
5.918512249911659362e-01
5.079092761945989132e-01
5.092897974122422289e-01
5.980854811458911069e-01
6.065496196891274616e-01
6.003941434584170178e-01
5.012858195188298893e-01
5.991058457829933070e-01
5.459154859913811775e-01
4.929941828028200357e-01
5.891503662735844138e-01
5.648141464474560891e-01
5.419863914791552828e-01
5.153910498109728344e-01
4.838453474069194238e-01
5.278192797299274819e-01
5.131006280457914848e-01
5.213086688830889104e-01
4.508709679322754349e-01
5.127279674609620530e-01
6.003512365830440123e-01
4.593175835231075310e-01
4.815252981729931103e-01
4.002708802208706507e-01
4.813898877154088041e-01
4.850470955999344747e-01
4.975731739243357543e-01
4.922504394237213199e-01
5.249420260491822754e-01
4.844855578497100912e-01
5.122486043909975084e-01
6.050308039440251973e-01
4.434632546458142643e-01
5.551188536044758814e-01
4.444662433854351113e-01
5.523790266985286745e-01
5.411819557256041247e-01
5.136982074936318199e-01
5.887981679025948711e-01
4.803780455535811011e-01
5.552661565970703483e-01
5.016045741022415738e-01
5.427382048411618642e-01
4.369780299431630932e-01
5.259928061597569648e-01
5.078041035752105525e-01
4.469309177404134914e-01
4.734421130985476123e-01
6.129291563007583932e-01
5.747766255538508950e-01
4.802587448449471275e-01
5.079852262557079667e-01
5.370560169940731265e-01
5.341534379249488484e-01
4.813999365567641631e-01
5.137704350282460419e-01
5.540213852465238897e-01
4.627114391433970741e-01
4.999219780503239008e-01
5.631968465576011607e-01
5.455623128400431954e-01
5.299157249573517303e-01
5.827610663325003548e-01
5.392530683490890375e-01
5.025519999904833890e-01
5.397973404628652050e-01
4.090227545473384962e-01
5.409359193995336712e-01
4.996795856939078018e-01
4.955147066115088150e-01
5.180806361551860695e-01
4.564353446364355360e-01
5.317677823552156013e-01
4.708754993664861499e-01
5.083826661389407864e-01
5.835300783033701144e-01
5.111234672464490814e-01
4.523790670304724260e-01
5.206646067930608135e-01
5.236807891105634827e-01
6.490057138850486851e-01
5.970755046272944178e-01
4.780724527618244180e-01
5.774828099518358737e-01
5.469448806947541097e-01
4.434675658364897188e-01
4.672244063985716567e-01
5.472452795577749107e-01
5.138927277070787225e-01
3.680528710577632978e-01
5.515947245762271578e-01
4.840174604941147596e-01
5.838790085872425095e-01
5.236168780437918668e-01
5.762990726538972375e-01
4.107372595342378974e-01
4.291623734466434303e-01
5.235286742758831213e-01
5.217685515346285330e-01
5.971375924409629832e-01
5.195261220435841709e-01
5.893727635086145611e-01
4.689568346434926371e-01
5.683311726220610094e-01
6.182784736889959110e-01
4.256499277034652695e-01
5.681235195825322659e-01
4.951373622213220971e-01
4.374040149822298051e-01
5.127376397752293480e-01
5.314030580513335877e-01
5.439339517085727271e-01
5.276027740528576038e-01
5.298981944138142497e-01
4.286897681972527407e-01
5.484423605543953251e-01
5.693909722571519616e-01
5.887363503934288644e-01
5.668453059854708931e-01
5.155887384980282206e-01
5.086999001199831172e-01
4.578819268647874585e-01
6.453461962987424583e-01
5.613720802962798295e-01
5.673511004118078072e-01
5.892394765894743980e-01
4.341215398048257068e-01
5.853303508409941625e-01
5.982820364521995726e-01
4.761345628669778618e-01
4.990000616057296279e-01
5.041970599831027133e-01
5.195383751171596121e-01
5.839295126675222436e-01
5.488569101268011563e-01
5.170875032300333851e-01
4.657069992945868098e-01
4.213919275262554276e-01
4.826238867597708593e-01
4.587786190178925194e-01
6.131071176968102554e-01
4.914584900424990854e-01
5.776777340046908016e-01
5.585546308905011692e-01
5.621956110858941091e-01
5.017337821659236807e-01
5.159550169100685091e-01
5.178183116627134153e-01
5.472582881748976336e-01
5.078567778378521025e-01
4.103077285485623449e-01
5.818647172004371981e-01
5.516002548872074307e-01
3.925033757337147433e-01
5.500886407793503796e-01
5.341694589934942172e-01
4.612409724528229726e-01
5.643079552149624645e-01
4.830995239622879467e-01
5.895707302186656840e-01
4.963202765255653182e-01
5.832666476923671350e-01
5.283439809239909302e-01
5.614974364740460411e-01
6.275672939626504299e-01
4.848864290883671546e-01
5.584441449964926418e-01
5.878698489557236950e-01
4.700364685738240844e-01
6.483685554308424859e-01
5.453684523872970313e-01
4.767059305442396533e-01
5.262457746720734519e-01
5.134455588391815262e-01
5.272953063360485970e-01
3.849904355431217340e-01
5.687053994988640060e-01
5.256151984273313982e-01
5.732079853071383457e-01
5.997044752854754357e-01
5.636107274638018083e-01
5.144499901305654710e-01
4.503689833823445454e-01
4.263898380433910895e-01
4.058651379995223962e-01
5.672361241876753279e-01
4.399351281682372661e-01
5.359491619783335326e-01
4.392489348643550118e-01
4.472722397677424966e-01
4.990192191162747259e-01
6.027263051981278652e-01
5.105154652654736447e-01
4.988619920227956861e-01
5.274488483238363168e-01
4.989476941073799909e-01
5.268494757618329416e-01
5.566268085429713075e-01
5.496534528570951039e-01
5.868709210880531657e-01
6.060119668520850267e-01
5.273589225673227521e-01
5.043801632192508322e-01
5.183138363864505660e-01
5.197724709012473410e-01
5.455601423486895474e-01
5.880567013242995467e-01
5.683945710658632189e-01
6.482116285252277343e-01
4.963862867473065599e-01
5.262000289878794312e-01
4.067709456142106217e-01
6.578555166885285965e-01
5.222920995558689716e-01
4.799358563515551124e-01
5.983727149807167578e-01
4.397035409178658427e-01
4.796219819807202023e-01
5.251142994115586271e-01
4.280451705476596147e-01
5.460427449494553720e-01
4.878034921038842953e-01
5.265397496628803076e-01
5.629606361928024549e-01
5.960904619123632564e-01
5.910577687131270963e-01
5.201996279353915398e-01
5.081031052784457103e-01
5.714785226599847778e-01
5.778337571620086877e-01
5.551488948626459585e-01
4.003314982526005039e-01
4.930880513459353631e-01
5.707375396333346229e-01
4.289230498112029943e-01
5.823472962005871167e-01
5.215094469309793368e-01
5.577985095182103059e-01
5.593016570889121075e-01
5.084388148717051692e-01
5.511297394643470682e-01
5.532133202046450871e-01
5.797978838304093108e-01
4.407201082954109728e-01
5.175290698327335015e-01
4.571598895817454711e-01
5.505849492582798321e-01
5.861020931530160905e-01
5.750704453675534733e-01
6.361131154006388622e-01
4.865582729693578301e-01
5.992249919357284238e-01
4.418223683451351080e-01
5.592837040439034846e-01
5.680533627149529918e-01
4.995790753969368003e-01
6.646428381477165193e-01
4.356227420770597547e-01
5.156579753321248738e-01
5.201319162552157094e-01
6.375050490893018340e-01
5.080616449743512453e-01
4.736645358345796808e-01
5.393445776696806915e-01
4.570190860006947409e-01
4.810094764150350533e-01
5.409697306179781506e-01
5.507180903447658205e-01
5.484963219692799985e-01
4.883586330857331292e-01
4.229972242847979680e-01
4.636064767748879767e-01
5.253459947945630093e-01
4.699319990031436967e-01
5.774887536897822526e-01
4.429431093595707081e-01
6.300719405506095550e-01
5.974001876994554650e-01
4.975651437894911266e-01
5.021879801109558894e-01
4.753862870283689923e-01
5.662366933717294382e-01
4.805729298439981867e-01
4.920824263883766814e-01
5.038148055508118173e-01
5.472580927218537727e-01
4.952536063484402340e-01
5.678504851496837258e-01
5.381930406691874946e-01
4.660306533714677624e-01
5.494682680928530960e-01
4.474378575436259164e-01
4.962242550846407418e-01
5.574543976009924684e-01
4.138972494325487417e-01
6.426778422357952714e-01
3.767759928657623547e-01
4.455035607934313413e-01
4.150384994264187943e-01
5.886710241595192183e-01
5.517175714376056916e-01
5.243525243191027307e-01
4.858196637226302461e-01
5.871208680343555919e-01
5.193370793597265056e-01
5.602562258002283802e-01
6.005529494890834430e-01
5.025511072585218120e-01
5.848294237413166341e-01
5.025538784328009712e-01
4.309689042640786893e-01
4.522690512392145146e-01
4.978889809815770784e-01
5.724232799493758073e-01
5.539411819444999274e-01
4.467180388760013665e-01
4.808614386432488175e-01
4.392473774744765080e-01
5.116540229879759094e-01
6.408274425462070489e-01
4.577150320649558957e-01
5.086807557511116018e-01
5.565821103748194165e-01
4.750092649392502198e-01
4.908883744692744133e-01
4.648752666676543299e-01
4.160173960912088575e-01
4.887663443091974091e-01
5.274016218685979585e-01
5.730175363849601133e-01
5.958522950514414385e-01
4.667415248184134668e-01
4.850652375561299579e-01
4.761276082047780633e-01
5.078549043189567458e-01
5.935858251611385583e-01
4.954080681482913029e-01
4.371339212576145772e-01
5.651144908712737447e-01
4.588214431450389208e-01
4.882276641328162636e-01
4.737355962639953622e-01
4.836928731115123226e-01
4.689761395392118559e-01
6.159638936056771596e-01
4.511306892057293516e-01
4.675108194407908146e-01
5.012419347394597713e-01
5.358146811604854731e-01
5.298096693668916668e-01
6.143912163423788098e-01
5.207071161240260926e-01
4.733453957931040845e-01
4.785683486391514863e-01
4.327626132340462450e-01
5.002379705584001357e-01
4.180713065325776800e-01
4.885195227525008232e-01
5.475985905886634475e-01
4.861192560270747309e-01
4.196180312461973427e-01
4.745746116567420847e-01
5.538251035559635937e-01
5.643509478461293805e-01
5.458315070496203569e-01
6.272287573961838891e-01
6.451259286048277586e-01
4.959860581978254856e-01
5.912709688016922760e-01
5.071755224869555212e-01
5.125140601268443064e-01
5.371679737237189389e-01
4.697998774987260373e-01
4.463629045496014247e-01
5.297836444975798642e-01
6.378802335995019668e-01
4.740935207872393198e-01
5.566585398741104029e-01
4.810951559719690573e-01
5.224840581294580844e-01
4.128950567605915722e-01
6.025547474812661397e-01
3.757623213786023264e-01
4.663051114771205041e-01
6.142617678495930766e-01
5.522182265204168550e-01
5.277991249969280485e-01
5.298496804158719931e-01
5.322238629145109590e-01
5.287276434651563273e-01
4.198451464860650795e-01
4.617936815380700999e-01
4.888819301686559426e-01
4.915889429676088551e-01
5.128564473410417435e-01
4.911795318847711478e-01
5.098196649151153226e-01
4.393190940272765910e-01
5.085281157160490562e-01
5.067337942178007371e-01
4.138321684753770713e-01
5.829629405371298256e-01
4.927000729650788946e-01
5.176721856464064908e-01
5.693606767278109881e-01
5.305458358972690025e-01
5.105175996371825731e-01
6.359104947850554579e-01
4.871833200635031225e-01
4.586736224890233249e-01
5.651939761288885533e-01
4.461575264291478549e-01
5.847270363506698043e-01
5.985308367227660797e-01
5.526173182644336102e-01
5.812767864309100752e-01
6.196503784490073885e-01
5.982309535749426033e-01
4.053074303451430493e-01
4.467403460318600250e-01
5.157958516545726457e-01
5.371187316348486895e-01
5.433249674053827194e-01
4.954005199335982379e-01
5.309334860755607899e-01
4.095039053443594312e-01
5.911239757322335198e-01
5.271522911429369351e-01
5.593444869354524673e-01
4.793123610698061254e-01
5.279525071728166097e-01
6.112068590353731956e-01
5.390687825297927338e-01
4.778707798235286019e-01
5.217743348028965888e-01
5.044959104345649870e-01
4.492383304330370697e-01
5.623375483160529820e-01
5.760518986051459400e-01
4.176971175860785812e-01
5.582875794623540777e-01
5.540975373445832242e-01
4.306046508782975235e-01
5.921923439702680980e-01
4.802045115528709718e-01
5.652291620528921978e-01
3.528350195134146716e-01
4.451017800271944158e-01
5.581772521657463182e-01
5.165340213816702608e-01
5.312651134498181937e-01
4.902614044189776976e-01
5.293475158231515376e-01
5.448084272244920756e-01
5.400562952189902344e-01
4.749276750849888429e-01
5.746565139273824840e-01
5.754554549732503466e-01
5.598989801487893603e-01
5.552696820236204811e-01
5.393815500592730183e-01
5.607080458091646680e-01
4.499607352933168158e-01
5.253968568444534748e-01
5.820404778891526965e-01
5.909516101691080214e-01
3.531909062974003533e-01
4.789954024698382384e-01
5.770194233415221197e-01
5.549427308742096443e-01
6.169667412367983994e-01
4.690165968491527004e-01
5.276441835673526537e-01
5.629884735559834708e-01
5.444108297395822138e-01
5.499006062072722134e-01
4.906624744398111471e-01
5.240961877058205598e-01
4.791017011243972612e-01
4.294840299865465560e-01
5.926274967619797884e-01
4.419738809893261067e-01
6.029980917907478144e-01
5.087982043654193376e-01
4.814224770270790765e-01
5.431444585294308292e-01
4.612272655292092294e-01
4.750628576905582268e-01
4.262726227298880843e-01
5.070078517132982077e-01
4.858781225766771739e-01
5.467973667888694767e-01
5.952959853996970807e-01
5.898593449869169447e-01
4.873300131874932495e-01
5.305170694502279183e-01
4.369637733383960332e-01
5.631555875418676749e-01
5.959336427362582622e-01
4.146093916375722666e-01
5.170351692771590901e-01
4.461789528568674834e-01
5.020029023850435257e-01
5.091533016794406175e-01
4.643813032076006264e-01
5.125769410747481603e-01
6.209740494401265742e-01
5.517966096716174773e-01
5.099355925462039085e-01
5.663026971834622669e-01
5.123960798484067380e-01
4.904549315246827801e-01
4.623149040307806268e-01
4.280498167572402979e-01
5.473611976837248205e-01
4.712441124690504024e-01
4.559121805649007930e-01
5.080159829780419578e-01
6.107417049397952935e-01
4.543380047549422374e-01
4.877584997739743966e-01
5.662225685519636231e-01
5.508193547948041502e-01
4.818985680560156082e-01
5.779678089184838718e-01
5.462905986426669358e-01
4.209161315117108670e-01
5.259799181829354353e-01
4.549956690652970925e-01
4.984500101366911018e-01
5.625490399022671228e-01
5.251030225796372575e-01
4.136910856861296115e-01
4.901674436885067876e-01
6.353639937646518021e-01
4.896679883290984137e-01
5.238101938595505214e-01
5.228665917695674015e-01
4.664774608770227982e-01
4.088070646216350745e-01
6.287647259346705875e-01
4.914952051127750021e-01
5.642449957135134975e-01
5.347670850755888994e-01
5.109928215299103238e-01
4.853138651065986853e-01
5.215906764799134177e-01
6.131240791995670181e-01
5.445288778538834862e-01
3.621696753389107570e-01
4.654139723971724152e-01
5.404165490946786221e-01
5.698193654776808614e-01
4.855296333083355398e-01
5.589513981617852956e-01
4.649894465287740530e-01
5.507711233421397345e-01
4.346671292840252887e-01
4.562630447774402853e-01
5.530232458865826928e-01
5.372605437588168220e-01
5.250239558895298808e-01
5.015203302624081649e-01
5.041398852061148572e-01
5.332485183100050818e-01
5.202150890022867458e-01
5.149380338631104337e-01
4.924991914489170730e-01
4.933309530456015390e-01
3.303786530168118518e-01
4.730043576477506173e-01
5.370632181423936613e-01
5.651530114336952293e-01
5.190200733490114571e-01
5.867316623751588356e-01
5.380451124671989938e-01
5.337600423824463425e-01
5.541144033652635192e-01
6.473681794961005931e-01
5.220881931106091667e-01
5.842193057567510728e-01
5.068176172628360288e-01
5.231667787663006886e-01
3.539951982307181777e-01
5.371083034767160092e-01
5.765909299111947606e-01
5.173948627123033939e-01
6.183959205733601250e-01
5.488317212182991511e-01
6.312096879852128195e-01
5.128229645047349683e-01
5.517810915093620538e-01
5.498801706371845288e-01
4.124165483135436849e-01
4.932468245232043413e-01
4.255588617953059982e-01
4.997924725591254003e-01
5.135773495945537004e-01
4.862329069900008793e-01
5.141987264322692708e-01
4.756169061891437622e-01
5.046786594399914616e-01
5.307879069106725689e-01
5.853165188815462328e-01
5.314397576022619196e-01
4.353978981270106852e-01
5.140771241976503925e-01
6.127756900347001157e-01
4.902344444982382754e-01
4.666165667467673250e-01
4.190647095447249670e-01
5.951117517981397986e-01
5.305328657662286007e-01
4.740843853455715684e-01
5.445364173069864311e-01
4.823983494561543406e-01
5.049381844359799310e-01
4.452739147644244611e-01
5.646487935864937802e-01
4.708939537967858913e-01
3.885168273908944925e-01
6.340749914886013583e-01
4.643477998553529607e-01
5.167934379359575559e-01
4.752787530331236132e-01
6.149655998889984598e-01
5.867847216535732047e-01
5.129348180698714010e-01
5.368122401587006598e-01
5.364387048971543948e-01
5.118391448576515845e-01
4.315261830999074233e-01
4.593889695521323757e-01
5.413760590570041442e-01
5.545218717673613407e-01
5.620654750584110904e-01
5.439576834059137722e-01
5.481333558117327254e-01
4.602718751311955514e-01
4.040754326366602922e-01
6.493243544815753276e-01
5.518276697312104462e-01
4.772417904209714234e-01
5.492802860815183541e-01
5.626187810779520460e-01
5.346637885899593323e-01
4.631798954291267423e-01
5.204691846468760819e-01
5.317988581724487629e-01
4.627791407444298843e-01
5.184591475894665402e-01
5.731726635041737294e-01
5.437181182205803598e-01
5.612236246654067617e-01
5.222674959994909605e-01
4.312908731492000602e-01
4.373209204227991309e-01
5.454496880335149012e-01
5.849534934288475041e-01
4.801048346901013453e-01
5.718326253820859018e-01
4.654572571260451319e-01
4.774785826679309175e-01
4.203762555884688057e-01
5.568146298316192233e-01
5.822022127398204239e-01
4.955990411360430836e-01
5.163400671072320147e-01
4.767815268306001553e-01
4.645677360230676123e-01
5.512648045192664048e-01
6.022581618429807548e-01
4.258154357876856033e-01
5.582779443121601570e-01
5.200881832239128144e-01
4.692677258585319922e-01
4.136117381339143306e-01
4.642778617381230211e-01
5.746789024032414872e-01
5.120978082832633449e-01
4.414082358325469579e-01
5.390539799772445795e-01
6.044076627428878190e-01
6.315630422781897124e-01
4.715829882477547419e-01
4.344164162666843687e-01
5.090146055702559069e-01
5.508792965648648954e-01
5.612935373555530960e-01
5.385013980175221704e-01
5.511589263724148147e-01
5.289798479225676919e-01
5.073456426259507213e-01
6.066576216572413527e-01
5.135378983914355988e-01
5.224968583421973900e-01
5.965695629477193451e-01
5.518748797573456155e-01
4.941271401881372483e-01
5.714309873316433253e-01
5.178509820722090318e-01
4.259790453231380170e-01
5.883650239112453439e-01
5.633196671304050440e-01
4.787535948816669662e-01
4.877498767322787643e-01
5.538411612974325493e-01
4.327355913306837887e-01
4.583615707638408754e-01
6.317331273310574646e-01
4.793726041757075951e-01
3.916884836937693515e-01
4.645393761402692445e-01
5.726336909870376468e-01
4.227213605606292002e-01
5.570656789661438957e-01
4.257686788828797253e-01
5.301498473718400106e-01
5.066796480382507184e-01
5.709125236235521594e-01
5.352497152286220805e-01
4.512630378733941128e-01
5.443980152231068237e-01
5.413173043750209024e-01
5.019274989514553864e-01
5.521046715857503839e-01
4.946417705312057267e-01
5.517615956914719844e-01
5.641491326240292148e-01
5.353731668920604925e-01
5.158045826038086812e-01
5.502928444513721651e-01
5.528657439081218206e-01
4.899415330821355052e-01
4.491540201836583535e-01
5.810117828234389048e-01
5.394596958390065478e-01
5.266551421086641538e-01
4.364360448854123220e-01
5.491913646046252540e-01
4.944948594447737267e-01
5.352191260052182598e-01
4.749991689001456519e-01
5.083277209534600161e-01
4.994483668185836223e-01
4.698166504425576040e-01
5.325930342975709886e-01
5.378937354359185630e-01
6.254026181178633514e-01
4.809430361500083850e-01
5.321361542348669316e-01
4.882256107081075491e-01
5.127957982970331452e-01
5.596903782995736876e-01
4.915109580355476737e-01
6.306098947348035555e-01
5.489791941927767427e-01
4.881155901305286315e-01
6.153526643177948952e-01
5.587117620321667699e-01
4.780007762031779350e-01
3.989787928478628620e-01
5.252264013089201766e-01
4.124675129157563958e-01
5.549758360957840475e-01
5.180707128714624465e-01
5.129559164340405930e-01
5.683061174429625551e-01
4.321396310145531050e-01
4.302606010334502074e-01
5.784970875445218930e-01
3.845270398541069667e-01
5.673132724632911073e-01
4.843774723751519962e-01
6.037516286830366674e-01
4.319840387195783560e-01
4.916167555244121967e-01
4.975666504610469776e-01
5.326450780339888613e-01
4.890287163783743063e-01
6.175756871279713955e-01
4.675924662022582501e-01
5.253694243592226254e-01
5.149507849873454779e-01
4.590421586338739313e-01
5.330195036264940844e-01
4.560195377534130845e-01
4.901758583596710905e-01
4.416514087542925404e-01
5.575274483299551553e-01
3.607465595070916131e-01
6.587609188749267153e-01
5.441676057579897252e-01
5.404775510411250483e-01
5.134336443679006212e-01
5.212520540221172727e-01
5.710436045559710294e-01
4.439131348834431390e-01
5.980251802782077242e-01
4.386972432599459681e-01
5.825058108748052410e-01
5.185470697090739378e-01
5.131458980073453358e-01
5.084099806305016900e-01
5.466187286741777118e-01
5.120060426470434134e-01
5.653925567553808040e-01
4.923020592972286447e-01
4.362841142317344656e-01
5.285322445680409320e-01
3.528504364945161953e-01
3.933113217561493014e-01
5.087855710601792980e-01
5.217076353471072903e-01
4.337388253157916651e-01
5.823420364568934193e-01
5.566817187158177305e-01
5.326808774575928496e-01
6.023692911345671641e-01
4.154645115691414925e-01
4.799795941468556482e-01
5.477708117904891427e-01
5.346069817316597694e-01
5.013868320414879287e-01
5.037521523582266791e-01
3.842641946678941878e-01
5.012954936369972136e-01
5.605620583052417505e-01
5.436690900019901518e-01
4.568175406401062122e-01
4.660374529562654744e-01
5.032119648748618612e-01
5.587831947512036379e-01
3.822152448575115713e-01
5.458714821925685357e-01
4.341818752605409171e-01
4.387987313526212629e-01
4.368519588873779336e-01
4.961273790306126585e-01
5.794995109968227309e-01
4.685778952674479747e-01
5.042975481995842779e-01
5.071595120976589710e-01
5.687441275004389007e-01
6.647934965973305577e-01
5.614531554963841931e-01
6.044349724479506358e-01
6.031481390269771703e-01
5.338428503187754304e-01
4.899285797671539822e-01
4.504480055957574280e-01
5.169900768981889883e-01
5.112403833010977783e-01
4.973686931632290698e-01
5.376296365890438356e-01
4.885902373505599527e-01
4.483371237232920414e-01
4.581640289031929103e-01
5.027497775431398752e-01
5.092233868659853391e-01
5.174061835872705295e-01
5.678003709735010007e-01
5.500383319000159421e-01
5.000392428225947095e-01
5.084160913752611144e-01
5.124869125640607592e-01
6.228091112750832048e-01
4.996655511268934258e-01
4.652663826956814352e-01
4.588131905015249146e-01
5.217297112944510040e-01
4.889692036476659398e-01
5.333623144407337868e-01
5.082307468677904616e-01
4.817767890757447269e-01
4.947034279680577740e-01
4.419460716818779944e-01
6.759490704845680931e-01
4.890885294399517913e-01
5.582220445366372630e-01
5.563034685852310535e-01
4.583838430784856199e-01
5.646592980716133026e-01
5.909956586564988346e-01
6.085350380389303870e-01
4.448351592459629522e-01
5.387415810694635709e-01
4.861081837108350845e-01
4.074219945579187208e-01
4.756130461199294945e-01
4.686954452525077253e-01
5.391781537145182712e-01
5.909376973747644257e-01
5.555566349983280805e-01
4.699213525321219720e-01
6.206105574367125621e-01
5.565360117138654639e-01
5.154504147225728028e-01
5.356038935876649143e-01
5.169274247569229930e-01
4.132235335859183456e-01
4.681835681524331161e-01
5.479174219056570649e-01
5.049700844530388144e-01
5.849154227582336052e-01
5.863140097888143165e-01
4.744715715670624889e-01
4.760040668215165804e-01
5.893103277101841009e-01
5.895935654153741101e-01
5.414720065037036401e-01
4.994574098414301666e-01
5.125772162161830181e-01
4.734009165023144172e-01
4.625427058966548599e-01
4.457617223620031766e-01
6.295528480286887163e-01
5.793814822641164541e-01
5.519337091406328888e-01
5.168720308036109934e-01
3.803576010027678311e-01
5.063133275222032603e-01
5.183979476181441726e-01
4.593397650419949740e-01
5.180904121394986905e-01
5.405700255474269467e-01
4.842731827664472632e-01
5.181055367854812133e-01
5.974277400644689706e-01
5.014141679659460671e-01
4.742350322705822796e-01
5.521018093783065517e-01
5.418826090597382850e-01
4.031653730440725170e-01
5.342849829134610484e-01
5.654935176233880645e-01
4.827794461390408909e-01
4.138073578974468814e-01
5.908843606272720095e-01
5.418509855334777692e-01
3.662315465407468551e-01
6.285204912140054390e-01
4.818234276711493846e-01
4.443504813058246627e-01
5.144315177244468407e-01
5.408293454844358417e-01
4.772601683943369366e-01
4.905296948223925035e-01
5.131114200494565347e-01
4.934352169239242802e-01
4.945116950451642346e-01
5.315541741344644855e-01
5.206619396351128692e-01
5.202738500470748262e-01
4.410842512203707599e-01
4.930109132438229569e-01
6.240792477462993038e-01
6.114843312108169116e-01
4.651695214415301760e-01
5.845372045371620695e-01
5.739736409890819901e-01
5.033463209092511326e-01
5.251616093429802845e-01
5.542674590697924675e-01
4.655693740044133944e-01
4.322460668167749653e-01
5.325955142916213303e-01
5.022358822390972088e-01
4.513748031084490187e-01
5.015841169925960852e-01
6.051687287890313849e-01
6.124779834764887410e-01
5.431710608411708385e-01
5.829147084723977912e-01
5.445530197544946605e-01
4.536707360509352194e-01
4.755348121101372061e-01
5.541297177091264459e-01
4.556978986889852479e-01
4.783495394345989582e-01
5.894816558778942506e-01
5.725015351565344579e-01
4.956546154950082772e-01
4.927213842961402079e-01
5.396795231646422941e-01
4.965466916630233429e-01
5.275802101153662660e-01
5.367471179930539682e-01
3.935166533328555705e-01
5.163947393712025047e-01
4.545942147731731886e-01
5.365456591699278022e-01
5.872380883530285978e-01
4.683985282401639250e-01
5.807102627246916171e-01
4.490667529643406208e-01
4.849160645539173364e-01
4.088196723924178988e-01
6.156660038791856859e-01
5.601397548324007492e-01
4.678858192387607140e-01
5.376486171399239566e-01
5.543202444538457563e-01
5.964952096437168283e-01
4.469327892395332791e-01
5.047120346849789385e-01
5.987030871277744248e-01
4.638429265289550907e-01
5.474716413198738030e-01
5.012589456728905324e-01
5.333044133496340766e-01
5.561777044530540337e-01
5.375754520207465248e-01
5.301943092371974586e-01
3.851667104666206543e-01
5.342613823890708380e-01
5.352047840714549976e-01
5.156782778104446185e-01
5.810607671658402085e-01
5.558399116384072913e-01
5.493871177457784194e-01
5.870655167932176122e-01
5.703320924942851811e-01
5.393925981791243274e-01
5.711237560829530713e-01
5.106707227794197168e-01
4.919822312113737994e-01
5.004747405084375433e-01
5.993365880822231206e-01
6.091112858008694841e-01
4.328687236977106778e-01
6.424701519665237948e-01
5.309222425440327520e-01
5.459701914491124075e-01
5.449887863138000998e-01
5.797591501798444735e-01
5.385349714144429534e-01
4.850439965728537972e-01
5.393582512095598247e-01
5.041042884685178471e-01
5.223085161836351631e-01
5.963293567759065938e-01
5.757861777235621092e-01
6.306328952601905069e-01
5.565709794741222627e-01
5.159683347572108225e-01
4.334976431354046755e-01
4.383690391145584897e-01
3.666037806371191254e-01
4.992021837346680702e-01
4.902035633726971042e-01
4.705103246782548210e-01
6.021294419909424267e-01
5.647029656151661969e-01
4.837716393035972340e-01
5.128743070907840762e-01
5.565884339655505775e-01
5.244230657423154529e-01
5.475739070763485650e-01
5.170494654235725518e-01
5.365510621594155038e-01
5.712804449904156368e-01
5.807839429205831072e-01
4.812859059505763537e-01
5.665349210096375376e-01
5.178534592654220337e-01
4.859018146489865742e-01
5.150304771648996915e-01
5.118011951322803954e-01
5.401514327919187952e-01
5.081474348546417552e-01
4.620574822992233877e-01
4.696416067856893362e-01
6.109779174370523203e-01
5.627053204838503575e-01
4.114339493479457488e-01
4.836790152207260940e-01
6.102724918489675909e-01
5.309899968509682600e-01
5.760015002088442193e-01
6.126355162283849687e-01
5.100716320040986629e-01
6.058853526677330237e-01
5.676664547035079611e-01
5.121724537370119235e-01
4.756676073549389594e-01
5.532682719768553525e-01
5.774015397262992622e-01
4.948269104538773888e-01
5.577595037531950517e-01
5.531397131616258012e-01
4.390481308952687844e-01
5.181799627001147934e-01
5.329336390416780089e-01
4.822829292998586648e-01
5.719464044046767004e-01
5.241629630087377700e-01
5.493941615161141989e-01
4.554489309647768991e-01
5.063232883471194823e-01
5.310069365413990772e-01
4.997659263680250263e-01
5.085842533056004200e-01
4.702872870472633582e-01
4.512628914560528059e-01
4.842130995667981996e-01
5.699731888624988141e-01
4.753695169109474206e-01
5.356710261853836474e-01
4.321780675531318172e-01
5.316418311587232104e-01
4.946232240893816412e-01
5.046414492092579085e-01
5.749255370039569879e-01
5.080640903203073044e-01
5.262848913591449129e-01
4.981071982255798614e-01
5.475193252053689452e-01
5.291868179520858861e-01
4.892840250909552546e-01
5.209602913845501337e-01
5.254571654194059027e-01
5.053006174345973101e-01
4.564578936197237757e-01
5.307357709605873275e-01
5.603932144203840338e-01
5.565191846350250326e-01
5.515582119402672179e-01
5.250073168100242160e-01
5.720879423397504659e-01
5.640451770622834093e-01
4.749052089267867260e-01
4.308240557457123643e-01
4.900135572223982550e-01
4.854673100183510281e-01
4.292955480574281446e-01
5.780721786928562089e-01
6.301392694591637644e-01
4.839122322414489696e-01
4.930973864981807453e-01
4.542826532227492997e-01
5.812194365647171956e-01
4.220755981792596589e-01
5.248438686291373445e-01
4.968561905524918054e-01
4.604613341503087653e-01
5.061585817069313986e-01
6.026015431665675548e-01
4.880204516717695507e-01
5.218615107883373128e-01
4.777427055815337553e-01
4.957062466962703917e-01
4.011199172431478277e-01
4.685391783472478977e-01
5.509790067980225858e-01
4.729868606979476531e-01
3.922049914104716595e-01
4.930804897891426508e-01
5.630781424297885973e-01
5.750512945436835333e-01
4.888713679505364840e-01
5.599853889964129250e-01
5.691164594546651578e-01
4.656247636927945410e-01
5.439809478666848275e-01
3.665714813975056163e-01
5.177228124498577388e-01
4.533020128693845407e-01
6.001859173483938825e-01
4.541839387961034147e-01
5.271835034321281643e-01
4.516227955253687698e-01
5.170459731750702836e-01
4.986641976564811229e-01
4.157052025068939116e-01
5.585759875038655009e-01
5.459814115989909400e-01
5.242770673377169510e-01
6.049448397760285312e-01
5.787414790933846920e-01
5.485557302573877969e-01
4.975230159990572387e-01
4.669865920627736533e-01
5.511938062967739471e-01
5.403748244825063995e-01
4.406046856275858126e-01
5.728718061152994201e-01
4.006614852082543976e-01
4.641007758209276801e-01
4.342038142958302149e-01
4.864444366411588838e-01
5.173149389332789561e-01
4.419740306131816343e-01
5.396208536848732251e-01
4.702103079287127674e-01
4.414833824788966243e-01
5.171870121258365094e-01
4.193944167317525396e-01
5.525515540115016888e-01
4.292401458272214754e-01
5.279533998886566382e-01
4.849088265104504192e-01
5.586902789141842129e-01
4.965227764589947856e-01
4.196956001169213080e-01
5.840815067470390698e-01
5.241654042704183558e-01
4.709178591124333346e-01
4.139627890560099166e-01
5.497431762823654644e-01
4.814810386762434780e-01
4.776470989482370921e-01
5.671631497274677303e-01
6.181765295377308345e-01
6.094087259636774556e-01
5.199091719510642307e-01
5.206859160586763124e-01
5.060042368317171357e-01
4.957635593963878318e-01
5.875927880873583753e-01
4.502474876304242146e-01
5.743193943535367385e-01
5.377606189020150973e-01
4.225748835092057454e-01
4.858195788586893160e-01
5.176640476292720949e-01
5.481330851215533428e-01
4.203668935780071614e-01
4.144294715884623281e-01
4.530484653373633153e-01
5.815108814194812625e-01
5.042732372703977450e-01
5.353044979526035974e-01
5.867175931986939874e-01
5.392729673142941937e-01
5.065740380941265997e-01
5.545952706114424258e-01
5.061730868700121677e-01
4.262146843066307311e-01
4.648861082317656823e-01
5.812874690862001037e-01
5.215629431578502340e-01
4.797240002388430402e-01
4.940827722489040119e-01
5.579498321307326814e-01
3.471997626103535683e-01
5.382800244447560889e-01
4.443842462264982474e-01
5.721095136086264965e-01
5.338948290926738283e-01
4.890348887630148189e-01
4.704224760504895908e-01
4.494825573023714105e-01
5.609626018716012963e-01
6.084167228094721214e-01
4.943825376823649531e-01
4.339558217281356267e-01
5.143038373439587918e-01
4.873531778368782041e-01
6.502395866655040768e-01
5.736122733126015616e-01
6.076966389897657805e-01
5.473061705022379542e-01
6.152000104005175274e-01
5.440267293787853786e-01
4.815126712501964223e-01
5.582100229410160708e-01
5.248526275695201138e-01
3.996293777504710820e-01
5.618676510513148648e-01
5.189983474044901346e-01
5.696727087138833134e-01
5.491775771884004342e-01
5.716240972145996135e-01
5.306857974256679045e-01
3.860902115694530568e-01
4.756279820208888509e-01
5.315765264371598020e-01
5.405989752487839750e-01
5.311198368595085872e-01
5.258156386599897036e-01
4.566189720342179736e-01
5.982114590207402438e-01
5.738193492088524694e-01
5.604611397195177203e-01
5.373216231526635189e-01
5.971277168270361368e-01
4.687760411180754705e-01
5.986124382192208326e-01
5.762755160631588547e-01
4.922001845673055764e-01
5.413819577766573188e-01
5.703103479211243387e-01
5.774175228261931858e-01
5.537742160316661000e-01
5.856543020984962267e-01
4.278035191527744252e-01
4.601552237810047075e-01
5.091666037375087717e-01
4.933442046122721858e-01
5.369141968340985782e-01
4.612382929238001972e-01
5.011795512150527543e-01
5.343850637447189467e-01
5.987696476917415689e-01
4.952362729544593223e-01
5.214224399126372589e-01
5.129986291818073862e-01
4.571639345786149278e-01
4.785882409156035355e-01
6.112891091796597287e-01
4.871752748509269315e-01
5.332062502274330651e-01
5.710662152872190145e-01
4.504950945240825400e-01
5.479214406275929594e-01
6.235723804152475402e-01
5.690254790940411089e-01
5.546887022713892224e-01
5.351300758559107695e-01
4.928736040601482959e-01
5.070089800676143010e-01
5.384763559251661835e-01
5.420994849882067035e-01
5.185106533077075142e-01
5.616517781143064436e-01
6.401143893384571015e-01
5.589709559864224353e-01
4.882409123713185028e-01
5.777518531610643659e-01
5.938100309251774789e-01
6.329564958526079366e-01
4.284295288290870252e-01
5.143707200575249328e-01
5.015717174908851383e-01
3.930253735149108474e-01
4.950187422632970069e-01
4.958954902807040099e-01
4.417447072389318885e-01
3.996946492897732739e-01
5.802633915716826074e-01
5.316970293820141302e-01
4.546133157076355791e-01
4.955100187788836208e-01
5.097733426834736292e-01
5.580210792386400831e-01
5.014916543041980646e-01
5.966733440416693846e-01
5.553652566216147335e-01
5.504483180439367906e-01
6.070377661374241063e-01
5.124966631210817747e-01
3.507499910637178475e-01
5.344851613958967462e-01
4.985372719946847830e-01
5.693803153867202926e-01
5.937975644165505162e-01
5.021143939137692191e-01
5.857387556096677050e-01
3.946893736975978229e-01
5.587328062602364698e-01
5.100702472204261539e-01
5.495964938492917673e-01
6.448578422801289900e-01
5.350941502745116818e-01
4.681348235751999209e-01
5.708488830135544090e-01
6.028893230877949705e-01
5.682752271462839788e-01
4.485857489220477223e-01
6.472362579459659537e-01
5.086770740324599860e-01
5.010889843897219365e-01
5.778124116397367338e-01
4.788984328816097147e-01
5.281508195372432990e-01
5.884622702801772798e-01
4.800866149228215085e-01
4.979027992192026630e-01
5.107392222206602606e-01
5.635496283403571560e-01
4.486646853385617417e-01
4.475462019048600526e-01
5.486117954979082834e-01
4.757598072036817727e-01
4.732876941104378621e-01
4.477188456287740093e-01
5.665034739037587697e-01
5.064155119105413494e-01
4.474951938639180615e-01
5.359212821552067352e-01
4.772669231442037141e-01
3.917870081403810878e-01
4.787441419951433685e-01
5.638808549137132031e-01
4.668415954191107442e-01
5.189702709427832517e-01
5.452401197889800155e-01
5.126644606778687496e-01
5.078005414320138078e-01
5.156696690691605633e-01
5.582124230519525110e-01
5.451387587250813294e-01
5.761539922179895745e-01
4.614086366331395794e-01
6.352694521171277087e-01
5.363339697683667806e-01
5.184751033958415745e-01
4.861504386936182920e-01
4.827713225670487440e-01
5.165278775524146937e-01
6.218353806230805247e-01
5.151987988602538815e-01
4.812119494589260915e-01
5.145299870404845821e-01
5.467108413114476484e-01
6.190486343744125985e-01
5.115623654699298362e-01
4.954414456129238031e-01
4.270924621237378593e-01
5.026860480565108480e-01
5.377618505202070853e-01
4.701717721034967545e-01
4.582774449008484297e-01
5.915199367411002607e-01
5.283202680223100245e-01
5.760706943667863733e-01
5.645577610627243725e-01
5.182187345005008217e-01
5.575074497790694084e-01
4.895922733720841080e-01
5.372862559290736417e-01
5.081695622860119554e-01
5.033941666816011962e-01
5.153380516416504742e-01
5.409395928268176945e-01
5.182084406238565144e-01
5.101123276249881489e-01
4.601250072338652908e-01
5.140288885364803217e-01
5.277704531053944992e-01
5.338547811279529265e-01
3.554425772702768382e-01
5.975462839792963221e-01
4.991449054832554633e-01
5.742129826349477995e-01
4.983920895943139140e-01
5.506506537718370842e-01
5.633138212820505419e-01
5.977207692634362024e-01
5.229326436680141743e-01
5.274847409777021490e-01
5.540603781278132800e-01
4.625290470986991309e-01
5.930528739657084936e-01
5.412096901358612877e-01
4.485712649683609721e-01
3.934253137693506375e-01
5.396211377101516327e-01
4.694343168692692858e-01
4.832193650917568917e-01
4.946340329674339120e-01
5.884509206808289372e-01
4.835169296217114443e-01
4.660319857910294461e-01
4.285702115987855554e-01
6.459822197648654729e-01
5.246463790383458781e-01
5.701086541359962068e-01
5.947175206729246044e-01
5.227056522624009549e-01
5.192207908423168705e-01
4.942981230880567622e-01
5.359929286347898669e-01
6.067245454928770210e-01
6.313424985984611437e-01
6.002783985664759125e-01
5.601035299588980054e-01
5.143172300329400537e-01
5.780960668132327784e-01
5.519597607411723672e-01
4.890137585304281664e-01
5.226818596343398848e-01
5.051987634490061607e-01
5.778372242627299871e-01
5.367800898785803909e-01
4.741511131339920526e-01
5.753011979941325960e-01
4.996628172825758885e-01
5.844995247665950577e-01
5.310961842238997033e-01
6.031200773522683578e-01
5.422202988517499378e-01
4.979923928067601091e-01
4.683292487896173473e-01
4.782730629945053935e-01
5.302938708814852742e-01
5.344390278384971715e-01
5.504556167788254850e-01
5.185181698273464423e-01
4.828143215544016820e-01
5.544263938940905412e-01
5.020413562595711365e-01
4.350958259974841980e-01
5.290034771077622988e-01
5.539876490907562623e-01
5.052619511895398707e-01
4.921159961760954715e-01
5.074747561042034505e-01
4.730602623008692831e-01
5.069268564008091449e-01
4.724988267765689587e-01
4.550292446638077304e-01
4.400900840753483867e-01
5.328397890652042390e-01
5.541302678352402200e-01
4.965671413416913871e-01
5.048798402427204790e-01
4.935279071134249795e-01
5.770172097699483027e-01
5.306549887062682602e-01
4.830561548021456431e-01
5.912348282437084324e-01
5.105754571261523767e-01
4.082401318196619000e-01
4.327440764314823829e-01
4.572651059766394965e-01
4.072090629409600426e-01
5.213749005265184699e-01
5.198488843648523261e-01
5.933990049793469446e-01
5.139526766952511316e-01
4.741034975563059861e-01
5.963133824221622525e-01
4.508312190860280788e-01
5.890431694141962105e-01
4.558785527719848574e-01
5.477467606724655269e-01
6.814709001664597254e-01
4.734876684313583106e-01
5.012930007113036712e-01
5.014839711736387429e-01
5.665459844940651246e-01
5.622285618102653704e-01
4.574464523086083090e-01
5.536609317800612606e-01
5.182390289210827561e-01
4.858050829965656625e-01
5.007968915993329384e-01
5.892913682793305963e-01
5.445929488144808372e-01
5.323904396511588422e-01
4.225960767029652287e-01
5.718562619252622881e-01
5.137513496730076179e-01
4.932079211258778573e-01
5.295693066307773922e-01
4.943415003503611738e-01
5.718247931372906212e-01
4.926120337942310190e-01
5.791116019098113687e-01
3.758528178731541658e-01
4.961434932034444745e-01
4.428677297097862176e-01
5.163008873916282715e-01
6.631333308321593067e-01
5.700319302135581356e-01
4.802361570271598268e-01
4.741195317719837377e-01
4.841416285150718646e-01
5.161215099764956404e-01
5.049420257359813480e-01
5.294022131259554786e-01
5.340651141713104177e-01
5.332398968754192836e-01
4.392428772194553188e-01
4.553012534467938410e-01
5.688018718315508426e-01
4.993910859488508991e-01
4.409805920577329896e-01
4.189361813189191319e-01
5.515428157939129550e-01
4.358857696091333889e-01
4.956423153585281516e-01
5.737008876511561217e-01
4.742640200558499997e-01
4.488948350546301258e-01
5.035886591215136265e-01
6.419346081137150550e-01
5.332272712583941976e-01
5.668354194139537672e-01
4.654422882365221725e-01
5.825212291440040602e-01
5.743387107546924497e-01
5.039342697230343449e-01
4.866655987297301977e-01
4.695340673456853686e-01
5.675327337529322280e-01
4.190374832081907308e-01
5.817704364783334858e-01
6.589697277255474051e-01
6.278435037198119018e-01
4.641949686426343757e-01
4.594683062580579014e-01
4.835088280862943066e-01
5.469914082866851324e-01
4.261028089830970478e-01
5.681883772678341105e-01
5.181601357297852539e-01
