3.308097598964303554e-01
3.816826279666072352e-01
3.827985007876416601e-01
3.674436016122216708e-01
3.292158645449690946e-01
3.993599683614073026e-01
3.406764141636383081e-01
3.490344886478480291e-01
4.782709743086334120e-01
3.707615998514381950e-01
2.731415730431868694e-01
3.519866039484707554e-01
4.295904988818205483e-01
3.018029489039812940e-01
3.400062510070480659e-01
4.240866643325037488e-01
4.577492967189443207e-01
3.769196762566597858e-01
3.272157475043008801e-01
2.884310927809932146e-01
3.014187914133248936e-01
4.889709128564010965e-01
3.616735622465639954e-01
4.318333108921187935e-01
4.113808943432715748e-01
4.698128708354499250e-01
4.151909804106902468e-01
3.202739181889034947e-01
3.490748591774391896e-01
3.096697399116254967e-01
3.600021532862711093e-01
4.192244495311528985e-01
3.677184865285312854e-01
3.998973582550708894e-01
4.283860829527880165e-01
3.468942013172585104e-01
3.001564070052267774e-01
3.550506113529264263e-01
3.382545455759857211e-01
3.744332935263559037e-01
3.575551987975098545e-01
3.305817737867635109e-01
3.295983627139937866e-01
3.753502243702552810e-01
4.560772942719973910e-01
3.703478177274972527e-01
3.926028188012511411e-01
3.865880088970200523e-01
3.577997975061320002e-01
3.030101629074670178e-01
3.441613279831788885e-01
3.921802980942197814e-01
4.227847481015309383e-01
4.288782262273828083e-01
3.486033377274960210e-01
3.430026616780952886e-01
3.565030737557169926e-01
4.036632645894925320e-01
3.495770860477709907e-01
4.196982431749466391e-01
3.222478403507669231e-01
4.198274714482077563e-01
4.710281812888914010e-01
3.358478854062707519e-01
3.318014868387700322e-01
3.999742917523126384e-01
3.775635914574677621e-01
4.276967320398316064e-01
4.128556260550659274e-01
3.455164646502806858e-01
3.917508335091734462e-01
4.160110179079442028e-01
3.675474053821166098e-01
3.853274212776517382e-01
3.003414747174101285e-01
4.369682300075006798e-01
2.859663649507410144e-01
3.910183001482160914e-01
4.624979083304150418e-01
3.483349810280535475e-01
4.220337938319609350e-01
4.011230899702548647e-01
3.164649937676858316e-01
3.686020367677111942e-01
4.094762113786459268e-01
3.946676392330085159e-01
4.356682851044152427e-01
3.014313476677387138e-01
3.259779522768042614e-01
3.878987869776911457e-01
2.860981653544139025e-01
4.453579595476944153e-01
3.478016656045026522e-01
4.606916429182345007e-01
3.867635349083630159e-01
3.170884900819882501e-01
3.253153434491423135e-01
3.492023101991241774e-01
3.434261549451586570e-01
4.881736472955284789e-01
3.430905156732440564e-01
3.340064303256473077e-01
4.192441952900107238e-01
3.212642009383562258e-01
3.807590064397564644e-01
3.765007112600877170e-01
3.809597441776911286e-01
3.139005574917256847e-01
4.553810709688213554e-01
3.559808874787983579e-01
3.220618818365496572e-01
3.547226548335606355e-01
3.658277772640623482e-01
4.271122712967418411e-01
3.275181590387222230e-01
3.805317247663326241e-01
3.927397812035777203e-01
4.195308972850559925e-01
3.124547930553663866e-01
4.163279354449173630e-01
3.230159394408992357e-01
3.677703481286825893e-01
3.762098835021283616e-01
4.095757637247604555e-01
2.523798019876641874e-01
2.879725087941413242e-01
3.480578779425382852e-01
3.466266314598429599e-01
4.133998748999576089e-01
4.212536827145815788e-01
3.593202313104574275e-01
2.941573012888241689e-01
3.800060705639385361e-01
4.084098417438685180e-01
3.461397787367088696e-01
2.786994936271156575e-01
4.767585509210330863e-01
3.421923195241858284e-01
4.381967082309291550e-01
3.220192395210523806e-01
3.800190252563738214e-01
4.373412929235635516e-01
3.768070826703911469e-01
3.485078543646508153e-01
3.456030883503115603e-01
4.072381067863469761e-01
2.967981141947585999e-01
3.543356781281147283e-01
3.430003787649056335e-01
4.280530780241918465e-01
3.731274999761673428e-01
3.555368688360038276e-01
3.425360891037579347e-01
3.016825865269222584e-01
3.215356691138146483e-01
3.813907022586482398e-01
3.146473862451459325e-01
2.902698176629788240e-01
2.907919898721149088e-01
3.643357024854615989e-01
4.051468753026048475e-01
4.389255229193443353e-01
3.611465121415892154e-01
3.506176885803371501e-01
3.960798357516401302e-01
3.967365628094861596e-01
4.209170455154416790e-01
4.069410531440000311e-01
2.510362760740602051e-01
4.485600568931291665e-01
3.511297513733869224e-01
3.078802274966854213e-01
3.908914313128220019e-01
3.775628205856009223e-01
3.874971847398632763e-01
3.454949738129868275e-01
3.765977223489350711e-01
2.927953564207506076e-01
2.862374141710359310e-01
4.578882026223691226e-01
4.482996756713976128e-01
4.451114730603638048e-01
3.719666310010204535e-01
4.228175260100964783e-01
3.731785210445153211e-01
4.640113913513313482e-01
4.359216394130109307e-01
3.575553635952696818e-01
4.001825219649483012e-01
4.141267554791092653e-01
4.348418491608038172e-01
3.498581457898800595e-01
4.478537697795753059e-01
3.464381797447073641e-01
3.774068855537383027e-01
3.865647218587590639e-01
3.736558715067163083e-01
4.093247609194174408e-01
3.672204365579662677e-01
3.802453010804179301e-01
3.283737469718094326e-01
2.962007943946449728e-01
4.366889329396992925e-01
4.075695405950983119e-01
3.636170581942335112e-01
4.016578567814300671e-01
2.917524197893954785e-01
3.892320430417497978e-01
4.162213791091877724e-01
3.792584238580772871e-01
4.307619875170499713e-01
3.308895500864211248e-01
4.202920055241542441e-01
4.077780456428954370e-01
3.005615237591282018e-01
3.725961454584676424e-01
4.627452238046496080e-01
3.247734961462289682e-01
3.737334863274661689e-01
3.814918720894981408e-01
3.491729425313599977e-01
3.628453679887143069e-01
3.186997267693853497e-01
3.127806987462088406e-01
3.016593736843723450e-01
3.838978899777184539e-01
3.834609466238105280e-01
3.522809624096108760e-01
3.885943495211880427e-01
3.829320516279396958e-01
3.747687989582175749e-01
4.144461910385234815e-01
4.581580857463359857e-01
4.318566416916004291e-01
3.867282381626132581e-01
3.554635003961116313e-01
3.372985205487811222e-01
3.896310200851709205e-01
3.714177515846148747e-01
3.800962557822362142e-01
3.502900328101969385e-01
2.882509602462799414e-01
2.623879578347453334e-01
3.242316031306419766e-01
3.932629145944409044e-01
3.770300310373465025e-01
3.051874765226382791e-01
4.273565375930050703e-01
3.598513829744054426e-01
3.752254344858708124e-01
3.837070355797225218e-01
3.331904745081449848e-01
4.359615174440610308e-01
3.609970324223691351e-01
3.727270988942853469e-01
4.701213490366620840e-01
3.743798364518221011e-01
3.617188479771044629e-01
3.683748319688607276e-01
3.927687565272905412e-01
3.545814073673189126e-01
3.860540468207361853e-01
3.214574544644500653e-01
3.965679802660537767e-01
3.968494286328753673e-01
4.471848287936455724e-01
3.526914843341359962e-01
3.073881230604187387e-01
3.302864599124855083e-01
4.251882100678620047e-01
3.710422263816759436e-01
3.024622858990725360e-01
4.075041309766538888e-01
2.472576136988730577e-01
3.142807516859788541e-01
3.784063017620031832e-01
3.411448224986632916e-01
4.569932429083552461e-01
3.840445533226510277e-01
4.170372632879115193e-01
4.359243764547620636e-01
4.812260020401452620e-01
3.452200119262279210e-01
3.712969633536464253e-01
3.359332235153808521e-01
2.730687502554856039e-01
3.342252126349671837e-01
4.869714883768748170e-01
4.727543427201185144e-01
3.485602165270825781e-01
3.402411002838278686e-01
3.090963329132818682e-01
3.407739311409972993e-01
3.466167429112692600e-01
4.823888961617613380e-01
3.065315206908867940e-01
3.647416486978531380e-01
4.395145449567919860e-01
3.437946633556610010e-01
2.662562624717063064e-01
4.086611471852249489e-01
4.068643110386943595e-01
4.486882444336857123e-01
4.260215534534588233e-01
2.907658621584658931e-01
3.618382563683676945e-01
4.023583228679766810e-01
2.787500310178881446e-01
2.993548155784492293e-01
3.965243890818932471e-01
3.408005049167165401e-01
4.645599263790875511e-01
3.369066782628579171e-01
3.893900544387303708e-01
4.642257747647121624e-01
2.845334245800374973e-01
3.523292189442237543e-01
3.638653083364462582e-01
2.517327651236651032e-01
3.534872887130227626e-01
3.877248804341579258e-01
3.359417724484194401e-01
4.396530788721118577e-01
2.604561491411785945e-01
4.281512958147296599e-01
4.237402105574916145e-01
4.048041595277875881e-01
3.542725410167966160e-01
4.074860203330850084e-01
3.760990552573102996e-01
3.779463538647728216e-01
3.904968442812331020e-01
3.848734142350918042e-01
3.744565813426352086e-01
3.359561996540874063e-01
4.203196351159863009e-01
3.461131945866475768e-01
4.040786192159344092e-01
4.054960734802871558e-01
4.394776235766510442e-01
3.284152996384934742e-01
3.434443901475180971e-01
4.849738870491421272e-01
3.877811186507923447e-01
3.231790319518414445e-01
3.140681816098895851e-01
3.336189463396257437e-01
3.383680619882257767e-01
4.410042071611646741e-01
3.604428913468958329e-01
4.475300025862345987e-01
4.517021991865505237e-01
3.904455610114517250e-01
3.349273852611701074e-01
2.944766369375855231e-01
4.202822044893450015e-01
2.540359882028496719e-01
3.242314460081743843e-01
3.753142396394008040e-01
3.618340245291012947e-01
3.446936917275990053e-01
3.538477081060857898e-01
4.158975584319829499e-01
4.148168597593624995e-01
3.749932523590776001e-01
3.730645599044891125e-01
3.391308074319800414e-01
3.935189288471043767e-01
3.948987778769646462e-01
2.329909232539049690e-01
3.019707997605531880e-01
4.226891770107645829e-01
3.847500828219646563e-01
4.479060968972423673e-01
4.187260937077054157e-01
2.738908054885078602e-01
4.386147609056108565e-01
3.934613534562242387e-01
3.600115476311387397e-01
4.137133605758934185e-01
3.404835771942989475e-01
3.290973081225216923e-01
3.292951140998210957e-01
4.581447733025982849e-01
3.423667069762513782e-01
3.464611618927576075e-01
3.084263450031778375e-01
3.306264656866562124e-01
3.580370411060117553e-01
3.548210614796585283e-01
4.482267642028630594e-01
3.323729452353028080e-01
4.727545340294134202e-01
3.471486485000404021e-01
3.882563036255789468e-01
4.346335955369443615e-01
4.393587587060754363e-01
2.584737913609413962e-01
3.550339814698314500e-01
3.946638903479889882e-01
4.230716665749975069e-01
3.233541832447997533e-01
4.377034307552142289e-01
3.157904787290588544e-01
4.682296250113947567e-01
4.363788248505046652e-01
3.654414618993826469e-01
4.384816500952226637e-01
3.770535090793895039e-01
3.188112643929733592e-01
3.204617245140923276e-01
3.325093220876128575e-01
3.962467946357298709e-01
2.722339065713866302e-01
3.638975183585514417e-01
3.410646891152512294e-01
2.971308935703035337e-01
4.158036861867465128e-01
3.384880611410345796e-01
3.439285332261149408e-01
3.457792241713590897e-01
3.666531360803265138e-01
3.514390936208215965e-01
2.843999093149293111e-01
3.401035878163164439e-01
2.954100931368914829e-01
3.767267181517210406e-01
4.024872017952310643e-01
3.948734531920821689e-01
3.561768648186348640e-01
3.455833297649062996e-01
3.825322197232270960e-01
3.206289457710853608e-01
3.075878929905902504e-01
3.918657322977053825e-01
3.230288154757993135e-01
3.971628121829631208e-01
3.698929121835034528e-01
2.897007063849978969e-01
3.250244008527201078e-01
2.763456341101291347e-01
3.034857618489015252e-01
4.069556726025877480e-01
3.551847044279164978e-01
3.792259210878438092e-01
3.110377325671823123e-01
3.131447496651886819e-01
3.991057625177587553e-01
4.512598738601574233e-01
4.111632185996290656e-01
3.728518247158089660e-01
2.528104814234802822e-01
4.179955193783798095e-01
3.977147425822044613e-01
3.952387370879504314e-01
3.640314589640565313e-01
2.546237222346861007e-01
4.084713938095829167e-01
3.985440039232491238e-01
3.719859709985942064e-01
4.758394069038454632e-01
3.190991901949176701e-01
3.815832448873714977e-01
3.177803595092580369e-01
4.184990783691018290e-01
3.434169030944113632e-01
2.963248112716891924e-01
4.186880655706486931e-01
3.703163978569836701e-01
3.987906285385345306e-01
4.809527697195635776e-01
3.799045385520019025e-01
3.380850556187158795e-01
3.661925600848828788e-01
4.604626065172088278e-01
3.762114018554228445e-01
3.055881735515663111e-01
3.827241868294882776e-01
3.933359551548002431e-01
3.420001949090929472e-01
3.059973875359168205e-01
4.153254535452558516e-01
3.523597849159362250e-01
3.643025182611558943e-01
3.107776203070675147e-01
3.789402834029372835e-01
4.517172390668757753e-01
3.900009779901130735e-01
3.968114003064054374e-01
3.389569705973590197e-01
3.280401249559176668e-01
4.078349716579546258e-01
3.152383949244063066e-01
3.984422064894448390e-01
3.829588699492313952e-01
3.167273303965223441e-01
4.211720895411787957e-01
2.958363855055204383e-01
4.363603545791456817e-01
3.328425605609264815e-01
4.386764069235882246e-01
3.422061632836561063e-01
3.947889570233793499e-01
3.834896580046748826e-01
3.114968320977530847e-01
3.472211455827078908e-01
3.257319604850056338e-01
4.172885441867892897e-01
4.043710003922466045e-01
3.443098697515236117e-01
2.727361655666166174e-01
3.948758520745798695e-01
3.942141049548865683e-01
2.961922804590368941e-01
3.609802292631612008e-01
3.826535398616681682e-01
4.506766517324426458e-01
3.692018895575270299e-01
4.192124028468834918e-01
4.118810419408437395e-01
3.325953913035610832e-01
3.795021085667636407e-01
3.557683508813015982e-01
4.450874972564712873e-01
3.850406774031410184e-01
4.169095562071025718e-01
4.439427590747258567e-01
3.883942989960899039e-01
3.885633183942664437e-01
3.120837661390863382e-01
3.977721941851743437e-01
3.821924978461657685e-01
4.525553148472943876e-01
3.886529851015287917e-01
3.741399338568910937e-01
3.679408847385208792e-01
3.892280132077508559e-01
3.853571791553203063e-01
3.404016104797086273e-01
2.988168549137615315e-01
3.024192868739605244e-01
3.251885544550610074e-01
3.766665380019647569e-01
3.323170577912364365e-01
4.239009553870157765e-01
3.049672741443379964e-01
4.158978512040242825e-01
4.154176912296274060e-01
4.288578099219010897e-01
3.516587253282713044e-01
4.219447865696649980e-01
3.780262675620954527e-01
3.424507432552522102e-01
3.351975600927933896e-01
4.748562591072003070e-01
4.168338793849943880e-01
3.657797732914860322e-01
3.761490188221964792e-01
3.537096207961603067e-01
3.754859862990482799e-01
3.263872834477888896e-01
3.447431916928441198e-01
3.472164589675509894e-01
3.316487357086811971e-01
3.580091911427463192e-01
3.944525718508641310e-01
4.021991887712842439e-01
3.017300883844384884e-01
3.716352080744717012e-01
3.802584692719048753e-01
4.221606476594526591e-01
3.347704378825284155e-01
4.365960002196810352e-01
4.604782928423055699e-01
4.262500253921524540e-01
2.660577317935294284e-01
4.074608568447326551e-01
4.091094853858022740e-01
3.468255292461090988e-01
3.352617887535986885e-01
5.120548258791379759e-01
3.784999848174632753e-01
3.073228759808142030e-01
4.230708263343697095e-01
4.179088584288275787e-01
2.438546123394322862e-01
4.149164041055911079e-01
3.885886370759302211e-01
3.392203766147569577e-01
3.811204896701114730e-01
3.752548556225365761e-01
3.326538770653788002e-01
4.052637211450713650e-01
3.050891964618027141e-01
3.303077942089707730e-01
3.097916421695677824e-01
3.676401135541421117e-01
3.259045060103060720e-01
4.506657652452441543e-01
3.818331618127703830e-01
4.444379388915042917e-01
3.812222790286673435e-01
4.400441241511828805e-01
3.226597008526937427e-01
4.271131025687044946e-01
3.718668021770732413e-01
3.247371001961674164e-01
3.265371685569870008e-01
3.015482429453472668e-01
3.221806675368469319e-01
3.567833197274192791e-01
3.847536241756129849e-01
3.814481187470063484e-01
3.201698256864816683e-01
3.703278086590366391e-01
4.365216011415211650e-01
3.565272159876919922e-01
4.732162311150793776e-01
4.404932469916228444e-01
3.122441040099214749e-01
3.016443296337959490e-01
4.104977945200729006e-01
3.686201006580263062e-01
3.807249219950127328e-01
3.397953626858507548e-01
3.920039416028197055e-01
2.955307000704104903e-01
2.881777240118891248e-01
3.878346347319209242e-01
4.037189019726339922e-01
3.963548846093338240e-01
3.424949736157196778e-01
4.563269734929769617e-01
3.687316911189065793e-01
3.600903230057238558e-01
3.435263991681458129e-01
4.573306546169430553e-01
4.177840068445800581e-01
3.439841598388685417e-01
3.070401183559317015e-01
3.236004546855659747e-01
4.426826339033775315e-01
4.016081082777476219e-01
3.910805957007774114e-01
3.916568641660016503e-01
4.111302537934602430e-01
3.062719141571461634e-01
3.776877768551025194e-01
3.159651527037842245e-01
3.880053550481705193e-01
3.430482255363754285e-01
3.838573411668063651e-01
2.817569588875998288e-01
2.853845338735104820e-01
2.819821639971058502e-01
3.082938512807541498e-01
3.212282139801603265e-01
2.627556332362475100e-01
3.697974746923616829e-01
3.233799062620396625e-01
3.131831214084773163e-01
3.164149178025562059e-01
3.854073250687500285e-01
3.933038367526400236e-01
3.583894187499978012e-01
4.171385376640001086e-01
3.276516904215018289e-01
4.600445363803908894e-01
3.008062256362466491e-01
3.622549952434234721e-01
3.389297656571259032e-01
3.857992928278641820e-01
3.704786851788851032e-01
4.237349060199614437e-01
4.323521007551773820e-01
3.138132931630265854e-01
3.595499870564626277e-01
3.879796512826703681e-01
2.840400099664894262e-01
4.374386789384826502e-01
3.556395689235818391e-01
2.813368656524986022e-01
2.758159139814029270e-01
3.861685016100069312e-01
3.810259465421857450e-01
4.017990456422880774e-01
4.835175998542782239e-01
4.339775386805014845e-01
4.281001283825042192e-01
4.058807514004640904e-01
3.410547593557395896e-01
3.535984609125892852e-01
3.167715798322586762e-01
4.100165195300471965e-01
3.679511980915809999e-01
3.546005144357963212e-01
3.747057235921900098e-01
3.767097402921241178e-01
4.416779700257685848e-01
3.592274718828822877e-01
3.651233134598501073e-01
4.466940216512026440e-01
3.472979896175724113e-01
3.732297100966645020e-01
3.370461087081256801e-01
3.056631610575379354e-01
4.416099437192406163e-01
4.022656726762537382e-01
3.944262280793671693e-01
2.955836870630945135e-01
3.273053146662261992e-01
3.692239059474145546e-01
4.619909194200955138e-01
4.039573234853605088e-01
3.619826541938295783e-01
3.765690976282149438e-01
3.549975218890752404e-01
4.258373735193264342e-01
3.486838747126550508e-01
3.912203369605155578e-01
3.914413978058482457e-01
3.743297959564427790e-01
4.361039222936211601e-01
4.240073223581530826e-01
3.415724201021816397e-01
3.805803312481445544e-01
3.923241054250822257e-01
2.768723612808013934e-01
3.455853697106752720e-01
3.732387065054341146e-01
2.974804963703553962e-01
4.185368259876696140e-01
3.837343257387522688e-01
4.361255887737693904e-01
2.896548533167427886e-01
3.205240475493013053e-01
3.838469043347003673e-01
3.974189944638469307e-01
3.974917389613266128e-01
4.213352413959812748e-01
3.844646990996124503e-01
3.630201117071517047e-01
2.608745660428211655e-01
3.532718889646404015e-01
3.836602495071363417e-01
3.901677430861040796e-01
4.367419384050247877e-01
4.277353519805118243e-01
3.942562390248852133e-01
3.797629036774036182e-01
3.933820971667862931e-01
3.642970456060307116e-01
4.466945006397340934e-01
4.123142432294059079e-01
4.386258127782151628e-01
4.748246768764338155e-01
3.224236647370580799e-01
3.880682457863280366e-01
3.659762176015117219e-01
3.704735622048482280e-01
3.664539208776666501e-01
3.518782949326995646e-01
2.904799401733622055e-01
4.127846354962196318e-01
3.687631541992515416e-01
3.460645971894202866e-01
4.082691346060169924e-01
4.146663021607603916e-01
3.603437924044992080e-01
3.884461639921394926e-01
3.981200445921300735e-01
3.771299204513848813e-01
3.840359895998975426e-01
3.404968403758124040e-01
3.616293305246755518e-01
3.719942333380767963e-01
3.919990102238735119e-01
3.714881254440731140e-01
3.936285799635639848e-01
4.596361686401634339e-01
4.151762452606272968e-01
3.034716900865985223e-01
4.256674905739415427e-01
4.310860137883830157e-01
3.513007140434246667e-01
3.278597618065267061e-01
3.962565237690056086e-01
3.512827967943151219e-01
3.912304842349823564e-01
3.718519774043158033e-01
3.239388225546859790e-01
4.163832822847806647e-01
4.551225806270538521e-01
3.849795127232917835e-01
4.230066525769482499e-01
3.412277441216767793e-01
4.637440230875216063e-01
4.301614265974219586e-01
3.148174489164729528e-01
3.361743383410849551e-01
3.320216704099134275e-01
3.506855137425431979e-01
3.408640664251857411e-01
3.924879932639404045e-01
4.306048709988868906e-01
4.262498665256012065e-01
3.599731142020310970e-01
4.234042458367668349e-01
3.199401196185295282e-01
3.898452525432251070e-01
4.001795541879224483e-01
4.074419113038104112e-01
4.347399628180121933e-01
4.278551887823835997e-01
4.280036658387902926e-01
4.672841231342262369e-01
3.904260790192953245e-01
4.410011404227055509e-01
3.926096336279070176e-01
3.628722951150303855e-01
4.349382822181471209e-01
3.013764974964275867e-01
3.755891555851063046e-01
3.068549027094634729e-01
3.456973873163691757e-01
3.723727502233942777e-01
3.990054092055945190e-01
3.804028026266508267e-01
2.948394904769906510e-01
3.364389372250056742e-01
3.916949131262456585e-01
3.748273949034326979e-01
2.737501406301828255e-01
3.243673897059817790e-01
4.434419464494545604e-01
3.500133606771305139e-01
3.410896222848425752e-01
3.800978668281075334e-01
2.963990139657214362e-01
3.862963041098231853e-01
3.619519599298084422e-01
4.093122508516992553e-01
4.417268221374084369e-01
3.492959009988880204e-01
4.176207571267991914e-01
3.791488237828683494e-01
3.304606808562337017e-01
3.336077770297198875e-01
3.108869384862215091e-01
3.446153645212718941e-01
3.232703269975990557e-01
3.857168061098789624e-01
3.907207331315875609e-01
4.200602333782190723e-01
4.007499280130120689e-01
2.904129217259435736e-01
4.464550205849563413e-01
2.647814159943484014e-01
2.718180154965352813e-01
2.753651297481388149e-01
3.538879052719501317e-01
3.701235573282278257e-01
4.467370980700529071e-01
3.493847380911068168e-01
3.936942685532170416e-01
4.173091421740023899e-01
3.982729303278918498e-01
3.789764438882484154e-01
3.849699821604630756e-01
4.122618124552080432e-01
3.622631117289877301e-01
3.167321065494954624e-01
3.911096067930244224e-01
3.300424729880274688e-01
3.614178270422793715e-01
3.945142028671889678e-01
3.135545045181096224e-01
4.085789689324055285e-01
4.147644797388067017e-01
2.799080277790002569e-01
3.868819074166637284e-01
3.008822355634267476e-01
4.078170422745240886e-01
3.267367074703033669e-01
3.547768832498241487e-01
4.424352181544277673e-01
3.469517146503879323e-01
4.813313363920024290e-01
4.549807226861639631e-01
3.039028181743468338e-01
3.785362970929964099e-01
3.800896360378044347e-01
3.958922346017769711e-01
4.156141832412136861e-01
4.193499415322267665e-01
4.280244391827598971e-01
3.313593230433484749e-01
4.123601590587806509e-01
4.192506899658081654e-01
3.538979064506779237e-01
3.797924975351185672e-01
3.504350618993614108e-01
4.206837021148274736e-01
3.698290758055681193e-01
3.026620451334418593e-01
3.402178192480403984e-01
3.612238838382417772e-01
3.950375184449143040e-01
3.595349759802442535e-01
4.826670515588306065e-01
3.484798486890408054e-01
3.393829678344318368e-01
4.031448066147159115e-01
3.935996180683898338e-01
4.404428894973176911e-01
4.078173782681931980e-01
2.395825958187593752e-01
4.417544707226290224e-01
4.595096448443105053e-01
4.412176177127977716e-01
3.899326457911496124e-01
3.304857045255391035e-01
3.761070413847250049e-01
3.216310909448258371e-01
3.211029623060503990e-01
3.067395138723520986e-01
3.293530194547607537e-01
3.930399319739573682e-01
3.029956080883021707e-01
3.372047756596575629e-01
3.524798579247360730e-01
2.823617102907034493e-01
3.567986401489106063e-01
3.045304328378701797e-01
3.785195055296802225e-01
4.114678890167048908e-01
3.624907222398561779e-01
3.892931188815669241e-01
3.445491523027611191e-01
3.521433518104702953e-01
3.311270096014459208e-01
2.980766675409303179e-01
3.086139245754886407e-01
2.172636163120388042e-01
3.436993352888495501e-01
3.525350219685864928e-01
3.617045893190534711e-01
4.499726608090515168e-01
3.790960806980067654e-01
3.754385582883713046e-01
3.379517373299238958e-01
3.608468789221385142e-01
3.946057290270197360e-01
3.649269673970847450e-01
3.286056141642391126e-01
3.901471418536112679e-01
3.347618204298060673e-01
4.560300623161038236e-01
3.292128801296365648e-01
4.927296615815746073e-01
4.313739254283481817e-01
3.155110709471369290e-01
4.415904916619182163e-01
3.108433474885359260e-01
3.206601843980876332e-01
4.078650589382152303e-01
3.439607316679399451e-01
3.936578020200280914e-01
4.271072717897350657e-01
3.763549521462146163e-01
5.086955530268491010e-01
4.848291522079632987e-01
3.876130071886347284e-01
3.491089402528536612e-01
3.543735630781492674e-01
3.321703970530771599e-01
3.605371265371727363e-01
3.751343936813539282e-01
3.934147801424358604e-01
4.007310596647998824e-01
4.065337825189581089e-01
3.619981402109995194e-01
4.131014099610600954e-01
3.785309646834956743e-01
3.312356421556588160e-01
3.706698249351831342e-01
3.404229816753960303e-01
3.202097136362593854e-01
3.303036609519985900e-01
3.247834763664000368e-01
3.252540955773825515e-01
3.708458914372007031e-01
3.249275364508282249e-01
4.313518155559580292e-01
3.972887689111951337e-01
3.500283961011288469e-01
4.381881583021072224e-01
3.168101610327443418e-01
3.701294846356918966e-01
3.912836166419975670e-01
3.823039717939116233e-01
3.279578172021793137e-01
3.603264966273989622e-01
3.314128491382991593e-01
3.693606211736430445e-01
3.729983234015422089e-01
3.328149611139317732e-01
3.560255537718894359e-01
2.767841384795625137e-01
3.648682264817735832e-01
3.820995677363329124e-01
4.137516681139560837e-01
4.003418355500442671e-01
3.470528367411191972e-01
2.501217896493733717e-01
4.219440519897939001e-01
4.078214833000030626e-01
2.979573768190076355e-01
3.240382738943703433e-01
3.588182626260473795e-01
4.404949252386760050e-01
2.204801952550571598e-01
3.929837991830728017e-01
3.532719271372800063e-01
3.698980187777906048e-01
4.324008549223186115e-01
3.480561186352889580e-01
2.301305233247579740e-01
4.151373768841447043e-01
4.007070512970924980e-01
4.255873009284206199e-01
3.167338628622272667e-01
2.914536340254296198e-01
3.638331896501756368e-01
3.629915746059879655e-01
3.712691259974721936e-01
3.408024502710978454e-01
3.026055051605245350e-01
3.491004126169773847e-01
3.864342292796658085e-01
4.638441161400166379e-01
3.104985887762092278e-01
3.399864238345494116e-01
3.937602079616537853e-01
3.967946378772755356e-01
4.019272577291495008e-01
3.879466088374124988e-01
3.523406190974784913e-01
3.445880047004314939e-01
3.092379810653893557e-01
3.997501433261333448e-01
3.757241946525004539e-01
3.524904295479382998e-01
2.818800070008263825e-01
2.135223888068090436e-01
4.170376473454490140e-01
4.018351422003390572e-01
4.160209428807473686e-01
2.845639392804982792e-01
3.819597748571630924e-01
3.780103907646100159e-01
2.627553650858597267e-01
3.909007867610607700e-01
3.770212331495173541e-01
3.805948507636343070e-01
3.634522828455100663e-01
3.464626055434994467e-01
4.541279027168286242e-01
4.386007236498680184e-01
4.159906728866983872e-01
4.285892794842863229e-01
4.004156798790254879e-01
3.961964388296702055e-01
3.817102616571114715e-01
4.079325987325619352e-01
3.855294206380951993e-01
4.210496653467014627e-01
4.364139517971771798e-01
3.422707589161109176e-01
3.314256308537577023e-01
3.934610354852824399e-01
3.389681646124685921e-01
3.860620940632852882e-01
4.218016888999605585e-01
3.621232158163270043e-01
3.984351887404271042e-01
3.419901244750154223e-01
3.785068300563730337e-01
2.923744145891673529e-01
3.675573392299246733e-01
3.237567400089094716e-01
4.121265615679415295e-01
3.493969916732203584e-01
3.176912881074726025e-01
3.479452086806394395e-01
3.373753239317747732e-01
4.047392997312309615e-01
3.970725059785611966e-01
3.598203551760239538e-01
3.186391573565909852e-01
3.631927416716416168e-01
3.525332279623908938e-01
3.046156739732784335e-01
4.052981921119141462e-01
3.223550187955770419e-01
3.292122434292995559e-01
4.139931352190174829e-01
3.739807007467811917e-01
2.928673913669580520e-01
4.233152747527014759e-01
4.191527674078194821e-01
4.331042109806628182e-01
3.970280140393398494e-01
4.058265654820371049e-01
2.904672738985505376e-01
3.692296156770280557e-01
4.112087120525788064e-01
2.743124026948518535e-01
3.987884408258682289e-01
3.820769294850938080e-01
3.282733525012373477e-01
3.395763901727443246e-01
3.317341357044410466e-01
2.997461369886625926e-01
2.718486716123173497e-01
3.729317695117249643e-01
3.692149442202851128e-01
4.095163024709691513e-01
2.990871324020591970e-01
3.718778823441521442e-01
4.431521506461228443e-01
3.776545329749078084e-01
2.916189647114944550e-01
4.357487452063052991e-01
3.917069817379655317e-01
3.811799102040261955e-01
3.232575465418463523e-01
3.421887420090933829e-01
3.537371357729595656e-01
3.457881548842274277e-01
2.492095035603626718e-01
4.088349413275373934e-01
4.876689650291616274e-01
3.342781924481545985e-01
4.254928790879933254e-01
3.660490045330948572e-01
3.900661976576303425e-01
4.893222969434870562e-01
3.222560382262570911e-01
3.392245884197662154e-01
3.965327514789264152e-01
4.604732549522845830e-01
3.995224281734227056e-01
3.053352161642460261e-01
3.210027198438252793e-01
3.829824723853569868e-01
3.782645718645501476e-01
3.507266666913179676e-01
3.135741066475133954e-01
4.148687873594232300e-01
3.859598955905135242e-01
3.771989559766786293e-01
3.267647586748594346e-01
3.631463329257361705e-01
2.802110272627822973e-01
3.798156775298642263e-01
4.252871841014221332e-01
4.459368191173798124e-01
3.717450498327188324e-01
3.689540388671313509e-01
3.901697590843317687e-01
4.148482151909111959e-01
3.228090274590643127e-01
3.514534057684053359e-01
3.995900652332348146e-01
3.250877722627767974e-01
3.293332413364672417e-01
3.829482397331910315e-01
3.833188611723660211e-01
4.070943843628132552e-01
3.173732586997596306e-01
3.886254239525900878e-01
3.799636682238655694e-01
4.243813551443193499e-01
3.314977382644723747e-01
4.101925060754091357e-01
3.591741205013211369e-01
3.928667044477778258e-01
4.753367943717116684e-01
4.079865420217762551e-01
3.879372529672895920e-01
3.671280483753879276e-01
3.153789220767960200e-01
4.872248786535312570e-01
4.089662411324593294e-01
4.087729579885824860e-01
3.606014457757242830e-01
3.548332717593278840e-01
3.068968284844262318e-01
2.692070018214577365e-01
4.704349318470031349e-01
2.977570467163093704e-01
3.755429651064562391e-01
3.591342514411065556e-01
3.252724132607096030e-01
4.467461867262136344e-01
2.555885952939214723e-01
3.192918787762787369e-01
4.263902583672075086e-01
3.217020946717800145e-01
3.107352428350978468e-01
4.421893594211960266e-01
3.714297442478491362e-01
2.426407605800081080e-01
3.923604585167738135e-01
3.598276700368983061e-01
3.152657625663742857e-01
4.131393602142989230e-01
3.982647369866044729e-01
4.294800105139087165e-01
4.159989172150372339e-01
3.403924987081020648e-01
4.124643604604495972e-01
3.568390650972173006e-01
3.539503614079534399e-01
3.662126748647155372e-01
3.962737813178835999e-01
3.752272219876626735e-01
4.165656429301367591e-01
3.774855605589124696e-01
3.625959841933182881e-01
3.450147541085065717e-01
3.121278238694861207e-01
4.256634019163618166e-01
3.368839191105751363e-01
4.315795592330800012e-01
3.782641162373891475e-01
3.432458445210043174e-01
4.156882425791867952e-01
2.883222123611687282e-01
4.339190058899538016e-01
3.919352008139058152e-01
3.931988218277729930e-01
4.455534869621385341e-01
3.137712638201468063e-01
4.385073896169833230e-01
3.246560756459624386e-01
3.738617805754255174e-01
3.544791524122888893e-01
3.611758104792230917e-01
3.607855831164325511e-01
3.528736168605614010e-01
3.571976601435908338e-01
3.192002105901867726e-01
3.469723312432264617e-01
4.370462455382601030e-01
3.088096747900475059e-01
3.413481938888348610e-01
3.943486176314799363e-01
3.485459104746548853e-01
3.664319876917070951e-01
3.621497496852806863e-01
4.236840866226443403e-01
2.967420842895917010e-01
3.819252226379541981e-01
3.351457575947469625e-01
3.724882692115217275e-01
3.542114374471033722e-01
5.173709236443859716e-01
4.429169945113795026e-01
4.569256406314700647e-01
3.404099687512257555e-01
3.482410980146259383e-01
3.817614509323372096e-01
4.458764830469491014e-01
3.890261849082624623e-01
3.265599173221414020e-01
4.485556456578251305e-01
3.952654784432499402e-01
3.774950573869216286e-01
4.152020149980631403e-01
3.298881746733327569e-01
3.677700755611635897e-01
4.372344559682789789e-01
3.352967703490207785e-01
3.466903687711117565e-01
3.836723877545913375e-01
3.893121892512657611e-01
4.622020878271372868e-01
3.583427385039938406e-01
3.710888513532135113e-01
3.335625309352098777e-01
4.282799271927262841e-01
4.443207166039211953e-01
3.660709474143211128e-01
4.591119314859994915e-01
3.210066371482934722e-01
3.313868449791387838e-01
4.486565024259949741e-01
4.229803144299548179e-01
3.620746644589749041e-01
2.805878364066387576e-01
3.188415253011120387e-01
3.176561654958449665e-01
3.334987065847208609e-01
3.557870062655741350e-01
4.348034923858987710e-01
3.509765940846837351e-01
5.253947305694960379e-01
4.288937768775269443e-01
4.296183733219012257e-01
2.913580788712330505e-01
3.784959596012125727e-01
3.404360192767728610e-01
3.189090578228388484e-01
4.214488647614700323e-01
3.804906242619086609e-01
3.071060295843710541e-01
2.872228352486336234e-01
3.267316764202633506e-01
3.982998661631625414e-01
3.622475664713856736e-01
3.097043210647392186e-01
3.998779947239952115e-01
3.604788000579868257e-01
2.453598645453349825e-01
2.710507029928841405e-01
4.344913471261337978e-01
3.493872928621186147e-01
3.504695406829056448e-01
3.484589970296815276e-01
3.609681738262557338e-01
3.682888093903482485e-01
3.484809630881411935e-01
3.111904844662558012e-01
4.292890755079550313e-01
3.674594894638479881e-01
3.430658261617482996e-01
3.187382935517257820e-01
3.498484685928054394e-01
3.177074106791115127e-01
3.388508107542065328e-01
3.592874286655654004e-01
4.408661578616175358e-01
3.440052019101749181e-01
3.991663279750543580e-01
3.944251928416673825e-01
3.898514067904954028e-01
4.250029531727402832e-01
3.231826762551083809e-01
3.366751054260432308e-01
4.133786356499569714e-01
3.249801446961657625e-01
3.515381163735887826e-01
3.220947091854388655e-01
4.335887257665442251e-01
3.403301289363961368e-01
4.038314820067189226e-01
3.647363758267538891e-01
3.129071563684239221e-01
3.976245580123768941e-01
4.605159398591590625e-01
3.910463915705627569e-01
3.698801355065722829e-01
3.885319653242036431e-01
3.860235972800366566e-01
3.297409286474350942e-01
3.336359680648239845e-01
5.108759568208914859e-01
3.183093986766845074e-01
4.104692568490925231e-01
4.002249153182635411e-01
4.081312105686149549e-01
2.688742289431609311e-01
4.148133699131276719e-01
4.342890354248877260e-01
2.797230331091211109e-01
3.506670786507778970e-01
2.904695857917780621e-01
3.511965967071062344e-01
3.964862248233130271e-01
3.899018186542464459e-01
3.661942761390276635e-01
4.406665629414083241e-01
4.886429523128256736e-01
3.773745602830897439e-01
3.754975820770202755e-01
4.491881347684993364e-01
4.130918377911975137e-01
4.369427833187293775e-01
3.905974113198595332e-01
3.380935549438599530e-01
3.686010479549826635e-01
3.424088269196547962e-01
3.450152888866844236e-01
3.977915626876810662e-01
3.545389693733870251e-01
3.904097079461983366e-01
3.613675517472878518e-01
4.155222503979182358e-01
3.943246662071777653e-01
4.388355363428490530e-01
3.774927159092323903e-01
3.527890613471271197e-01
4.214684900562771785e-01
3.802215325165692050e-01
3.565446099386320733e-01
2.562137369272783349e-01
3.257129457987135157e-01
3.918681567081381267e-01
4.382990269305165332e-01
4.191069372962515360e-01
3.822639382458214996e-01
4.034692951925129001e-01
3.702935451682739521e-01
3.195875202770108170e-01
3.479782089413496760e-01
4.380094276201357273e-01
3.700710645024532508e-01
3.153857044273357668e-01
3.988204339601676418e-01
3.389865219807596253e-01
3.916343539067925206e-01
4.014918206775375809e-01
3.829079869973254224e-01
2.986833014585040802e-01
3.840720009545299796e-01
3.287785297181842203e-01
3.839853057343702303e-01
4.344727081108327726e-01
2.800740790436264116e-01
3.829160721668447565e-01
4.179627435315058093e-01
4.269997799012523187e-01
3.667345316331349081e-01
4.661371363131652790e-01
4.044664920863348945e-01
4.172626472787557272e-01
3.630421294850759706e-01
3.802668636874764196e-01
3.139220195520081580e-01
3.844863723670208788e-01
3.483002717003386151e-01
4.035696599827753861e-01
2.680275533061031723e-01
3.452212870414580470e-01
2.961474004131856574e-01
4.405279473882893759e-01
4.141364600314013655e-01
4.231788600160836245e-01
3.983591413750476318e-01
3.699948685812439741e-01
3.599760541297433725e-01
4.112086354450868453e-01
3.945105098882439876e-01
4.316386853833367176e-01
2.833376955616019321e-01
2.862723866974611342e-01
4.062813896719464912e-01
3.523719178976176813e-01
3.856471274451059306e-01
4.250136602630196769e-01
4.257780332754967922e-01
2.773275812846819899e-01
3.059440653590478898e-01
3.232199827975361650e-01
4.563480952392364731e-01
2.820076375383019363e-01
3.897707631678258844e-01
2.997368430526592409e-01
3.355113429297789107e-01
2.892896303950820425e-01
3.790279198824016427e-01
3.194512548706984201e-01
4.562743474593448645e-01
3.331468854221578124e-01
3.923222599732454352e-01
3.437453885440371337e-01
3.549297418397799331e-01
4.077620029645048216e-01
3.796974903709547933e-01
2.836878602266313942e-01
3.790021970656781702e-01
3.275110299542681735e-01
3.158220490442927852e-01
3.551725692522836320e-01
3.502726214272686711e-01
3.487806404019019868e-01
3.130603254978667760e-01
2.893034883494616238e-01
4.128001542094150711e-01
4.143043230270103683e-01
4.462313230632070082e-01
3.576329413172698590e-01
4.805778975627653660e-01
3.907482062578423454e-01
2.672724200633306846e-01
3.105465931193361895e-01
3.898959527725036622e-01
4.267886258850573933e-01
3.531021183242872841e-01
2.700523587299415440e-01
3.772827693944161287e-01
2.571977428531169174e-01
3.595657624633881722e-01
2.847271614950883656e-01
3.416224008198071038e-01
3.669207525667186887e-01
3.677539346417131316e-01
4.189335645030075050e-01
4.060274870543110204e-01
3.731527598877801277e-01
3.807677266188272958e-01
2.645105657114796838e-01
4.229210902493996671e-01
3.921293142938337972e-01
3.835460138127822494e-01
4.329321769873153425e-01
3.906162260938798036e-01
3.053971051041554086e-01
3.968637264363240602e-01
3.622252609962364200e-01
3.986887254937235836e-01
3.900575965863760652e-01
3.900392102899019608e-01
4.430115895955984984e-01
3.674692331629372255e-01
4.040327441430113797e-01
3.099526360435265193e-01
3.115566133638438262e-01
2.945543581067155969e-01
3.677095734055243481e-01
3.478783129453870693e-01
4.134220207970318306e-01
4.068517983926925319e-01
4.081404632213078698e-01
4.221115184939168152e-01
3.697870806337545946e-01
3.506993351917436774e-01
4.227789410773515333e-01
2.934400548371467465e-01
4.269782094794566940e-01
3.408114413497273509e-01
3.483918300077380459e-01
2.589203828905473070e-01
3.550808385189903049e-01
3.318089019629395509e-01
3.612984157629184345e-01
4.070165488435059098e-01
2.919217039995954388e-01
3.658915012603625727e-01
3.959235143277274882e-01
4.174372522642806338e-01
4.249652261148608168e-01
4.494301149042859711e-01
3.076053503933383615e-01
4.091844727527803038e-01
4.371980177695878877e-01
3.770301251522272246e-01
4.234530255536803622e-01
4.714850038400971166e-01
4.343760598501630321e-01
3.408762395580671734e-01
3.671804567280267939e-01
3.208024514895627122e-01
4.395529230359195294e-01
3.900622668150958150e-01
3.844356641216015724e-01
3.796046675243302526e-01
3.556242177701390839e-01
3.396623402858534035e-01
3.189487404650682145e-01
4.124253096411758523e-01
3.346069249748171992e-01
3.727600191617839731e-01
3.019284880240268865e-01
3.226658722732582696e-01
4.016815351759811525e-01
3.802060250710534439e-01
3.699953364496368358e-01
3.645149906422685548e-01
3.902202951081618632e-01
3.705665732277222402e-01
3.498047559636728865e-01
3.659848343639228729e-01
4.341172835621594506e-01
3.900319639162778684e-01
4.869199408711255006e-01
3.800582290224888138e-01
3.796458965636715366e-01
3.926414611897603990e-01
3.520786151347111703e-01
4.048672631030608149e-01
3.484411078707172482e-01
3.707073161200631350e-01
4.531217804686367701e-01
3.179206820798601285e-01
3.775211537075261470e-01
4.557378008321735230e-01
3.573147791293322939e-01
3.499056250164078730e-01
4.233474190509462498e-01
3.024792485621378701e-01
4.037158778069865339e-01
3.422011866847616268e-01
3.682749466644577585e-01
3.320623710126525130e-01
4.117634441524780087e-01
3.966124891480622416e-01
4.828761582790134232e-01
2.955669940447334110e-01
3.236954655141935921e-01
4.618768786266113091e-01
4.348784860227057902e-01
4.103816886810122133e-01
3.336308187746951925e-01
4.245099817942676879e-01
4.137777645776661850e-01
4.102987787916790863e-01
3.203229368533933585e-01
4.264938639241883100e-01
3.523807277940900207e-01
3.054896761091782653e-01
4.227260834437593373e-01
3.750940285486600301e-01
2.907197221506327423e-01
4.996994946584160657e-01
4.248313267671577909e-01
2.738837152468283631e-01
4.095139065369469145e-01
4.164700772395469874e-01
3.353136254271753547e-01
3.537952171949640956e-01
4.449145387366096327e-01
3.508940117628006616e-01
3.540963221978097875e-01
3.479792866709040533e-01
3.038411329733808897e-01
4.281045705067505480e-01
3.813135581120833950e-01
3.815418204345329967e-01
3.492373321300373812e-01
3.171233436184472398e-01
4.477282689273029970e-01
4.465462664342026988e-01
3.613410606581167750e-01
3.942224397808439251e-01
3.997714545483092574e-01
4.078656866067233988e-01
4.056206795815875954e-01
2.758908115450094956e-01
3.781266552699892869e-01
3.283046735395637183e-01
3.605656642719011762e-01
3.933745364115471821e-01
3.762079889162487367e-01
3.460243504106111923e-01
3.248511699791824525e-01
3.461424259136548498e-01
4.138021004438928174e-01
4.768522676422997097e-01
3.338459414346713894e-01
3.154381638700831658e-01
3.792336470601713749e-01
3.901951434349888448e-01
4.265824347356088619e-01
4.012463986958929585e-01
3.811500065594099484e-01
3.655031075798559348e-01
4.062194107915994556e-01
3.194813734236442992e-01
3.605631454755565124e-01
2.866339554643604348e-01
2.810960683828991336e-01
4.000477156108043220e-01
3.533687288270269677e-01
3.604619523408068571e-01
3.543494246316585272e-01
3.391080496582237203e-01
2.842576336053898034e-01
4.187500671708355160e-01
4.280060816842120031e-01
3.125219213756356140e-01
3.395236799662011418e-01
3.410543447965287411e-01
3.461858765992946729e-01
4.323351272974292892e-01
2.982073775139377769e-01
4.000456741989451004e-01
3.723225663751726366e-01
3.951786287594042379e-01
3.500526580794703913e-01
4.460224761937645610e-01
3.435897899438720704e-01
3.940313341428736682e-01
4.038939782695559200e-01
3.982557425456860756e-01
3.544092739189468877e-01
4.134451261074701400e-01
2.761994252448216614e-01
4.412138301668805385e-01
3.836718813421863272e-01
3.935264751447571374e-01
3.082223265799357570e-01
4.000524031014097703e-01
3.682397764820652952e-01
3.523763316691299607e-01
3.335212789666110456e-01
3.760174387347182678e-01
3.595232792480350659e-01
3.815566853943153092e-01
4.026429859983286508e-01
4.113802863082829386e-01
3.946408941678995475e-01
3.972421537920263757e-01
3.733924529078384014e-01
3.893773166888645498e-01
3.011713473097787919e-01
4.214263522649981386e-01
3.500849032452504339e-01
2.982208459742116125e-01
3.874889267313546548e-01
3.689424277403048347e-01
3.370475926970060709e-01
3.843431168626358918e-01
4.063549274657297650e-01
4.662802158426353483e-01
4.200116788448846061e-01
3.102566858353554835e-01
3.761568671747538839e-01
2.870339125669323366e-01
3.598487531149145990e-01
4.695175855364087658e-01
3.697827173572239556e-01
3.458492383623638089e-01
4.007687154061293500e-01
4.089568558485752181e-01
2.514792885548550183e-01
3.323664213239760912e-01
3.892464439010273058e-01
5.283921429713217544e-01
2.912303987678240280e-01
3.810227677191037610e-01
2.604632365217575685e-01
2.451334164267906512e-01
3.834309575284634564e-01
2.711396109503425023e-01
3.343523918213917590e-01
3.572267051120588399e-01
3.830659891759870539e-01
3.414408062114944187e-01
4.011831161662435807e-01
3.365957277306282358e-01
3.895469248349816005e-01
4.031246820804807451e-01
3.571860240748331861e-01
2.977916799777794443e-01
4.191959188661471547e-01
2.888313763934305944e-01
3.884341468928014240e-01
4.214421401754387397e-01
3.854063358334340328e-01
3.726210880286974780e-01
3.847655028392600318e-01
4.130644670740837299e-01
3.850421222008837407e-01
3.282310915258671580e-01
3.194644954561896566e-01
3.614768358658868030e-01
4.391136371787737191e-01
3.431680279046226412e-01
2.751920343537304081e-01
4.226700625384867127e-01
2.876623566884397576e-01
4.022179029975137543e-01
4.409545636367013244e-01
4.141919151239112917e-01
3.877417420740709719e-01
4.337433895517471827e-01
4.577664780660775645e-01
2.697660563886588037e-01
3.581667672928929846e-01
2.658331120288729976e-01
3.469370166377406250e-01
3.506415505465250715e-01
3.146547457402764647e-01
4.605955518423544559e-01
3.674068117630263086e-01
3.495719774750719600e-01
3.742181988659839531e-01
3.851226448877593800e-01
4.050389991888891372e-01
3.193068311196771702e-01
3.646659734383106977e-01
4.496709037156716438e-01
3.224367782375165969e-01
4.418033585492546766e-01
3.999324610927165180e-01
3.533094554444558000e-01
4.029103556292427113e-01
3.251721419555405612e-01
3.309556118329508578e-01
3.362984053457058198e-01
3.338113926081605065e-01
3.529244646658837303e-01
3.682868932148646302e-01
3.873135179532449235e-01
4.511977431130957394e-01
4.363228843456828376e-01
4.032059501092060683e-01
4.447843969130423902e-01
4.188883256475790517e-01
3.666486870650412788e-01
3.582223311655792219e-01
4.001259603237088402e-01
4.027383890196070126e-01
3.714461992280632119e-01
4.179527974467893703e-01
3.409443932843903013e-01
3.963446398318231090e-01
3.061046668171747975e-01
3.809085743657478762e-01
4.379648338299742538e-01
4.172918062322863442e-01
3.523409483957589128e-01
4.423228012792203012e-01
4.495802637114793554e-01
3.776809590276504203e-01
4.615749334383708602e-01
3.875831495280332439e-01
3.535040777218505514e-01
3.815592275949146184e-01
3.591210157893771071e-01
3.476603825852304652e-01
2.877051389178118534e-01
3.810643816430371866e-01
3.551722271017691557e-01
4.462570694381871594e-01
3.394455972898756668e-01
3.357999589215899250e-01
2.617912548276922768e-01
5.109725181955733220e-01
3.118279808344182058e-01
3.900517824119483778e-01
4.125168109085790014e-01
3.756302885889251653e-01
4.937252756499077022e-01
3.999113803095961095e-01
4.051539025151014162e-01
4.035318545713407756e-01
3.656822553627156469e-01
3.865326721610969907e-01
3.694297804100985516e-01
3.276055613289237112e-01
3.381410875903803070e-01
2.994230935646221003e-01
4.020356224582015137e-01
4.757449662339011121e-01
3.796946689999011193e-01
4.208861440576404100e-01
3.529625185226313855e-01
3.657763888237973160e-01
3.989570809125043693e-01
3.725526266359994176e-01
3.477186987838798427e-01
2.522782210513123125e-01
3.173448121279064393e-01
3.895393306567639380e-01
3.957926373449383028e-01
3.622120212743268897e-01
4.187654187475253753e-01
2.932843137234376063e-01
4.069370714481663209e-01
3.912477269708150573e-01
3.796649571696710801e-01
4.425256346348334646e-01
2.989611123540169002e-01
4.669406376329370278e-01
3.574090184483536548e-01
2.868346007901125816e-01
3.176421020637602566e-01
4.996103509845687962e-01
3.383279157317662378e-01
4.388843298205851173e-01
4.557522717176701321e-01
3.513207429655544889e-01
3.350373992825949609e-01
4.821350521066727901e-01
3.313683393125136378e-01
3.568605121971260008e-01
4.125610109001429104e-01
4.434921916850143586e-01
3.587269646741801377e-01
3.629900466359027300e-01
2.905310073155813466e-01
3.905924258145430650e-01
3.917015309428014680e-01
4.654543750148290582e-01
3.116415451970773187e-01
3.427726570660171723e-01
3.786254425114536915e-01
4.763595518427043429e-01
3.256124546436935940e-01
3.962731775927436084e-01
3.734342708699358582e-01
3.226527712407527559e-01
4.275951120608216249e-01
3.986497810780218476e-01
3.642380948448350475e-01
4.149790552382136566e-01
3.924150034158110922e-01
3.879316226849708893e-01
3.543427783888429827e-01
4.083221342565730994e-01
3.618983502500843219e-01
3.199255602507342644e-01
3.336006708014001565e-01
4.071032428552386895e-01
3.677221788966482663e-01
3.462176312523811417e-01
3.958056970148687848e-01
4.034673468160606680e-01
4.118467140283147976e-01
4.141913292341702357e-01
3.186342984592638317e-01
3.395500673403963332e-01
4.237170179508288892e-01
3.831108637884513834e-01
3.457360489242633506e-01
4.156090589291682735e-01
3.804175309316419895e-01
3.348450787035810450e-01
3.028481815154043799e-01
4.367548435987705369e-01
3.153554701753502609e-01
3.811179198317989347e-01
3.507488390261513378e-01
4.021703333410701631e-01
3.174479630114350193e-01
3.402983934512289754e-01
3.875281125011575956e-01
3.598633889894364835e-01
3.773935086861193167e-01
3.559472074268464903e-01
3.696257707851567376e-01
3.320232319965590873e-01
2.990395695190884440e-01
4.148010384756197211e-01
3.782234602754506736e-01
3.522239834378439460e-01
3.533647700505317402e-01
3.067431411878353553e-01
3.220342393164891126e-01
3.805132315964093737e-01
3.829841141027644502e-01
2.783049201490149782e-01
3.790580150641961188e-01
4.380539677631384854e-01
2.901444858963410089e-01
3.841561443898006689e-01
3.491871906093181321e-01
3.951062755253789138e-01
4.226593521125670549e-01
3.831435527382831552e-01
4.046058226375263689e-01
2.948445816801717467e-01
3.359853343216442356e-01
3.157919458194040629e-01
3.396843709787822352e-01
3.126497763060263058e-01
3.350795243222362552e-01
3.790119173075053860e-01
3.459665932635473951e-01
3.817266919230682953e-01
3.572114936433140597e-01
3.848314854575961563e-01
3.719006373766762241e-01
4.607207855612891478e-01
3.520509705260419508e-01
3.211152942882135597e-01
3.912742728936748904e-01
3.653594995965050996e-01
3.648039994524281404e-01
3.107991517575137697e-01
3.823476014157543568e-01
3.411023570866822396e-01
2.756128444062757588e-01
4.043676797797805533e-01
3.497126346973447597e-01
3.957017204537102151e-01
2.559154310155257184e-01
3.819038880991443285e-01
3.519574389730705799e-01
3.186909018298983987e-01
3.054783936181739157e-01
3.350943953260762109e-01
4.613896781733584640e-01
3.285222156755890355e-01
3.839248005550421894e-01
3.989623210691181088e-01
2.923590727865413852e-01
4.028402273919542420e-01
4.434671290871909366e-01
3.766037046747111594e-01
3.082239642808600188e-01
3.783998348105870324e-01
3.843939391912659098e-01
3.029918908169628722e-01
3.855567533916317013e-01
4.399289347550617846e-01
4.015999915983759494e-01
3.717806699058098241e-01
3.241045499597681179e-01
3.889288061844993205e-01
3.192750574748428605e-01
3.352853812264282585e-01
4.169827167669944434e-01
3.090919316961773244e-01
4.079671777851728853e-01
3.929470525762258637e-01
3.735357574803893632e-01
4.726839284677515352e-01
3.760567750448367552e-01
4.308380325141826228e-01
4.856059467569169841e-01
4.702490265691977589e-01
4.294339694165109078e-01
3.346536868964586353e-01
3.922467029184925069e-01
4.180375792725463668e-01
3.985520153078171979e-01
3.600130730090720377e-01
4.289006963096623215e-01
3.567043125457365349e-01
3.966113962754909128e-01
3.931888832906744735e-01
3.343885841356305511e-01
4.241225743650608448e-01
4.009803954465211429e-01
3.495824166641849362e-01
4.056852554276497158e-01
4.225026050471980543e-01
3.637266561160202860e-01
3.091045926356579820e-01
3.052078324265519726e-01
3.989103710878221243e-01
3.233763574019150600e-01
3.753828987045182974e-01
