3.345625794406245634e-02
2.489183226816815003e-02
2.715986342936865805e-02
3.495915132800470754e-02
2.701426802950660649e-02
3.199050301462608159e-02
3.071330002469928322e-02
3.527774186355867037e-02
3.315975578530138551e-02
3.250127652441567316e-02
3.441944391742693399e-02
3.463706562121361687e-02
3.751610279076467158e-02
3.448699152036279608e-02
3.438525511947101987e-02
3.295867807090021445e-02
3.143088748982685726e-02
3.342573542860270003e-02
2.950683144403941013e-02
2.264711597071778978e-02
3.675790878321678889e-02
3.363820125410302286e-02
3.502120632367078379e-02
3.302228986011267187e-02
3.641494742189359257e-02
2.700951839138530236e-02
3.142626809967756507e-02
3.400315351690002402e-02
3.235920295093268340e-02
3.032147027317191879e-02
3.282459974492951682e-02
3.308911687764556908e-02
2.735776260491504935e-02
2.764532851155771312e-02
3.600289794104983426e-02
3.314090719959317255e-02
3.279103405023857387e-02
3.102089248581640923e-02
3.658826312209578768e-02
2.650563647573648401e-02
2.873834491297513893e-02
2.820822058516886041e-02
3.241686576928450719e-02
2.623260293283697503e-02
3.649277437105728772e-02
3.219014717400552061e-02
3.011702918372961835e-02
2.995278534713320326e-02
3.109008577830288389e-02
3.237556272518044009e-02
3.007686146582202319e-02
3.505293656420709059e-02
3.014342561013248073e-02
3.561503512996275905e-02
3.031549366004573226e-02
3.122558931918992253e-02
3.450618774900751640e-02
3.292931179413922244e-02
3.336890973593542586e-02
2.482753792712510954e-02
3.243886054640874456e-02
2.462014981127136695e-02
3.264042353610480118e-02
3.491993324878134297e-02
2.975723925170417269e-02
2.807940254955356915e-02
2.554100692511653697e-02
3.360162746337154449e-02
3.698459219564768224e-02
2.707450036152237935e-02
2.974658663965969174e-02
3.102859643204658457e-02
3.267428340540856624e-02
3.776993308925537252e-02
3.363806701396741122e-02
2.438570983447969909e-02
3.399983854498147412e-02
3.591057776347691272e-02
3.162057112203902481e-02
2.575142518797576136e-02
3.029415014362824357e-02
3.247564731991917086e-02
3.107700922151470507e-02
3.351218707422642246e-02
3.480980271661116010e-02
2.945583625459001487e-02
3.210890386330103596e-02
3.417373568938349149e-02
3.110191895580921920e-02
2.459652711237006462e-02
3.764154523680750958e-02
3.019392439061553690e-02
3.579345659898269805e-02
2.876743463108352716e-02
2.618383330858443589e-02
3.362063409407736736e-02
3.034938373014278365e-02
2.880985815141439560e-02
2.691862548364395979e-02
3.373494010649993879e-02
3.434110462373141798e-02
2.818720141635133736e-02
2.287971138366443058e-02
3.122564537728813455e-02
3.281390890492896784e-02
3.011908308291840267e-02
3.319070118420045651e-02
3.411395728945682687e-02
3.402194891575034685e-02
3.371794916479788073e-02
3.315526987759659372e-02
3.046495192122246343e-02
2.602719932412317361e-02
3.207254924418968811e-02
3.117306490911722627e-02
3.517743814213854237e-02
3.376471291023313420e-02
3.194785911183670168e-02
3.348652641676202329e-02
2.677766498846262042e-02
3.431541013602359969e-02
3.049973802060853070e-02
3.720809759733882671e-02
3.395452960140225851e-02
3.012842616555286290e-02
2.733578003992852626e-02
2.833241347410944688e-02
3.650496563770975339e-02
3.313153758139805727e-02
3.206418531483192641e-02
3.196078620570853845e-02
3.004408644469442821e-02
2.735655194715551353e-02
3.419515498442316642e-02
3.233359497877827393e-02
3.202862815995109746e-02
3.214201363237881304e-02
3.263329161877148721e-02
3.254410372191433864e-02
2.870080032541215756e-02
2.968798909671603592e-02
3.354439031331665072e-02
2.777417411422782034e-02
3.058152380927214864e-02
3.360541105000046380e-02
3.553945401553738198e-02
2.615171974189454268e-02
3.113157697362139986e-02
3.367537733289396873e-02
3.105185230103739771e-02
3.318226503403015615e-02
3.331712121543863037e-02
3.330479707540225792e-02
2.681725209317064110e-02
3.042080350214559914e-02
3.529307330731330100e-02
3.197725755771831796e-02
2.770687088195342845e-02
3.648869393374946923e-02
3.066273064082522537e-02
3.036349024505724872e-02
3.211900498027218248e-02
2.955243375686189555e-02
3.088798567243060400e-02
2.510278478409827541e-02
2.381286922794812952e-02
3.375286489491260977e-02
2.833422126607979680e-02
3.238156453512704841e-02
3.017049617816373527e-02
3.247691153237177580e-02
3.440449689911048714e-02
3.438670092415495316e-02
3.033374164500884929e-02
3.044361594963720594e-02
2.803700110108572896e-02
3.167962247648496016e-02
2.937829910163327479e-02
3.086512910567129619e-02
2.956053549171809222e-02
3.413828683223575633e-02
3.705790441488603093e-02
2.749721265319348545e-02
3.172768419848595589e-02
3.661961850703927823e-02
2.644713698001410762e-02
3.568542972272203267e-02
3.597095333210969387e-02
3.325005413659136433e-02
3.603715125377703749e-02
2.332440007298972051e-02
3.597653519646623610e-02
3.020956479862575705e-02
2.675674405870489755e-02
2.282102435201319168e-02
3.308530886893740891e-02
2.877710040834508334e-02
3.081873507810875545e-02
2.410244234090150317e-02
3.068074584778127806e-02
3.526917461216563798e-02
3.190326781411119417e-02
3.477634262675059762e-02
3.097874811594556951e-02
3.070537986846492984e-02
2.897167543446920596e-02
2.993451305717934052e-02
2.717207877233937877e-02
3.295351777073073779e-02
3.347280681771838684e-02
2.675637986807574004e-02
3.113291189293422578e-02
2.546690228068193909e-02
2.962816420783953575e-02
3.072311245395049906e-02
2.815465524012237056e-02
3.351340709131033629e-02
3.370965474106929483e-02
3.359111527518298529e-02
3.422578691896258074e-02
2.704018245863080289e-02
3.264055859001208093e-02
3.364188889961983869e-02
2.322705170656884713e-02
3.171706751829776738e-02
3.694460343238505085e-02
3.323928258488371978e-02
2.886586000162447152e-02
3.153568063023773349e-02
3.258966229142705451e-02
3.253848565988345931e-02
2.482658648296819787e-02
3.122855260574575881e-02
2.370835717555675251e-02
2.901179582896606934e-02
2.918195463491993213e-02
3.186402847619573819e-02
3.347309051027101690e-02
3.107886767979712445e-02
3.025307484881906844e-02
3.261471654967863093e-02
3.142237670049770337e-02
2.913878687102117171e-02
2.009155873501376061e-02
2.575053700723828332e-02
3.203733469062340633e-02
2.964343834782747628e-02
2.778451554073925120e-02
3.419778510316293096e-02
3.446537792862450211e-02
2.971002848776255895e-02
3.268487237645413546e-02
3.195963787502981157e-02
3.099530648702106955e-02
2.015463131369272728e-02
3.352125117767054685e-02
2.816335244250070535e-02
3.103874108518545061e-02
3.179933013089574628e-02
3.876238279369945139e-02
3.169967267327545440e-02
2.489784662884195199e-02
3.502800201016083304e-02
3.033317482506195720e-02
3.228002274820799405e-02
2.658039268123878196e-02
2.958391473109699479e-02
3.023223162493882121e-02
3.434827348985628609e-02
2.872002669882295356e-02
3.281016675026558749e-02
3.256477132825046084e-02
2.618871643795728232e-02
3.519478309352560425e-02
3.316942871830583228e-02
3.471344001944029478e-02
3.007231513445185467e-02
2.435951974448915050e-02
3.679302528882239659e-02
3.181173458353506872e-02
3.567551670036849670e-02
3.751440109184511762e-02
3.476357582929804485e-02
2.680951107526868479e-02
3.398711969061092575e-02
3.176823954028491770e-02
2.800921238464155680e-02
3.077192590879768153e-02
2.829590700049836732e-02
3.597569497693662438e-02
3.419487141487458082e-02
3.175743756257919798e-02
3.319538634835310364e-02
3.041059174965310419e-02
3.402015206855910079e-02
2.295191682526548024e-02
3.119551234497405096e-02
2.638345253512336744e-02
3.262004216128416845e-02
3.179369940563316760e-02
3.296017742053817395e-02
3.225086511320465060e-02
3.441886085836984299e-02
2.977929081333035785e-02
3.591886548413959074e-02
2.697189768591723436e-02
3.008718267616786179e-02
2.843802071613990914e-02
2.963962822169892777e-02
3.611212048066832214e-02
3.062436186493537604e-02
3.400251915048291967e-02
3.377733435281922436e-02
3.357189897291889408e-02
2.911342901295982388e-02
3.465361075636921168e-02
3.320714452217427698e-02
2.996206506096246724e-02
2.980143761635673655e-02
3.338121249249727251e-02
3.056174343689257306e-02
3.282084877152449676e-02
3.352003630608928197e-02
2.947271638825244011e-02
3.346805744653001680e-02
3.433193193926321884e-02
3.223502508995206711e-02
3.133612171610470482e-02
3.005499536321283235e-02
3.095396725492888246e-02
3.246908252597696665e-02
3.203712567164102021e-02
3.013888714272636160e-02
2.942588340632856792e-02
3.578650098196232976e-02
3.018037967239603492e-02
2.908439391322816675e-02
2.763001952245996984e-02
3.259247386925000906e-02
3.377505867288209396e-02
3.129758471796261626e-02
2.655059056202190015e-02
2.901333237023174388e-02
3.177425650230188831e-02
3.408051849261736072e-02
2.781804919867314485e-02
2.615788209431109748e-02
3.208546445605592323e-02
3.057873941535343976e-02
3.168915721946476832e-02
3.382705867043600545e-02
3.374732045964667221e-02
2.684483681067133254e-02
3.422035273892799073e-02
3.044181244095151700e-02
3.407563939132557396e-02
2.625317749142757479e-02
3.373229909835517848e-02
3.342616401717553309e-02
3.185653708684865748e-02
3.263097796722057298e-02
2.418949866551189237e-02
2.940825830654558715e-02
3.245727297415101908e-02
3.025433805239139198e-02
2.994408579792103009e-02
3.089080256521165024e-02
2.740068432362652295e-02
2.641008727616210930e-02
2.867871185261536282e-02
3.219230079673651018e-02
2.845917030791865129e-02
3.563966249126564872e-02
3.480489009032856906e-02
2.825512537108626834e-02
3.222385000254335274e-02
3.552900758741954490e-02
3.204928182731839326e-02
3.159846277388125846e-02
2.803930820807302646e-02
3.187234558698749665e-02
3.550981933551971420e-02
2.885295803590580410e-02
3.193717530037538943e-02
3.253798775617256639e-02
3.132336245251253481e-02
2.871540442235178889e-02
2.609750881411576628e-02
2.867276574248638771e-02
3.340448271817501869e-02
2.583369732530062593e-02
3.249362457960722900e-02
3.617325677480986296e-02
3.157700705015990816e-02
2.668636155518383513e-02
3.690631876885958063e-02
3.162044818978037436e-02
3.374041589867883550e-02
3.066108493198332896e-02
3.097751376630128797e-02
3.204272184360833220e-02
3.370885675108881152e-02
2.635229524190899064e-02
3.332336660678025808e-02
3.045740625047724248e-02
3.336644991409788014e-02
3.748451070991906664e-02
3.272218730960617383e-02
3.296594911897798852e-02
3.061964912838878450e-02
3.278186461763385462e-02
2.890040411387846328e-02
2.530133410640561520e-02
3.310926265061472223e-02
2.828916133996282542e-02
3.226692467580358215e-02
2.961621813816353935e-02
3.257676400491500007e-02
3.245419868659759483e-02
3.282127150991912684e-02
3.054314930347527129e-02
3.158471090146027643e-02
2.872045230618367959e-02
3.131552578629008543e-02
3.568156964674115694e-02
2.986725536139058293e-02
3.189406865514582412e-02
3.563412167775503736e-02
3.152254286005724826e-02
2.662903717960299343e-02
2.643068893014698106e-02
3.170810056458736592e-02
2.566881349416458985e-02
2.856554347846977995e-02
3.311476312470351679e-02
3.047419052002011200e-02
3.381174957166693806e-02
3.061223026236225414e-02
2.990167873066698623e-02
3.310070258230121687e-02
3.403328813244444612e-02
3.066812591015194434e-02
2.787942559435536635e-02
2.722339297644235656e-02
2.529992743087650445e-02
2.710966221545331803e-02
3.215281669361133576e-02
2.867874301353542932e-02
2.772790737188253821e-02
3.295421334562115279e-02
3.130014916346086917e-02
3.258575768102379977e-02
3.612751827081845529e-02
3.538849056510362523e-02
3.499846695330678659e-02
3.611919909955371016e-02
3.005093135479322899e-02
3.258520120157180899e-02
3.377683182180721277e-02
2.990473257673167615e-02
2.054365178091424604e-02
3.422484780747957894e-02
2.994715431095107405e-02
3.728293684341819209e-02
2.664083396455330793e-02
2.997699481462517621e-02
3.003537760939165024e-02
3.751012598215978239e-02
3.005266538843124474e-02
3.445264376222539199e-02
3.454743669749364005e-02
3.562183852844297283e-02
2.536840841199528018e-02
3.445078915921019613e-02
3.225262609938810837e-02
3.204159839853808894e-02
2.234147415245163124e-02
2.845730898975286360e-02
3.516468570032236368e-02
3.061237020150146468e-02
3.002598383827320694e-02
2.484593259126399029e-02
3.129591094396332041e-02
3.334707873513892418e-02
2.863643289884426624e-02
3.318296338526660616e-02
2.866425709438151503e-02
2.932039200413066871e-02
3.310525962598159788e-02
3.084288854321345918e-02
3.613651637839767478e-02
3.573102772818287365e-02
2.768166983862201114e-02
2.733834433770419847e-02
2.644816725270906013e-02
3.149870387000430760e-02
3.486445081807647284e-02
3.474391507314765482e-02
3.352720464924704991e-02
3.059830134547820296e-02
3.242237361949644459e-02
2.912813171323511141e-02
3.319073610352620690e-02
2.908750628307908356e-02
3.618613938766812588e-02
2.999914014029212914e-02
2.725843618001236313e-02
2.861869153177120512e-02
2.873888009259905132e-02
3.201088970434545766e-02
3.194592064687520189e-02
3.034448935198112360e-02
3.490411775421425888e-02
2.948859482884870487e-02
2.857558011963786185e-02
3.133261207105167423e-02
2.593173103378050917e-02
2.957003047012436367e-02
3.205905470156265175e-02
3.325638760240223063e-02
2.745079705036970741e-02
3.445883723364099455e-02
3.450071758801309674e-02
3.112589329115645481e-02
2.581431612767998152e-02
3.488823174804303595e-02
3.592034289952311665e-02
3.531479634912362831e-02
3.685584033054566805e-02
3.487351333877015958e-02
3.099604992347163024e-02
3.412640007835111844e-02
3.039834176343930716e-02
2.161222943305349253e-02
3.375075952455586226e-02
2.697939980572869323e-02
3.229673840259077860e-02
2.797195519252363913e-02
2.564512976250753543e-02
2.902838180856881500e-02
3.042664088173431189e-02
2.877081714406790058e-02
2.932567047604336952e-02
2.814840643307227677e-02
2.726834357121210584e-02
3.118761397445404815e-02
2.898941420973287844e-02
2.933225444864468942e-02
2.976486980270159552e-02
3.510034098182084061e-02
3.461363403936980332e-02
3.437288122086085140e-02
3.070041780719767743e-02
3.325353624232045557e-02
3.723119627934451392e-02
2.979172615140272470e-02
2.778629223770229251e-02
3.137676089046712025e-02
2.690221280504698567e-02
2.746030550549797764e-02
3.134210989064067227e-02
2.557526876996895140e-02
3.381723278510612857e-02
3.048851805778618473e-02
3.538667150350377488e-02
3.412243372724629853e-02
3.485620838911751562e-02
2.621590562190373452e-02
3.474095047977629469e-02
3.201939559025869519e-02
3.277885915909514725e-02
3.145806767398967585e-02
3.378679962109763790e-02
3.090821310048139092e-02
3.262188686637382956e-02
3.262435243479950425e-02
3.314084361821570401e-02
2.785068479417523307e-02
3.217463681725702546e-02
2.896693581680664931e-02
3.336265799796525600e-02
3.446475480914526490e-02
3.040599885038573064e-02
3.195640459537229389e-02
3.023378295637429991e-02
2.886545004653134905e-02
3.435636342272250371e-02
2.746678813624667259e-02
3.373347182535928190e-02
3.374957982817044372e-02
3.081426898515539706e-02
3.199261953499499961e-02
3.503505867537202306e-02
3.429011884776399233e-02
2.203727909302258606e-02
2.951945518798890916e-02
2.992157678360254924e-02
2.757490799910952695e-02
2.899610778112328077e-02
2.938856452755320495e-02
3.026937581115256293e-02
3.461479280992698498e-02
2.983956798441728814e-02
3.120905795677388420e-02
3.350394551897394047e-02
3.159464068452481206e-02
3.320184297136873769e-02
2.708190245154465034e-02
3.510663782068401684e-02
3.162388856633111672e-02
3.132002161863618739e-02
3.037028302799352208e-02
3.179599040119786280e-02
3.463443970448915055e-02
3.418253586477583428e-02
2.771565296015101112e-02
2.490605685469985536e-02
3.223953758384284080e-02
3.272161534866410704e-02
3.636884961209421729e-02
3.133054745499361249e-02
3.507275324020469459e-02
3.570009518717287555e-02
2.667301516679110654e-02
3.068838366401276802e-02
3.208546873091944196e-02
3.472497330316923203e-02
3.368728683388692857e-02
2.877868225973809549e-02
2.897767279195926846e-02
3.465646219064019706e-02
3.232253686920461000e-02
3.476890699062945567e-02
3.099879184473816607e-02
3.262312159865378425e-02
3.740740375799374295e-02
2.977505687927111885e-02
3.029768058394263081e-02
3.334151074876328530e-02
3.323186089832939893e-02
3.029613296242103862e-02
2.329137502769926954e-02
3.448877358416590350e-02
2.326755743244027577e-02
3.140437317658751476e-02
3.417620882555459649e-02
2.736023687425849504e-02
2.808160199581807848e-02
2.947709931828457197e-02
3.764869474641020092e-02
2.227416446737426683e-02
3.279722175634477987e-02
2.664682345128552288e-02
3.587981823621091970e-02
3.728650854727039859e-02
3.336866103756272461e-02
3.404737442030116717e-02
3.169784317178552663e-02
2.362160841395356120e-02
3.596780965189354945e-02
3.325453277221141618e-02
3.120693495140791640e-02
2.929897050750681492e-02
3.039114426079753128e-02
2.687880256189698058e-02
3.474665281371622921e-02
3.341153218223656685e-02
2.906895151410130579e-02
3.042681208113365288e-02
2.583375168593334686e-02
3.263193890140300701e-02
2.989944894518870022e-02
3.224446245452564086e-02
2.886428884668609807e-02
2.967704920816993663e-02
2.427827954001387026e-02
3.381178561703107599e-02
3.302904969426895265e-02
2.661822148237202867e-02
3.193817544832788791e-02
3.183793119438339814e-02
2.633992982459373161e-02
3.602795678229217535e-02
3.475043557855013454e-02
2.442272510168867414e-02
2.966946654530797089e-02
3.145196719847836997e-02
3.403188001003895624e-02
3.382253613514591556e-02
2.832792287253305813e-02
2.531384148603536485e-02
2.633901848072419186e-02
3.618844211712540088e-02
2.513041669151563559e-02
3.549311596550833170e-02
2.457962036168776301e-02
3.246308788154237540e-02
3.359186808949936320e-02
2.746977125046502072e-02
3.134566794008961099e-02
2.932808359371322227e-02
3.269543450275877450e-02
3.140516116610674036e-02
2.160970027686456157e-02
3.065006232366518368e-02
3.074175359312561473e-02
2.947617313644649781e-02
3.355069493913154233e-02
3.258864635037680979e-02
2.471330443983193667e-02
3.151828225944661166e-02
3.432400403748638029e-02
3.746500361616912633e-02
3.077041357098578289e-02
3.565038004717012432e-02
2.946812713270929168e-02
2.983180688431974481e-02
3.069272332904805431e-02
2.510695767062914516e-02
3.137341951532463674e-02
2.970552407394979125e-02
3.345706392763011378e-02
3.630837036596459844e-02
3.160183432017600602e-02
3.338135798539725030e-02
3.413507332323612031e-02
3.473512226775801737e-02
3.240263427373585303e-02
3.012916818438576144e-02
3.626354813039283503e-02
3.258844051507893413e-02
1.908489954965139623e-02
2.635119890126866316e-02
3.775416315386412314e-02
3.379721780259727082e-02
2.988377194887181787e-02
3.227353748339659850e-02
2.945301854313930878e-02
3.036157017366102398e-02
3.116748572574226661e-02
3.417880568246653428e-02
2.934399820684989793e-02
2.062828798056563773e-02
2.816511219435820224e-02
2.860450077231315932e-02
3.600544562120612524e-02
3.383151434873728908e-02
2.759266223561566977e-02
3.175137974192205476e-02
2.761947563432323033e-02
3.352991552309721873e-02
3.146486498192152537e-02
3.449260153247815652e-02
3.351054157602386535e-02
2.605832274385326205e-02
3.498993994838989208e-02
2.566773345947408885e-02
3.088848353759726315e-02
3.203648953552528517e-02
3.076358874566597484e-02
2.652452978150388052e-02
3.118935577676865481e-02
3.022897673363694748e-02
3.257984316518484913e-02
2.656953526373230512e-02
3.559797532312528739e-02
3.478811055717491441e-02
3.290537616459235370e-02
3.005678136018855029e-02
3.653269427858834434e-02
3.739508336101398517e-02
2.848816892901517850e-02
3.114187095151768614e-02
2.901424816433794546e-02
2.845115058338365532e-02
3.433120619767013326e-02
2.607633780096318965e-02
3.115453709745271554e-02
3.131241553745888612e-02
3.045007221619666637e-02
3.570748945187030704e-02
3.228869134636389027e-02
2.441337450465424705e-02
2.507254745038378640e-02
3.643944369462231297e-02
3.245696578603889798e-02
3.382288197781684047e-02
2.882616141579838129e-02
2.736487499580984861e-02
2.820071798264464982e-02
3.230332187178587555e-02
3.152817315267895937e-02
3.102697161104668241e-02
3.374604875005107751e-02
2.724598317842077955e-02
3.258979036741606328e-02
2.974440142990032732e-02
3.100909533568180221e-02
3.001533050500386490e-02
2.636021526798472750e-02
3.265226928401539219e-02
3.381928169749129354e-02
3.223124758021420067e-02
2.944998993686330502e-02
3.326613970962320754e-02
2.319531264267186976e-02
3.562032976682089763e-02
3.194069212555373377e-02
3.075407710141561668e-02
3.517501073398529576e-02
3.120768384800139822e-02
2.962688942921930593e-02
3.350147536816861643e-02
3.431575072411561372e-02
3.090345055821803327e-02
2.419467237738368720e-02
3.136401348182461107e-02
2.952278373187788851e-02
2.425135719275275936e-02
2.723085021040262677e-02
3.002153846538351337e-02
3.155418561982663989e-02
2.542382938655113334e-02
3.484654135496045163e-02
3.228722517771230593e-02
3.483612379917947616e-02
3.592133712802061257e-02
2.878966776687274035e-02
2.616705012698048241e-02
3.591405817233551956e-02
3.380222362188436969e-02
2.375216792624441561e-02
3.617753449629287910e-02
3.105053385414924608e-02
3.252026740627947388e-02
3.023788242226226747e-02
2.878215416627226755e-02
3.064016614689294912e-02
3.079969040616874557e-02
2.949757377536598585e-02
3.107034179011078021e-02
2.671935522409538133e-02
2.934102150162167313e-02
3.111177867662475588e-02
2.869237194685645906e-02
2.871795568405822660e-02
3.374467231561417702e-02
3.748868475024942637e-02
2.770932112798336899e-02
3.060805846443418604e-02
3.417118516187673399e-02
3.051189674937020493e-02
3.545279763791153033e-02
3.522474859370088723e-02
3.586879538822660557e-02
3.247862526279623324e-02
3.215757485885368389e-02
2.836518216523506442e-02
2.679966226697413217e-02
2.757493389916641779e-02
2.858297136800353605e-02
2.827649792993358613e-02
3.409591398157533343e-02
2.102162104985946453e-02
3.289794103825988136e-02
3.144409896335024351e-02
3.508766750026607456e-02
2.594829230491768612e-02
3.169853270590695243e-02
2.421474802838885498e-02
3.265996535032852921e-02
2.700364548025735445e-02
2.681345913328128661e-02
3.378841972365644736e-02
2.653745489748991424e-02
2.761470103629028866e-02
3.276992050329170098e-02
3.187938688955634092e-02
3.437819297268326219e-02
3.576018735808559473e-02
3.238396911897697961e-02
3.460033878773269289e-02
2.857191983841635835e-02
2.865621251265145983e-02
3.332284044763473424e-02
2.842163727213289914e-02
3.420988089930702275e-02
2.398011679272070429e-02
3.157064549656859315e-02
3.029237993607855617e-02
3.269770506413499644e-02
3.334226439144374193e-02
2.814721670232711581e-02
3.621308783795867958e-02
3.385736365961267147e-02
3.405845486410252060e-02
3.231406490812203242e-02
2.951646169355958207e-02
2.781887268147797271e-02
2.835802431817572092e-02
3.212445900672050714e-02
2.953096582700245887e-02
2.757630110174308369e-02
3.261964616075430784e-02
3.261787004250625566e-02
3.241215738456055401e-02
3.696834801403313386e-02
3.647098218535207992e-02
2.755762670897534891e-02
3.503944422979550499e-02
2.721689139724179154e-02
3.401998512174259082e-02
2.705408181831496506e-02
3.483160314331554264e-02
3.116514096328206612e-02
2.761978375783533460e-02
3.373831061931811814e-02
3.005693479706802659e-02
3.511175318363873171e-02
2.781094702189646287e-02
2.771008693099449166e-02
3.297887265640445098e-02
3.369440832634904709e-02
2.837400831003741158e-02
3.389965961544531142e-02
2.828066486547931024e-02
3.392473116730334443e-02
2.866220484706593144e-02
2.639160674071390489e-02
3.474208907458964379e-02
3.185921988348157374e-02
3.264982019711008127e-02
3.116314990434625176e-02
2.984787814831671438e-02
2.677475615256601563e-02
2.466156986197187706e-02
3.125417537748131913e-02
3.265409432415120050e-02
3.178869562931670861e-02
3.288868329632516074e-02
3.119846208678924565e-02
3.166704393943703399e-02
2.897598441736944780e-02
3.444584303307865469e-02
3.327020564355333276e-02
3.441910451536399351e-02
3.488711853478730640e-02
3.214955174185783748e-02
2.708525711460130214e-02
2.479555425927537637e-02
2.946927238356231160e-02
3.040254846795004823e-02
2.923648458755206958e-02
2.865897700480370472e-02
3.488975123239460713e-02
2.809266047992265217e-02
3.089637381255470883e-02
3.159767857205067476e-02
3.577925768650223187e-02
3.578421435689029678e-02
3.230329950209248624e-02
2.616173774048913270e-02
3.122620894382272666e-02
2.818153807457039750e-02
2.986052409694144733e-02
3.848584617286103515e-02
3.619003935210095280e-02
3.118437660212050599e-02
2.817998762634679744e-02
2.970099945157223670e-02
2.537997374219772007e-02
2.454076437586876630e-02
2.846691030544617682e-02
3.429032266129064532e-02
2.826137380653757566e-02
3.564234795574065112e-02
3.423822442408946259e-02
2.879948453946867826e-02
3.190559329151965856e-02
3.546582524951455428e-02
2.852882126455409326e-02
2.857542760716430541e-02
3.421649851986917346e-02
3.395079331097893699e-02
2.844984638500786672e-02
2.757907491979671652e-02
3.258587057336367887e-02
3.304825378479982895e-02
3.552429755527630045e-02
3.289141339490508215e-02
2.534761434903396587e-02
3.204354980952101029e-02
3.655101581102090241e-02
3.028697918215821072e-02
3.631595967016938709e-02
2.918176802808675196e-02
3.439176974204564974e-02
3.119732129367298878e-02
3.330910373972717498e-02
3.664406869392706351e-02
3.366700336647092395e-02
3.482934653870284336e-02
2.739966989289845112e-02
3.643904180804821702e-02
2.938080854667692032e-02
2.809426834263796177e-02
3.512089035706533052e-02
2.722666171810070312e-02
3.359973598767623110e-02
3.457666098284162270e-02
2.348782721607299215e-02
3.265375991006130851e-02
2.603776135594997390e-02
3.293089646942494453e-02
3.489055474971206050e-02
2.831980206113334994e-02
3.161835194834042989e-02
2.386709827336244011e-02
3.503657511492102444e-02
3.131149203900040340e-02
3.120021879600395204e-02
3.316722454283944910e-02
3.198469495187863942e-02
3.004053125644199143e-02
3.448349220738472498e-02
2.344113919073945521e-02
2.579788839591254379e-02
3.024447438653229958e-02
3.170207655609522113e-02
3.321965147447709238e-02
3.517398409371935708e-02
3.076256860472295976e-02
2.985671932838914258e-02
3.438447940895664190e-02
2.678215222063459744e-02
3.511118985085112665e-02
3.300349407956335024e-02
2.625615407992866121e-02
3.202066310101580465e-02
2.939243894496767692e-02
3.034507962362322300e-02
3.147511784519048395e-02
3.115936606547997645e-02
3.345789608054951930e-02
2.455545520845732466e-02
3.317027828924783150e-02
3.100065070765492536e-02
2.858468244328141172e-02
3.024030028598848063e-02
3.405801278594414866e-02
3.551273094493231919e-02
3.448302095815679313e-02
2.903596091185306483e-02
3.033174597336449341e-02
3.037203228435686464e-02
3.354950204889441123e-02
2.686405606924865963e-02
3.280592389340462878e-02
3.727342807929731605e-02
3.433757127375685475e-02
3.414771426415798977e-02
3.813740954165632802e-02
3.473232103231013723e-02
3.165591348121008647e-02
3.260695165896371206e-02
3.005405652807353889e-02
2.622147607268592376e-02
3.175851862684449245e-02
2.367103752289179824e-02
3.449585184965339030e-02
2.308922663954093846e-02
3.277007358741912402e-02
3.196622066906823489e-02
2.952570111092980495e-02
3.043146521792560941e-02
3.083276224449824077e-02
3.365704709744282014e-02
2.980943312050170560e-02
3.073125224546863210e-02
2.895416600079558922e-02
2.832592012609505897e-02
3.199602796361436519e-02
2.870223079322293397e-02
3.395905763204291883e-02
3.160550730414982828e-02
3.132969542833678039e-02
2.865963262717705073e-02
3.136643348402529119e-02
3.047795468832716764e-02
2.844158379526812858e-02
2.821113072358299653e-02
2.863492458289295522e-02
1.971433918251938588e-02
3.209418511274858554e-02
3.292103264190671119e-02
3.356888803721760905e-02
3.313074665221407700e-02
3.182166694979065430e-02
3.147385514176682941e-02
2.981534712263262527e-02
2.954355054715501402e-02
3.190847760731966437e-02
3.105225010258400725e-02
2.570354771971594676e-02
3.164578519435870541e-02
3.190986634848233527e-02
3.400077136886654749e-02
2.522919084482680777e-02
3.202701714833880442e-02
3.158252413833292915e-02
2.547309877616554113e-02
2.448668593727742690e-02
3.174679894452496487e-02
3.410078120192024109e-02
3.277703574711127860e-02
3.391182607783038705e-02
3.137067200577498688e-02
3.446090478463319229e-02
3.572828142721175271e-02
2.714294269058398559e-02
3.619033711323766528e-02
2.857545344125498113e-02
3.057012884217796822e-02
2.888177556200651613e-02
3.201489262567588923e-02
3.250266093398013201e-02
3.455988703047693789e-02
3.437057677750646190e-02
2.726264765112054733e-02
3.244737490570843985e-02
3.074132419526414556e-02
3.488501530639791931e-02
3.199184614005848998e-02
2.958416614663841870e-02
3.599058463727158874e-02
3.103133407623503981e-02
3.479286272062483837e-02
3.195449764267441206e-02
3.383566931737013589e-02
2.575073969266860816e-02
2.552676667577901543e-02
2.794204944390189793e-02
2.509295737083155897e-02
2.529625458023468734e-02
3.107180150574034849e-02
3.263418227770949198e-02
2.650488993771328919e-02
3.126435533233901110e-02
3.232109373511350692e-02
3.275797284101304718e-02
2.418311790280985862e-02
3.341246001063397086e-02
2.709831352638603780e-02
3.325210655094468920e-02
3.005327243216310978e-02
2.910602831702288271e-02
3.213710867660284076e-02
2.434120193112471534e-02
3.005468902609057663e-02
3.060820420595690775e-02
2.214029174330400807e-02
3.203645092252897092e-02
3.210624618947692521e-02
2.582359333564945847e-02
3.175597895470843451e-02
3.730199776805709355e-02
3.370366436025961504e-02
3.241599721752810859e-02
3.800335464507598182e-02
3.129421411371141604e-02
3.577966172907254272e-02
2.957882496628372326e-02
3.655553860849974912e-02
3.138014835586016432e-02
3.162267369425718344e-02
3.322216088383259103e-02
2.849663061379710885e-02
2.988685864069717812e-02
3.374819178161511668e-02
3.146231151258570280e-02
3.399276152777792881e-02
3.265007315630788498e-02
2.600162098026867485e-02
2.125169667437232929e-02
2.736299135636888202e-02
3.219129501973505558e-02
3.161029500576514883e-02
3.083125574416261880e-02
3.372363847836369610e-02
3.649181774717204924e-02
2.580958113727090456e-02
2.725158701176193590e-02
3.126947657916376300e-02
2.724708763230250519e-02
3.489605404759889978e-02
2.429952742993278861e-02
3.206245652551400344e-02
3.251218823846378086e-02
3.495954140901678941e-02
3.230572582603272874e-02
3.358931459922185475e-02
3.235100454882500198e-02
3.292067480741439622e-02
2.185146132217216305e-02
3.578990863141832263e-02
3.243289888172459778e-02
3.774297452737994385e-02
3.101999629294488470e-02
3.172209425683585049e-02
3.287510549228611634e-02
3.554714714459638464e-02
2.851168529755052083e-02
3.240781240606883939e-02
3.260725427791761472e-02
3.505786019916373730e-02
3.135693695375224577e-02
3.181374447247459214e-02
3.033396095580580959e-02
3.376733112081493904e-02
3.341886812842064652e-02
2.364004827878272638e-02
3.126833401156364767e-02
2.549971586067487084e-02
2.548874424543881578e-02
2.860542071214452337e-02
3.157383274502248427e-02
3.448524069272997095e-02
2.563426502701502893e-02
3.149673789794973922e-02
2.811202828156221870e-02
3.327266257774187663e-02
3.124559729162570965e-02
3.311371853548129157e-02
2.948506522199313348e-02
2.676657730380457845e-02
3.067189576881635196e-02
3.451994543520142678e-02
3.355962602383925214e-02
3.030171773687326264e-02
3.106390326859927511e-02
3.511177498641959716e-02
2.943837746820079926e-02
3.583118750557184179e-02
3.616246783008512933e-02
3.817747645259329109e-02
2.669620403759280849e-02
1.922597816049778988e-02
3.405214219355594263e-02
3.324896522686746070e-02
2.531659921098522448e-02
3.259837736714503442e-02
3.304464658531745813e-02
3.651905580840363735e-02
3.057590726484252230e-02
3.434109664601189826e-02
3.321494678410869678e-02
3.178498764513559144e-02
2.304688427981249621e-02
3.311047472073424397e-02
3.461716313490069419e-02
3.330739741245332397e-02
3.174878601232383746e-02
2.590977917120680651e-02
3.326681943372235273e-02
2.992828828715105721e-02
2.938269272394025342e-02
3.177344700736212113e-02
2.827104512188393509e-02
3.518926658810251490e-02
3.425705106636715153e-02
3.197015948591191287e-02
2.849877935078244662e-02
3.303066188874129866e-02
3.057982270743937747e-02
3.257809683345548601e-02
2.996042846825658357e-02
3.445579621096375028e-02
2.617350615229850630e-02
2.906766508478467875e-02
2.929967526077308787e-02
2.941898891786989476e-02
2.804896519378539954e-02
2.806656927264853524e-02
3.105738701803548510e-02
2.976845253458550167e-02
3.304512252076254042e-02
3.625484424717923676e-02
3.124150507812697986e-02
2.701096261855705227e-02
2.331215561281040766e-02
3.439839309885647789e-02
3.381708008067876858e-02
3.099871867312462004e-02
3.430950741279024940e-02
2.872492918173837409e-02
3.329356798879361257e-02
3.102239026385082699e-02
3.139808542185875545e-02
2.960286029337549571e-02
2.615683119601700662e-02
3.523563007541222203e-02
2.794156489132820775e-02
3.054771110104492066e-02
3.435302958612304614e-02
3.519610726035261872e-02
3.329266759903657530e-02
2.998869707422870470e-02
2.877488565424848876e-02
3.465921288220474850e-02
2.657100273513889402e-02
2.989789312227343968e-02
2.334074487668383324e-02
2.889045392215822822e-02
2.955974995450396520e-02
3.205336945426025264e-02
3.309285289043485678e-02
2.712691015602801403e-02
3.251144581059889349e-02
3.489053333909834798e-02
3.620983925678647464e-02
2.939788872864799660e-02
2.848837407886531739e-02
2.746192995645834953e-02
2.400269795362511283e-02
3.161832375126834294e-02
2.805606199848051374e-02
3.099765096571390627e-02
3.303182642765929711e-02
3.597056526314459241e-02
2.830955161116349705e-02
3.463610881138950992e-02
3.533854638881977345e-02
2.159549938522343712e-02
3.636251142714673479e-02
3.191316466648964900e-02
3.294467814691505458e-02
2.836200967715743829e-02
3.081464491474783171e-02
3.474397546352206434e-02
2.686277113105322786e-02
2.776746023770012423e-02
2.645285141292720577e-02
3.059584966004343792e-02
3.700313027645621422e-02
3.544876886736926525e-02
3.576088365456483315e-02
2.834932356221446861e-02
3.095996102569609568e-02
2.938801021758293691e-02
3.070073820764505912e-02
2.821721597977128182e-02
3.474563634287598096e-02
3.500277483806052414e-02
3.077417973524529393e-02
3.086878917708599235e-02
2.914880447206146322e-02
3.096378314021105971e-02
2.719092944594388508e-02
2.567834509414587685e-02
3.386994707808793637e-02
2.934880752267236478e-02
3.031883330756501849e-02
3.021264410046626062e-02
3.013882338511089665e-02
2.913362051200895850e-02
3.280393033784106960e-02
2.755547269699630195e-02
3.258356836570260040e-02
2.511526631543107083e-02
3.006398645084011959e-02
2.529495388825625177e-02
3.693771353627495202e-02
3.386361032776499802e-02
2.815187599583951483e-02
3.367302497577286807e-02
3.462489561372640579e-02
3.314944875777610378e-02
2.574346621629877707e-02
2.242049120186555972e-02
3.121224899065598579e-02
3.228599611264750674e-02
3.322498535910078238e-02
3.423086019372535010e-02
3.371936163841482426e-02
2.711890511378481361e-02
3.125688180157712437e-02
3.405672846672583298e-02
3.850374512802322291e-02
3.326525432980109720e-02
3.095270920702386519e-02
3.057602365435701727e-02
3.180732901073769769e-02
3.421064048254657264e-02
2.607757800940731230e-02
3.463133374972539313e-02
3.017302170043570375e-02
3.079094071810320465e-02
3.268183037676823666e-02
3.127234895982564100e-02
3.513113062102509593e-02
3.472637409404021047e-02
3.440700117735253499e-02
2.899655428646766286e-02
3.298521498014305581e-02
3.178762210982646885e-02
2.964323242656488611e-02
3.065757013317541371e-02
3.517839806612337028e-02
2.541722134802847435e-02
3.412804754235469751e-02
3.422046969902180213e-02
3.405987324691087809e-02
2.426986346268738409e-02
2.565343420312574119e-02
3.295959928080109680e-02
2.716544667051737361e-02
3.151113853319439245e-02
3.045092887733097733e-02
3.186235485935304257e-02
2.937674826339703449e-02
2.869881062526180582e-02
3.735995337456957111e-02
3.076388557549980529e-02
2.753797192893217560e-02
2.818074378973979208e-02
2.356558428153278026e-02
2.567318617864508198e-02
3.485984027747301983e-02
3.360132651494207590e-02
2.822749481214300443e-02
2.855203211910179936e-02
3.049422638020943266e-02
3.329926832254340163e-02
2.566902806146743182e-02
2.780075808075936974e-02
3.228605576063584004e-02
2.541982234982589559e-02
3.450962367926897756e-02
2.844796204290231389e-02
3.138160325663939820e-02
3.296148939574104764e-02
3.366929799033060999e-02
3.461370825878373053e-02
2.963034038459345237e-02
2.853126567018999388e-02
3.177092687871170551e-02
3.470584439018065126e-02
2.477387075528028615e-02
3.208019877658951913e-02
3.153981738779185195e-02
3.536402774760093876e-02
3.121105473410094172e-02
3.257754070380406569e-02
3.083813033322468228e-02
3.349070142629533703e-02
1.796658006917193143e-02
3.248496447706171464e-02
3.000585126169689337e-02
3.518683176527077905e-02
3.089624965242792481e-02
3.789293959263501099e-02
2.407038174767318905e-02
2.495664816890016957e-02
2.780599262347896450e-02
2.726593984928943684e-02
3.354588445033550304e-02
2.942169678327830051e-02
3.236487312351943313e-02
3.437352856280286723e-02
3.018897828961655122e-02
3.357338835708526675e-02
3.320797631953743140e-02
2.620615315858803446e-02
3.362190400658550404e-02
3.228289031980076385e-02
2.438356412081755381e-02
2.732251800019749183e-02
3.283424017383002741e-02
2.597527153164669311e-02
2.991024124015757499e-02
2.931890868654585258e-02
3.619203658933661805e-02
3.005117113450266053e-02
2.372453351449910208e-02
3.589054910691677480e-02
3.536540507875152173e-02
3.070360853998312448e-02
2.889781603844082322e-02
3.641462265357872652e-02
2.486822707828305334e-02
3.177696229378589032e-02
3.219001143950407651e-02
3.102599997155526534e-02
3.286966845553138117e-02
2.774607214459673399e-02
3.439145272873209841e-02
2.951041850607935557e-02
2.824935949418786590e-02
3.616413824227678736e-02
2.698476000172392308e-02
3.097462159636184612e-02
2.955017799398451661e-02
3.151229967483729077e-02
3.253103915016260922e-02
2.870722608432765832e-02
2.841856536500325658e-02
3.226295217763374551e-02
2.676465030001186352e-02
2.893572882242367861e-02
3.251684765519100018e-02
3.402012136263893316e-02
3.092575348374609900e-02
2.957632741243879093e-02
3.243834324357128263e-02
3.585293391913875471e-02
2.911998095321511812e-02
3.014304791206716058e-02
2.681463886908010824e-02
2.772790146342750048e-02
3.003051187785777190e-02
3.330158082761206645e-02
2.663971614491259660e-02
2.721182558553188191e-02
2.868341363734035199e-02
3.436566599883297823e-02
2.411726913035950812e-02
3.465574271168905124e-02
2.661831980826425900e-02
2.915771606982633241e-02
3.160827829226474373e-02
2.766983779063623278e-02
2.627346057065103185e-02
3.316074075191469822e-02
3.557445645663481065e-02
2.948130158946049573e-02
2.687786101197176328e-02
3.496448867831657148e-02
3.220719999672534001e-02
3.377782067142670597e-02
3.617842639704701990e-02
2.812392467710003036e-02
3.046178604610985663e-02
3.330185271528611490e-02
2.772032029151142232e-02
3.029786857837947489e-02
2.440225250530604628e-02
3.027645727795073155e-02
3.070020390982354866e-02
3.126072798313641460e-02
3.033293177234750240e-02
2.760953822519963616e-02
2.837432024833533642e-02
3.021729053488598701e-02
3.486696232727182904e-02
2.885975132621775019e-02
3.157535047708358300e-02
3.413700650284633153e-02
2.838237244066363352e-02
2.694234577968585009e-02
3.085353874514100425e-02
3.354521637326005057e-02
2.870480679494965062e-02
2.706967218459327418e-02
2.945145448758954010e-02
2.810205916666753609e-02
2.698886502417860433e-02
3.053606609960080043e-02
3.548005051613341981e-02
3.047465773250658885e-02
3.144532433859213022e-02
3.221864199070498258e-02
3.143201500548818694e-02
2.835469978305429559e-02
3.468606059211568754e-02
3.001277011846951656e-02
3.698123422145520311e-02
3.579110861757503481e-02
2.648225896639804303e-02
3.296229599664111942e-02
3.552845141381462402e-02
3.366712168324022952e-02
2.951226102835810550e-02
3.647266891156000779e-02
3.193093646485922060e-02
2.300130542525813393e-02
3.320845016290966539e-02
3.610810177241702279e-02
3.198481794684811252e-02
3.148094720628756560e-02
3.766420199592795948e-02
3.358709191886228435e-02
2.891488143123884316e-02
3.371179434457224205e-02
2.741507031285131402e-02
3.531489182207894761e-02
3.202666334118459135e-02
3.422581454609962409e-02
3.582568028700090779e-02
3.364026267760425459e-02
2.650828426592269013e-02
3.286421801706517626e-02
2.935069197026243804e-02
3.307127327885706070e-02
3.544424873288629096e-02
3.408920013297524199e-02
2.326969040374454734e-02
3.506082011882723226e-02
3.246010278727307768e-02
3.105840608707760575e-02
3.018218236416414513e-02
3.133022390628100590e-02
2.881648518668537828e-02
3.475109725019234763e-02
2.647861197483465656e-02
2.685584115775944969e-02
2.806507918177130606e-02
3.630959392611657344e-02
3.044433902378795853e-02
2.692749242130721213e-02
3.518143577545750078e-02
2.916864342737549715e-02
3.241163559540066741e-02
2.829903433465961321e-02
2.848725390717327804e-02
3.140770856529323529e-02
3.279408691161000977e-02
2.922757466997207357e-02
2.916460954412243220e-02
3.101988118165604699e-02
3.320576185553725246e-02
3.345347811982828795e-02
3.189271395593741565e-02
3.448253097292891534e-02
3.049910528466464460e-02
3.174948919155940602e-02
3.167220128147744951e-02
3.498986728911320648e-02
2.958630801167618993e-02
3.099361232068939542e-02
2.902765883897348576e-02
3.455058831552983850e-02
3.203242453940038925e-02
2.678170873299251173e-02
2.977107336513229452e-02
3.549835812271845414e-02
3.054789738455937487e-02
3.369323677895774694e-02
3.066088248272716074e-02
3.219694160574454456e-02
2.841072213803318147e-02
2.685361702597645686e-02
3.302099963542451388e-02
3.474989831409269758e-02
3.099802108147986512e-02
3.190800080669384253e-02
3.447335823528125537e-02
2.753148684063200929e-02
2.990679737592461668e-02
3.136492260591509235e-02
3.016824253868812672e-02
3.444996065872488189e-02
2.875728347984098793e-02
2.796202270207645557e-02
3.388100229895668614e-02
2.897567241412469727e-02
2.966548821432137689e-02
3.307863864493146289e-02
3.420014267220355952e-02
3.372183234017905873e-02
3.138409806599459784e-02
2.634944527990301655e-02
2.827789028490824627e-02
3.493963584958560686e-02
2.825022878372332458e-02
3.186517954980722100e-02
3.087225794591516581e-02
3.506042757032840768e-02
2.804667371277665480e-02
2.848374680962627303e-02
3.656248051559668477e-02
2.817726194766320691e-02
3.369840633450091327e-02
3.103733641252849271e-02
3.136372398540984707e-02
3.273621788838440572e-02
2.298401865749780115e-02
3.156212354895203409e-02
2.735047830566935539e-02
3.055175942220814123e-02
2.447548377894170901e-02
2.869089287021325818e-02
3.708465612443151427e-02
3.478896045761945000e-02
2.870221313410440539e-02
3.405659577525261411e-02
3.125756049717862833e-02
3.565128721024617836e-02
2.844713593170805632e-02
3.423934120314703344e-02
3.439118796052884064e-02
2.546383917593892168e-02
2.625085334661038036e-02
3.194021206190240936e-02
2.767704675387526805e-02
3.483654014675352517e-02
3.329999799094413709e-02
3.218706660494593391e-02
2.565744135699624118e-02
3.140773107986921664e-02
2.788913741487936138e-02
3.326073140371858111e-02
3.317012234860136632e-02
3.216710181355501852e-02
3.263232661620761588e-02
3.287357048020515121e-02
3.465652067895167582e-02
3.741044130949949115e-02
2.598605613515850288e-02
3.211933732021370752e-02
3.336698444268815233e-02
3.322157529075760868e-02
3.355098710452208977e-02
3.339186000508672508e-02
3.053426376081509394e-02
2.680750866866224436e-02
3.276731714270156304e-02
2.853277785249039300e-02
3.016277473743129989e-02
3.429166648273287987e-02
3.005653043205343614e-02
3.298045274432933466e-02
3.524046888253878906e-02
2.909290550452382079e-02
2.708296758385836389e-02
2.889132461610452798e-02
3.101693587106921224e-02
3.377001676487938198e-02
2.354144668159616205e-02
3.621474176865646655e-02
3.586689933110753792e-02
3.266733934946269846e-02
2.831355440801774925e-02
2.575409935831983119e-02
2.633385190668305689e-02
2.726163138431897046e-02
3.208324628437043968e-02
3.253337202469896994e-02
3.616442098714335585e-02
3.108118957528955076e-02
3.225316701891414728e-02
3.395239472672936798e-02
3.451049177930011480e-02
3.124573209793865894e-02
2.667718811227609219e-02
3.005953616397418274e-02
3.176529236337351236e-02
3.292173312579901173e-02
3.157925425684604548e-02
2.786691243924798583e-02
2.422561814287083407e-02
3.534121016222314948e-02
3.504647936511851025e-02
2.941585813197188093e-02
3.133597218233530324e-02
2.914410163014909821e-02
3.335109257167656605e-02
3.631062285040441429e-02
2.906913829430393670e-02
3.206024381507782683e-02
2.903954292306043170e-02
3.219782150511788649e-02
3.108893758693376252e-02
2.614339767915588308e-02
3.330948431567029577e-02
3.052534272572865470e-02
2.858528221228501254e-02
2.917131258143267764e-02
3.693355226545035064e-02
2.926359133834010445e-02
3.279622678949781905e-02
3.061482245849371162e-02
3.072606723578321167e-02
3.639732321557778705e-02
2.798836438014493111e-02
2.616461805429828869e-02
3.228312092907394126e-02
2.597215862386142299e-02
3.203954218474050486e-02
2.854880482882313220e-02
3.002630813931448858e-02
3.240992297512317044e-02
3.109507416569040616e-02
3.227773122771430969e-02
3.119062973707658476e-02
2.875056657966728463e-02
3.449494299913946627e-02
2.963147640645008227e-02
3.512116503964519965e-02
2.914134624945180843e-02
2.786424685028790135e-02
3.229498772888037689e-02
3.408460913082533156e-02
3.526080864112594165e-02
3.180039029524256433e-02
3.072690364319526773e-02
3.413590121169737812e-02
3.050681994659574722e-02
2.521205840617632421e-02
2.558474361170698375e-02
3.403329451605331679e-02
2.997335289662269101e-02
3.221724200721930859e-02
2.934987218340399939e-02
2.920432424168865199e-02
3.358997513631666043e-02
3.636921364458653438e-02
3.272786017114490131e-02
3.344714064733000924e-02
3.018605147952802686e-02
2.289259713220917480e-02
3.363939381387930777e-02
3.187668007059814290e-02
2.814098682808056917e-02
2.656458420358084535e-02
3.833834762743591057e-02
3.866543805748491602e-02
2.338555870853930088e-02
2.698372137296785322e-02
3.400572734101646455e-02
3.718355368260403693e-02
2.203543403824878219e-02
3.462909778444421549e-02
3.371667575828368735e-02
3.273319072672285779e-02
3.215646384868023344e-02
3.622212851356507168e-02
3.395022206002445975e-02
3.284277361169145315e-02
2.992255943177515864e-02
3.736903422167953126e-02
3.303150406601590428e-02
3.299222892991045958e-02
3.689228052946420811e-02
3.305385408132020114e-02
3.383491764683357883e-02
3.419243731939655695e-02
2.839422581849756350e-02
2.800822999163813526e-02
2.624524101240915605e-02
3.369258056827634240e-02
3.306263118254339217e-02
3.189690894648265773e-02
3.073089789645574652e-02
3.201120453713220126e-02
3.083591389515486988e-02
3.259049615128883914e-02
3.098308784183051445e-02
2.562555687842238417e-02
2.536631652911206306e-02
2.768076501351024107e-02
3.390041282713629478e-02
3.257049658771224432e-02
3.161199664146553678e-02
2.888042521318514091e-02
3.425399535375583948e-02
3.495792488662881337e-02
2.881688573741111870e-02
2.988776966064422835e-02
2.921822188366796080e-02
3.481531134625845403e-02
3.166358585160775063e-02
3.311703781658142248e-02
3.274798964238229138e-02
3.166625887169334519e-02
3.431913614991103506e-02
2.814229036192983369e-02
2.625472474773596354e-02
2.633879874119460923e-02
3.708133078456024578e-02
3.386889450542816815e-02
3.146254682420605159e-02
3.004456562542115461e-02
2.473723911083412080e-02
2.603634236215892836e-02
3.363697448715775168e-02
3.343918136620788184e-02
2.617848593592657716e-02
2.856790330009968334e-02
2.058290877171181643e-02
2.926266202281802009e-02
2.803861743418660513e-02
3.377159299195467423e-02
3.369035987587357117e-02
3.044290175568302448e-02
3.618819420027172967e-02
2.600507679572818323e-02
2.638283054241225695e-02
2.929359035917901422e-02
3.150627201591701954e-02
3.259075463416541418e-02
3.448659972734309520e-02
2.593830994288023883e-02
3.279761761241115070e-02
2.765702466058733711e-02
3.197605762731839385e-02
2.497121154848846308e-02
3.543560180081468947e-02
3.420062732026649122e-02
2.866196533408010838e-02
3.424808623245927802e-02
3.232745325261234676e-02
2.990314143528507648e-02
3.228831927320154060e-02
3.125490003174219433e-02
2.927273995992991928e-02
3.044768237367882768e-02
2.869007478399697789e-02
3.444964137255766834e-02
3.638038674599076983e-02
3.484548111351659649e-02
3.443486913365046559e-02
2.990533982600355328e-02
3.072903415605618416e-02
2.700071455956550362e-02
3.313784397948790761e-02
3.064347329170505341e-02
3.509030356878181656e-02
3.498284296314340541e-02
2.938691332805621129e-02
3.150475599576046948e-02
2.826985272510010305e-02
3.168120760974277306e-02
2.989042747238811887e-02
3.038553225036969008e-02
3.191858119369371527e-02
2.287508333672137392e-02
3.096131338888657991e-02
3.592189722769906224e-02
3.516048243107804117e-02
3.048795435700645332e-02
3.280014542081950701e-02
2.482792235153413740e-02
3.741700562775209654e-02
3.189312585977684827e-02
2.352077670102776033e-02
3.546296451508677144e-02
3.315312196170872028e-02
3.190478847025735032e-02
3.565699689189283372e-02
2.993581192661526336e-02
3.316398477914221654e-02
2.665985898040117152e-02
3.174043864004732346e-02
3.295573897949235359e-02
3.414304153568451655e-02
3.106515784186926823e-02
2.881917153387513961e-02
3.437977996419493837e-02
2.973723174417773271e-02
2.837320567927885395e-02
2.810999148658329533e-02
3.048418945067981473e-02
3.052612040687305642e-02
3.040468796332365664e-02
3.173876026997186905e-02
3.091292406399815534e-02
3.335142214588476817e-02
3.311265832489881239e-02
2.858021645635111518e-02
2.992936045689746638e-02
3.175965407722159545e-02
2.781024007651535651e-02
2.257500884529059504e-02
2.252935907695711309e-02
2.050795853040806790e-02
3.576072517304713927e-02
3.348232094628011968e-02
3.155705697046252284e-02
3.521990219068058675e-02
3.118381056202784718e-02
3.604495402354453842e-02
3.281903999168735153e-02
3.512268320567665802e-02
2.999555559188053430e-02
3.030739349936549185e-02
3.176507547378312757e-02
3.226925872636216691e-02
3.695316838464561549e-02
3.547096787113790395e-02
2.973665163274700346e-02
3.308339892040261521e-02
2.894594916438120169e-02
3.235590562642863544e-02
3.446780239149740965e-02
2.005896117137110496e-02
2.863764225842788808e-02
3.330755085493850021e-02
2.837817959484157174e-02
3.063740609807042575e-02
3.228602775908850919e-02
2.161621002138656641e-02
3.303516754263452482e-02
2.897201124156862859e-02
3.398832033833575766e-02
2.893419307971930449e-02
2.586340632890470753e-02
3.294485535581492819e-02
3.682767013170565318e-02
2.953284346556889900e-02
2.931980299102787679e-02
3.046706472158187962e-02
3.335221699061576700e-02
3.143501236237739027e-02
3.363641547587703506e-02
3.203239418377432784e-02
3.337941697258650642e-02
2.908758053563556545e-02
3.466056323392063820e-02
3.643283117676226340e-02
3.203903933642620466e-02
2.681425230166251117e-02
2.907678348814633426e-02
2.823192237606648655e-02
3.010213495746394408e-02
2.893461172902068307e-02
2.987865539125088288e-02
3.142646095961641045e-02
2.467228259276713423e-02
3.291860567386791642e-02
3.341521248062390148e-02
3.011019430535676403e-02
3.434692415715528274e-02
3.452501863614281657e-02
2.999626511061515358e-02
3.681217873477123093e-02
3.355584649895215765e-02
3.323444917999775899e-02
3.345600294643601147e-02
3.637453375321524074e-02
3.260435190728874777e-02
2.977536649983680145e-02
3.186413448443084495e-02
2.563258091685099993e-02
2.969459668648205888e-02
3.280583088781725137e-02
3.165481958962473863e-02
3.520613007776413755e-02
3.556955058335060232e-02
