2.620711747554057558e-01
2.048326833696653693e-01
2.614231071282742125e-01
2.961614845686210695e-01
2.875254680151552167e-01
2.201194593790789522e-01
3.319052740385823319e-01
3.528438853782213114e-01
2.709536311549912146e-01
3.599198753883613433e-01
2.406468763364248142e-01
3.477976044378079945e-01
2.998915388236523816e-01
2.183430284508960650e-01
2.963072386493471599e-01
3.094182063468926547e-01
2.412308603561728881e-01
2.009731504649152622e-01
2.661649169088051714e-01
3.495982323658214930e-01
3.148407112122967311e-01
2.771489587784571884e-01
2.271069832781002218e-01
2.049468499860287451e-01
3.264364731315492762e-01
2.239068978580606439e-01
2.871950282419065692e-01
2.942719290154633960e-01
3.279516103800076410e-01
2.931514965051242316e-01
3.016033962572868266e-01
3.384426698619167340e-01
2.103963003756744443e-01
1.962203284728094577e-01
2.675703379732198850e-01
2.835628687043099672e-01
2.656709372757350973e-01
2.989622319294293340e-01
2.565023575529708499e-01
3.228024690201738434e-01
3.064516633799835299e-01
2.699258657928926830e-01
3.188730135119133280e-01
3.054222051830032258e-01
3.106032295255809483e-01
2.898801355739435426e-01
3.218420069682359497e-01
3.804311742378559402e-01
2.819839997321434977e-01
3.611794067352194215e-01
2.785867643575024033e-01
2.762035520715581116e-01
3.453055860116197584e-01
3.388225445887753096e-01
2.653827898780531380e-01
3.025314961487045040e-01
3.441611577555442336e-01
2.210422928820623412e-01
2.829093468619251484e-01
2.995212474317153761e-01
2.187857486542698071e-01
3.106622836489960071e-01
3.076458278394474943e-01
3.128821053682129261e-01
2.424992461329524840e-01
2.314948670068167347e-01
2.450192269365333020e-01
3.239993190669238632e-01
2.329673086556889317e-01
2.132327155746110148e-01
2.378552572476653748e-01
2.944777504164600712e-01
2.620127673853795414e-01
2.510393205775376391e-01
2.691999585780190940e-01
2.950972145976151206e-01
2.740762961065059677e-01
2.428172995024200365e-01
3.083485125210851940e-01
2.758262870233387787e-01
1.889346734758509117e-01
2.541540444272025190e-01
3.380985294551750453e-01
2.860188395126123106e-01
2.566364787598657271e-01
2.903458601394644512e-01
2.740088154082678806e-01
2.636719216489465945e-01
2.621270297656004833e-01
3.146502678026366073e-01
2.617499315085414224e-01
2.400475712953419605e-01
2.842957462639489341e-01
3.606016679202594388e-01
3.331841189546463355e-01
3.629613126470436768e-01
2.964169793075161485e-01
2.779311983068398773e-01
2.899558474608503467e-01
3.148612714685675718e-01
3.323565843115522389e-01
2.496853131119498304e-01
2.913220037001245655e-01
2.455271535189297027e-01
3.148781467995996342e-01
2.535590115491218044e-01
2.478003622048638444e-01
2.651654113769881249e-01
2.011620448964935859e-01
2.951412058792721727e-01
3.032069654684564353e-01
2.751334910275414769e-01
2.231935455583237693e-01
2.744634227667140935e-01
3.182260097244065111e-01
2.265630651246003380e-01
3.324420511557077962e-01
2.885176386182249919e-01
3.097399983715745653e-01
3.418036136942920744e-01
2.777562063699475781e-01
2.562661182620735723e-01
2.244178739047123783e-01
2.907116184546965632e-01
3.180832056905893435e-01
2.923797687817281110e-01
3.428208586851451134e-01
2.790730283093753039e-01
2.392062084233972652e-01
2.911688980933741511e-01
3.286969191391757028e-01
2.801848485733801075e-01
2.306279262123348550e-01
2.671688610796936203e-01
2.470077795474029114e-01
2.938835761992550366e-01
3.219755348403190998e-01
3.049099376781633230e-01
2.876283079324229996e-01
3.261313383464158333e-01
2.612351039816476761e-01
2.791222406070477113e-01
2.921843899265687550e-01
2.223397513316214269e-01
3.293405411421406748e-01
3.706725539592938823e-01
2.199058908999760309e-01
2.794427852261648360e-01
2.637190907985715316e-01
3.098945619389124051e-01
2.614586067923806434e-01
3.126111268980848457e-01
3.418647889935114148e-01
2.662262188011914055e-01
3.170602053505332529e-01
2.702966977087076783e-01
3.464441010215559835e-01
3.163938924152971399e-01
2.042164944202150556e-01
2.496278346969884043e-01
2.435453388302421807e-01
3.548349860594450789e-01
2.130410797134260348e-01
3.281838772743079780e-01
2.621757200266604526e-01
2.767227736453557463e-01
2.808350804321317340e-01
2.085629562915131407e-01
3.488338927657040900e-01
1.942841621446657896e-01
2.559232300021513362e-01
2.782457653503192518e-01
2.299308499783550008e-01
2.937488730525702474e-01
2.757498492431278980e-01
3.017813359197385470e-01
2.576639161352662355e-01
2.405477203375155359e-01
3.344303436179593136e-01
2.932117890597434884e-01
3.171453886576343084e-01
3.401607419721757175e-01
3.239578518128086171e-01
2.812448869011221486e-01
2.961973372499719370e-01
2.926386596643881788e-01
2.956208457786704824e-01
2.283434553725161298e-01
2.579772108838550571e-01
2.954149780610381137e-01
2.978118438479409047e-01
3.218775031073032866e-01
2.555415881462171912e-01
2.662519490535029121e-01
2.887451275748742496e-01
2.974525196156366236e-01
3.378312481173395554e-01
2.617082032567297767e-01
2.175405267822266842e-01
2.737563369490902954e-01
2.719809899648688578e-01
3.048046988132007140e-01
3.011248473174746310e-01
2.582357684198570702e-01
2.760947404184850296e-01
2.934447187010664759e-01
2.340094349996721390e-01
2.772944499817290298e-01
2.531042584836814546e-01
2.422820110685157957e-01
3.301862994827536313e-01
2.921861778108779117e-01
2.747038248466084909e-01
3.050079483469863573e-01
3.097738356261520165e-01
3.212482790957619239e-01
2.614424550921751744e-01
2.467930523028815937e-01
3.290589685227706118e-01
2.975683275773367553e-01
2.879052229718832567e-01
2.728697773382347536e-01
2.498613224950718692e-01
2.533309359412558859e-01
2.718703720151419145e-01
3.327022340325428984e-01
3.096841791102067365e-01
2.596932110472355837e-01
2.604304283519128793e-01
3.325952347523520869e-01
3.193485050408630399e-01
2.927376139241373298e-01
2.973476685193948144e-01
3.202647970573552216e-01
2.914375855913018398e-01
3.113869974252823081e-01
2.750981796368806576e-01
2.773818780567056663e-01
3.073794292966081643e-01
2.754760969183887576e-01
2.838885322007514977e-01
2.046877446826710634e-01
2.822856425593698870e-01
2.776915165402695229e-01
2.481399409834354197e-01
2.899718949775135224e-01
2.109294062986671048e-01
2.761936307797595025e-01
3.067743409937085941e-01
2.878947458016973826e-01
2.250332469429493498e-01
3.636030059069590425e-01
2.509034131780379373e-01
2.370454103283812786e-01
2.764955602264985712e-01
2.920049066230974155e-01
3.316116300501620873e-01
3.143547668129312855e-01
3.034156733288017049e-01
3.310265848249664411e-01
2.620050059477389559e-01
3.221055985525693721e-01
2.648120899432356845e-01
2.600965772508025964e-01
2.672438742101641562e-01
2.630856857057905507e-01
2.844601357171428480e-01
2.691939624567557532e-01
3.307534228623273953e-01
3.262870652798619542e-01
2.654938602268048786e-01
2.606977339898168267e-01
2.510921505626623196e-01
3.342509684724979113e-01
2.497804121355196305e-01
2.752159928693727053e-01
2.608776122307231993e-01
3.407660748077792068e-01
3.037900968424603332e-01
3.126312609089461625e-01
2.343185147572416915e-01
3.064599071311615019e-01
2.753740587829099917e-01
2.249205262949718620e-01
2.578606358519004993e-01
2.507996577889839984e-01
2.457075789983205749e-01
3.078739446784900524e-01
2.396392128405591959e-01
2.716716661172845493e-01
3.168151918944285272e-01
2.760471181275159225e-01
2.844083133825153209e-01
2.474810960281999539e-01
3.839389384713962627e-01
1.737219538244795247e-01
2.634543269566954615e-01
3.121955343140081496e-01
2.242707292273540820e-01
3.436692677481510971e-01
3.084889559199746056e-01
2.787155379275872980e-01
3.471069064150190675e-01
3.198743902002050832e-01
2.368081227965509461e-01
2.945051808744244548e-01
2.726287280565340976e-01
2.424622189764515934e-01
2.476436133701919451e-01
2.556088335179536042e-01
2.524015365267689992e-01
3.024068125950232222e-01
2.316235186206163088e-01
2.515094061210575438e-01
2.737946793562238690e-01
2.933464077621721899e-01
3.197360239556570893e-01
3.457242270830291342e-01
3.197823026022836301e-01
3.389871330555686013e-01
2.537856447403923354e-01
2.699402949093305248e-01
2.757017682170374018e-01
3.064224664971622047e-01
3.140715657171695985e-01
2.780388057751025932e-01
2.981993670554967668e-01
3.003100834158467514e-01
3.403540677350556098e-01
2.515438981226388870e-01
2.168380838804646049e-01
2.848962510924009095e-01
2.794270870684710806e-01
3.136474526783605277e-01
2.498755966372113724e-01
3.492303398488705302e-01
3.089948453680133045e-01
3.070737338504833658e-01
2.668060497558256694e-01
2.728742532249696651e-01
3.063944242320036926e-01
3.597248455905845965e-01
3.009213446853572504e-01
2.659427442941081354e-01
2.833714707608304684e-01
3.163277274593851440e-01
2.593422545719481498e-01
1.990205252065879726e-01
2.988580213298711041e-01
2.959781955018734867e-01
2.896151611775317214e-01
2.373024743901608336e-01
3.065446549664485598e-01
3.067189228482859464e-01
2.801761117364974241e-01
2.945028496860991329e-01
2.503319682657890177e-01
2.609806375048160376e-01
2.887661710023048389e-01
3.031612101134129045e-01
2.977001616661232863e-01
3.082017239342307313e-01
2.723405776896147823e-01
2.557923208374118240e-01
3.053437767577995010e-01
2.206754710194556435e-01
3.021539187424114314e-01
2.969304982261130599e-01
3.686375823383780670e-01
2.615841535832382769e-01
2.817756997580386225e-01
2.953722787185303900e-01
3.523316912392527867e-01
3.086790541238784158e-01
2.846079590378698954e-01
3.313538383353092365e-01
3.182099602437868935e-01
2.801551165871194460e-01
2.411311992780522107e-01
2.337943895231803793e-01
2.864745034812297142e-01
2.793619264087837117e-01
2.510257719881347493e-01
3.326813345182624837e-01
2.568785052862496143e-01
2.692268035920434843e-01
3.302064519218105842e-01
2.831368197622836647e-01
2.060046319428286976e-01
2.843309205019296515e-01
2.839113524181644532e-01
3.280635553446422659e-01
2.846106674860895969e-01
2.886961191811975858e-01
3.004780637887053407e-01
2.859607405206194830e-01
2.262616165549527492e-01
2.692588956774729092e-01
2.258812893017704826e-01
2.573685219212023534e-01
3.326871301029684092e-01
2.064331820416138441e-01
3.182004271163889064e-01
2.387018141507869506e-01
2.304720572479100893e-01
2.422395317526054304e-01
2.450695445866075683e-01
2.638864259198795970e-01
2.718994037330479951e-01
2.696574920297801770e-01
2.524964739792745494e-01
2.626743634089928614e-01
2.924788406215497738e-01
2.823668650977006478e-01
3.099272226182381851e-01
2.557597030329581966e-01
2.620312880757809104e-01
3.156105480360407167e-01
3.155068090673038284e-01
3.074103725069303739e-01
2.960776890800361216e-01
3.150093862352310037e-01
3.059060957432956918e-01
2.195464666530371201e-01
2.874193457831093479e-01
2.636279058058739744e-01
2.687346168138124991e-01
2.414739993599139545e-01
3.004559383136202744e-01
3.086306435061318409e-01
2.352912549968217415e-01
3.215230893622779140e-01
2.999343352589821654e-01
2.020389193791396754e-01
2.414989320113424265e-01
2.331802182836548165e-01
2.708894825726427813e-01
2.607266962563774548e-01
2.960051845099490042e-01
2.757279232273619485e-01
2.459549070178222996e-01
3.075940772982442284e-01
2.521956912940234163e-01
2.433600237462391069e-01
3.506258647977272269e-01
2.844618321945865391e-01
2.338752753616608060e-01
2.502171769291560710e-01
1.960599612164331262e-01
3.182329661272944588e-01
3.042254556597502324e-01
2.710461293240767344e-01
2.392233205057107404e-01
2.942613952086499118e-01
2.226988766863022273e-01
3.438102469757903235e-01
2.763608664244958102e-01
2.955328515074024387e-01
2.731121720053330537e-01
3.525062817288342476e-01
2.943295758931971928e-01
2.991226770496571707e-01
3.000011464845042108e-01
3.430102119721540332e-01
2.559387105101563753e-01
2.404541974032884388e-01
2.683337763153705868e-01
2.718892666725483132e-01
2.404599860121394150e-01
2.152692808208822306e-01
2.886847899382792848e-01
3.077832481617830962e-01
2.778209874896617193e-01
2.998199371221771936e-01
2.725153687947629577e-01
3.741299438761624407e-01
3.124927939284123379e-01
2.786617218323441669e-01
3.044299028490358716e-01
2.995666167285909176e-01
3.078789044841394040e-01
2.074798809757987528e-01
2.199786450280180883e-01
2.718311332166439276e-01
3.244362820338828612e-01
3.532187845218619504e-01
2.985921184850394705e-01
2.551919888504738942e-01
3.479161486097183120e-01
2.550235432492346521e-01
2.707795715711616702e-01
2.729548265433806020e-01
2.260569797291932526e-01
2.578179041286651763e-01
2.598449880074397700e-01
3.258205497001171458e-01
2.649010600074674926e-01
2.941979675235170122e-01
3.498409157441378925e-01
3.096755811799764002e-01
2.654884367206019058e-01
2.621420721214760552e-01
2.274577787413939733e-01
2.778775148298083808e-01
2.906204944047322547e-01
2.282688719888993079e-01
3.610746244693749940e-01
2.766355952024056042e-01
2.315149142620326894e-01
1.562963813948387570e-01
1.910402904465578477e-01
2.815049528936477974e-01
2.822224021648168102e-01
2.538869859369337623e-01
2.808104486462950078e-01
2.337683814574227359e-01
2.605986282652030805e-01
2.688318177104081497e-01
3.127737722609331694e-01
2.832310540275664312e-01
2.734918551333506698e-01
3.576196259266515298e-01
3.073761421932017512e-01
3.213459012950818927e-01
2.783020347861394628e-01
2.861168951719050835e-01
2.833801059506523834e-01
3.483200097973224163e-01
2.948734787645226896e-01
3.024515831813067157e-01
2.745077040006568270e-01
3.029275081721923280e-01
3.131624970636911476e-01
2.842702176529859903e-01
3.062681380077811877e-01
2.747697472070547153e-01
2.579449323280048612e-01
2.705695488082366928e-01
2.734084946591168186e-01
2.785144818978029235e-01
3.067318490846340784e-01
2.840428241091648154e-01
3.122180156696028885e-01
2.415282025295895640e-01
2.028292948925990991e-01
3.105125100850760211e-01
2.783576431686651254e-01
2.649627697227108780e-01
2.823560017853581350e-01
3.427207308188809365e-01
2.486028480391162532e-01
2.848714173181370879e-01
2.750638587947881741e-01
3.199970480727654110e-01
2.576479411744263537e-01
2.961540844294837105e-01
2.619047816562518061e-01
3.167663993876944084e-01
2.044632867832792134e-01
3.452364724352233183e-01
3.415869621764243136e-01
3.391126895686402132e-01
2.885413127016919210e-01
3.006573136864703621e-01
3.677216302216552157e-01
2.808365351663894005e-01
3.108312799655956749e-01
3.082220060313635157e-01
2.778157057417441345e-01
2.489367066076364765e-01
2.700539621758506481e-01
2.534720229284365134e-01
3.189744273346845072e-01
3.341084997956502711e-01
3.206578378918014116e-01
2.494575300271798524e-01
2.552831646185942938e-01
2.758913432614604200e-01
3.199761690942098946e-01
2.465349330231039193e-01
2.951766384273225574e-01
3.123183576844565934e-01
3.934113373727624041e-01
3.261746307588171412e-01
3.211924565613587523e-01
2.926928013391030259e-01
3.104698131804173866e-01
2.432679070665993426e-01
2.419026470689751296e-01
2.779530886905065556e-01
2.422163020381240262e-01
3.184645154204430173e-01
3.178015566476364850e-01
2.856116544482032449e-01
2.913962986416105960e-01
2.675989694409315334e-01
3.135345339032448719e-01
2.825701347978947786e-01
2.001900776726964482e-01
3.055867625363597462e-01
2.171731743098445910e-01
2.821682234809345657e-01
2.627689988505000351e-01
3.846788241719769630e-01
2.002045309680609009e-01
3.092209335722248542e-01
2.110717103873188671e-01
2.481323685658739508e-01
2.743049196446831206e-01
2.892739706293129265e-01
2.885900912067357882e-01
2.534220801668765621e-01
3.380747589587295154e-01
3.234776184997875115e-01
2.292224103470272556e-01
3.228392474579208637e-01
2.726798882110293976e-01
2.412195768102057269e-01
2.823991777997749697e-01
1.765278377164675450e-01
2.351019699750488134e-01
2.864512707029205907e-01
3.182430052987561542e-01
2.350630314814375343e-01
2.672090002305775314e-01
3.208518796932455786e-01
3.051708997235195175e-01
3.099088711986244249e-01
2.624871853292833346e-01
2.414268537494720090e-01
2.742211728583813235e-01
2.949642460324974902e-01
2.552908361630737422e-01
2.450806600031438243e-01
2.791982525085593414e-01
2.387557119297982755e-01
3.322312924651962263e-01
3.143168566361227434e-01
3.181245344214287951e-01
2.509560314106881740e-01
3.016781615983940013e-01
2.703738537809459164e-01
2.687396615363792929e-01
2.552033649182182118e-01
3.273402599660362178e-01
2.846241968144664902e-01
2.893646632011231401e-01
3.005543367681405287e-01
3.150711949545499380e-01
2.730204198338495036e-01
3.163192140970434996e-01
2.471525088612196441e-01
2.903354871308356233e-01
2.604572080006413159e-01
3.678646841808934087e-01
2.567642085409252983e-01
3.640935967144486307e-01
3.178514260333935582e-01
2.706751904409474552e-01
2.820092320160983990e-01
3.100613561815631636e-01
2.931675141590028844e-01
2.878396883760717118e-01
2.743190349983915532e-01
2.852408769989101534e-01
2.251270017016389069e-01
2.999351187250956507e-01
2.846593938659404688e-01
3.338502759624190630e-01
2.966719098630227203e-01
2.338262443976330540e-01
3.116571101670587707e-01
2.578065379181005978e-01
2.814355506976615184e-01
3.137091316036952349e-01
2.358435254537320502e-01
2.500336878335433499e-01
2.995311804486378571e-01
3.097340266143250309e-01
2.591677879687480646e-01
2.963470510670698777e-01
2.690108822658314747e-01
3.182638751714332304e-01
2.909166049956974920e-01
2.514934289986801574e-01
3.401985878664737784e-01
3.055345128398667676e-01
2.608800137312705103e-01
3.548750460848930088e-01
2.687110552575711631e-01
2.375026994257748991e-01
2.860023267448412176e-01
2.745605925587487617e-01
2.313494689109115710e-01
3.011739868825968891e-01
2.394725657904415439e-01
2.644425678078727304e-01
2.763979989401312287e-01
1.870857340008341418e-01
2.740767530073275893e-01
2.302534359754525028e-01
3.267528520274133874e-01
2.248733369459510745e-01
2.280438790781577629e-01
2.919564889868509483e-01
3.077255807683034750e-01
3.160354861299455864e-01
3.333285287282117260e-01
2.900839585786152974e-01
3.017453709845804855e-01
2.925535452733510899e-01
2.761718826462850052e-01
2.795845661139542693e-01
2.543439277791582076e-01
2.951006932794795201e-01
2.497403329359850765e-01
3.266411764628799896e-01
2.510956136706488651e-01
2.836164729513689919e-01
3.388841722929853417e-01
2.644164825357395721e-01
3.392804054455589302e-01
2.784576376318317337e-01
2.641156163298468695e-01
2.444903524763277491e-01
2.636090116800348104e-01
3.171546157146310496e-01
2.302845903744668854e-01
2.977294182476492024e-01
3.650485646100337100e-01
2.981713458672144434e-01
2.624737726252140968e-01
2.451803759013997941e-01
2.821850019335016557e-01
3.297529606947505743e-01
2.670390980577729834e-01
2.612708218379544700e-01
3.055747639685130190e-01
2.535849956398112948e-01
2.927397004907205669e-01
3.036324067842577912e-01
2.414586227799534746e-01
2.811920543741153744e-01
2.485516138285088494e-01
3.302319623405056692e-01
3.065722818431118046e-01
2.561194558272819055e-01
3.037446673595158297e-01
3.233187372981351504e-01
3.250173375051506053e-01
2.385343607249321984e-01
3.394107508013399777e-01
3.174760425747406023e-01
3.010193512111845604e-01
2.143598362958663572e-01
2.635816126497951828e-01
2.313405382665560395e-01
2.179161394695126597e-01
2.573192344621365035e-01
2.838742110783303851e-01
2.797220085950744561e-01
2.761431413366318144e-01
2.359513747627288160e-01
1.963936760225487299e-01
2.750759690310232708e-01
2.170192405090290433e-01
3.339702710619815162e-01
3.117057232676934686e-01
3.182150455306627101e-01
2.779502558644745269e-01
3.264165434450754244e-01
3.354915187908605323e-01
2.435646127630008706e-01
2.907722376241727025e-01
3.494577955380178125e-01
2.856449610622590063e-01
3.152567070176366948e-01
2.946539274720504364e-01
2.826875197302458620e-01
2.669348375589842282e-01
3.342285271974311245e-01
2.529928902782780931e-01
3.162727176468906887e-01
3.257377598405400976e-01
2.954875361108385556e-01
3.094599639725904017e-01
3.002638316525659823e-01
2.513827295129713035e-01
3.490448726590247852e-01
3.204183292933950877e-01
2.858264247008123204e-01
2.586637334954842715e-01
2.450055661752778557e-01
3.937743699260250474e-01
2.468614205155156838e-01
2.441022593607444224e-01
2.764541310955541675e-01
1.586935898715600424e-01
3.064259569235089353e-01
2.895935056486063641e-01
2.966206421630098178e-01
2.743806224274182859e-01
3.123775351455130855e-01
3.184267443008155785e-01
2.840604771452368560e-01
2.163900499462410032e-01
3.231705318406378202e-01
2.873269930142449691e-01
2.534292625693653767e-01
2.599812078852966057e-01
2.476864998954423358e-01
2.845926898599258625e-01
2.744454676581111197e-01
2.596998335986143158e-01
2.320876844056368182e-01
2.949884023364521823e-01
2.967784491112253620e-01
2.306832020093528002e-01
2.616950739643852941e-01
2.452949562551566820e-01
2.377955179347148451e-01
2.711165838638129322e-01
2.949668837157467527e-01
2.943394458854606821e-01
2.930850355786679962e-01
3.034240604492051130e-01
3.470404108311261338e-01
3.253731243710446530e-01
2.775513951325025985e-01
2.518797194732765865e-01
2.538101964277846290e-01
2.548850782252376490e-01
3.461012461941440077e-01
2.621692680362467387e-01
2.349519297409513596e-01
3.207613277608653002e-01
2.594298838968968068e-01
2.521837166188661827e-01
2.235717445010378945e-01
2.542499779426804496e-01
2.415731456003694100e-01
3.377005478968169161e-01
2.113144028080521653e-01
3.405902954283014372e-01
3.008623347432719530e-01
2.111485293319565193e-01
2.176219699751670011e-01
3.020812773949630436e-01
3.345430899621853471e-01
2.643744143169533545e-01
2.610447585274434101e-01
2.563271417075541070e-01
3.206032016040684107e-01
3.255260251726858067e-01
2.645369419305432790e-01
2.096932284496722532e-01
3.396057220209185434e-01
2.134096193104970118e-01
2.498608396186162151e-01
2.754107060018604614e-01
3.010389603230395061e-01
2.589173614254548506e-01
2.246879238384635324e-01
2.797713044029608853e-01
3.426679496838219152e-01
2.743987952297158861e-01
2.209759427934259168e-01
2.539691463719188080e-01
2.713934997587958975e-01
2.209615330994748605e-01
2.428896234592749503e-01
3.455389949907565761e-01
3.524140092717514827e-01
3.003347727414329427e-01
2.790197979233186576e-01
3.400923167463435481e-01
3.070212618212265765e-01
2.149968386396921560e-01
2.361472919444393415e-01
2.921929831916864062e-01
2.469955878966995644e-01
2.496982963238933984e-01
2.313333284159238834e-01
2.876264294050738246e-01
2.833058165991338972e-01
2.926717893889524413e-01
2.950700611599980649e-01
2.280894665405037713e-01
2.516417081654757082e-01
2.843902057989016741e-01
2.964764533492441068e-01
2.909796179389321780e-01
2.286777139174851481e-01
2.779064919129266009e-01
3.092760147722685704e-01
2.861132078797802292e-01
2.954677915075625827e-01
3.068268563288681916e-01
2.915923852394697868e-01
2.240640254308484125e-01
2.858105918370041909e-01
2.982803943666187396e-01
3.285599590651128166e-01
2.644450343406450354e-01
2.618158170448616207e-01
2.914422443983398225e-01
3.032034045979091763e-01
2.780460220776104219e-01
2.594801907676475561e-01
2.191412028980250504e-01
2.517745403864318221e-01
2.660596641710478716e-01
2.879422589802294596e-01
2.869599028440296129e-01
3.044787347412284406e-01
2.661509969697954392e-01
2.785600384219010239e-01
2.312901070157472594e-01
2.804268596357823440e-01
3.077381579114076282e-01
2.682022618839910999e-01
2.765811776202640737e-01
2.639090640487023465e-01
3.520438680876871729e-01
3.143182453576262025e-01
2.909363713185204592e-01
2.651308488577816536e-01
2.860659751060253830e-01
2.726442229844128207e-01
2.969044350848928371e-01
2.507365672443295224e-01
2.421727827462275551e-01
3.628043067501169894e-01
2.860236122509624002e-01
2.857828280065495274e-01
2.651066455278664469e-01
2.710136801830789199e-01
2.746754838936170673e-01
3.042301201500388075e-01
3.247420027737683013e-01
2.601496005895623242e-01
3.407891136206807059e-01
2.421947187875557739e-01
2.475179859068881438e-01
3.218881016734978506e-01
2.244661784692235096e-01
2.865317565291517488e-01
2.753868988384771677e-01
2.733882969166369081e-01
2.738609090715424244e-01
3.090604348099955656e-01
2.768056439513710276e-01
2.803700080062146438e-01
2.503436994979910679e-01
2.577798579785897104e-01
3.406663949120933288e-01
2.576525354010531510e-01
2.169451541669746297e-01
3.030158597137436738e-01
2.736312833171667958e-01
3.090491627147694542e-01
2.402786924386922374e-01
2.739254328397098259e-01
3.001845276939730800e-01
2.964285346157979895e-01
3.584917739403212789e-01
2.893246212000103457e-01
2.183534118254032708e-01
2.236773328771434199e-01
3.212551485823580966e-01
2.903043699555230006e-01
2.912632056427407190e-01
3.279047532124059749e-01
3.032766315057757178e-01
2.796346543170920573e-01
3.133800361144950530e-01
2.909857395177624095e-01
3.476040182371034626e-01
2.577938482134587428e-01
3.203117910171460747e-01
2.860183520856413031e-01
2.835213909908739227e-01
2.530951398233206029e-01
3.116325583707099667e-01
2.594831608010177981e-01
3.000059457486170533e-01
3.051479300802809047e-01
2.955300775928976220e-01
3.075553741454306045e-01
3.580613908116039301e-01
2.418491417689264122e-01
3.260140626247530204e-01
2.454767227456166045e-01
2.672635346538235757e-01
3.326341120309407873e-01
2.380032076971343169e-01
2.944796606749249812e-01
3.108527374687807820e-01
3.387300475440411796e-01
3.114229046784726673e-01
2.694923165094002537e-01
3.064821247792099412e-01
2.485901924984148803e-01
3.263235068850903753e-01
2.519791109648732985e-01
2.241266161372473253e-01
3.401698172583165203e-01
2.421729022359238315e-01
2.676716951533259503e-01
3.183032696054991506e-01
3.091367244047850127e-01
2.980861878669667231e-01
2.577453755752579512e-01
2.576874134250649595e-01
2.273009812898514059e-01
3.015921749617783143e-01
2.310573181154831901e-01
2.974482057524668321e-01
2.601022039131407060e-01
2.652137471428280824e-01
3.186579727774149218e-01
2.170474317043595003e-01
1.913493991423037277e-01
3.239008396780418964e-01
3.242484447895344624e-01
2.919564414327253665e-01
2.811728517768179447e-01
2.837455642976433046e-01
2.866865041665360159e-01
2.982367198351624227e-01
3.352983180109710415e-01
2.676739423669649565e-01
3.296963730686219285e-01
2.579320853885463949e-01
2.377626029789857431e-01
2.911249713761959179e-01
2.628970761312280913e-01
2.822551472146260232e-01
2.703637071949789306e-01
2.735313587523554024e-01
2.901004743092336913e-01
3.261553013942539159e-01
3.075587475573889340e-01
3.458841086419642830e-01
2.865463093870622702e-01
2.531827062096442815e-01
2.712201827796270059e-01
2.793439213879530536e-01
3.242876642032969658e-01
2.644268106515248462e-01
2.468727707450527054e-01
2.369043745219815700e-01
2.537509286878831816e-01
2.596958769219935848e-01
2.848835250064621905e-01
3.211682794386671036e-01
2.179074209487348590e-01
2.392563582282496437e-01
2.562555901274115033e-01
2.950734517776522070e-01
2.692015048002869837e-01
3.133243518447553777e-01
3.001858234169577644e-01
2.143416092081666946e-01
2.168707853615677028e-01
3.366466723261917204e-01
2.274290198414796182e-01
2.961960235574383482e-01
2.954955255371529699e-01
2.491408751637485264e-01
3.104637002397099277e-01
2.858105341549966871e-01
3.026055096848343506e-01
2.745852416552626019e-01
2.640373586434947017e-01
2.629589796018905190e-01
2.392398729802469592e-01
2.895297063586112496e-01
2.495432639781094142e-01
2.345371170917589509e-01
2.730163494833679483e-01
2.292209924049579406e-01
2.630338711407657626e-01
2.651300872380605300e-01
3.133227763902978746e-01
2.012456744189700664e-01
3.015218501126970541e-01
2.778697176164624527e-01
2.726652067221710385e-01
2.475752022139807162e-01
2.877409177107718707e-01
3.282286471497531388e-01
2.596082479495022688e-01
2.894137024164530336e-01
2.952441297526912645e-01
2.429896708767623204e-01
2.644622201230204528e-01
3.131993213656295016e-01
2.570747153679598385e-01
2.423886329925483418e-01
2.737603008750242872e-01
3.132676523732457752e-01
2.589222086863830485e-01
2.372768699952458038e-01
3.168028400490694452e-01
2.589269492952200324e-01
2.542124394735030823e-01
2.766452143541582309e-01
2.312661413218786155e-01
2.793911164859892993e-01
2.349618385857473180e-01
3.355368063601328332e-01
3.462946511128490168e-01
3.157554877120384851e-01
3.109570760294972369e-01
2.785891283918232597e-01
2.575731114090156204e-01
3.167149110501639719e-01
3.346198222833771108e-01
3.234789871154468144e-01
3.331269782742068419e-01
3.210759048272129323e-01
2.783740897032825901e-01
2.499572140820797150e-01
2.277274612597698922e-01
2.981700055934318749e-01
2.490259738425481539e-01
3.077834077981657646e-01
2.493489052075338330e-01
3.209923777311486370e-01
3.006518579009749836e-01
3.258458043365919377e-01
2.660358029906141342e-01
3.056478014329507831e-01
2.717054875897492727e-01
2.360363694283386660e-01
3.047943916773336870e-01
3.351449381814042283e-01
3.215865145509718692e-01
3.368076455250216816e-01
2.788084035812840034e-01
2.769036591698648131e-01
3.116769568532501422e-01
2.379354901334606864e-01
3.368517000616114698e-01
2.680656838734851166e-01
2.927928983196722568e-01
2.429061134412536793e-01
2.237717797006373854e-01
3.393005218171057380e-01
3.309187968696721827e-01
3.354434038091364534e-01
2.681432598174694482e-01
2.923770264960862120e-01
2.679120959221331644e-01
2.864586288837658867e-01
3.026140219009715304e-01
2.796691366697522385e-01
3.592029281106715599e-01
2.796616507170756605e-01
2.057800445591423111e-01
3.066799736388958753e-01
2.807923884366451128e-01
2.496222225002485140e-01
2.674077780514189651e-01
2.291800408295098512e-01
2.592847991804878571e-01
2.154339964660882401e-01
3.178699165406717597e-01
2.818419962442282878e-01
2.890747482798710077e-01
2.847971086039347011e-01
1.799363544624309474e-01
2.773054679721962401e-01
3.297322362514457650e-01
3.201663618953201063e-01
2.410835888851208808e-01
2.315358664171011660e-01
2.224350152154287719e-01
3.422022198594191766e-01
3.277334882960011853e-01
2.521317379135817327e-01
3.386462173327330349e-01
2.597224092369593840e-01
3.206696424126382339e-01
2.104141259144399201e-01
2.634140541472350661e-01
2.228171808697306522e-01
2.149404754052076927e-01
2.891688297381490025e-01
2.822225445771524566e-01
3.124021426507436194e-01
3.534468373690000109e-01
3.270073349172548105e-01
2.726411149231958153e-01
3.409713508406749249e-01
2.231060103460161814e-01
2.483179056723571199e-01
2.739231379814114353e-01
3.115664402771032848e-01
2.885115195787052444e-01
3.016899750320474194e-01
1.997009606584156660e-01
2.359905842195285097e-01
3.100613341837283321e-01
3.023949430625546553e-01
3.307272531297526519e-01
3.147726682094713624e-01
3.313082577332734924e-01
3.034565184728582055e-01
2.293813893971074491e-01
3.033365648497765577e-01
2.956913909698259402e-01
2.819039171067597160e-01
2.982602972113257978e-01
3.024096493131711028e-01
2.725442634845327561e-01
2.804463970636830727e-01
2.237977084785983950e-01
2.967614174438940045e-01
2.184159715661418422e-01
2.695910821292481496e-01
3.031236250081820183e-01
3.226140681268606647e-01
3.043289272513828858e-01
3.277110467276792560e-01
3.148967717281403456e-01
2.252243287070549715e-01
2.443927797061716256e-01
2.868979094542155051e-01
2.939348706136104550e-01
3.064060305803448792e-01
2.762593099851395340e-01
2.464258645640288181e-01
3.342174228251082457e-01
2.584824453301156066e-01
2.732060054654665282e-01
2.501753180834837553e-01
3.030755609207045342e-01
2.296064699997469316e-01
2.239530351233122996e-01
3.527041669274433855e-01
2.333493262844996141e-01
2.904161792854267343e-01
2.990168940846650303e-01
3.097492930203739059e-01
2.580818744415235289e-01
3.495784472594352654e-01
3.173070624767408976e-01
2.570080806054451106e-01
3.136289255176095692e-01
3.138582574874975162e-01
2.769473812378153710e-01
3.031834480523825093e-01
3.230949833031827034e-01
2.787203955463812832e-01
3.012976681219788344e-01
3.364009524336867840e-01
2.995345280779351804e-01
2.444690903672002147e-01
2.607967036767359081e-01
2.756792612906615592e-01
2.449893764495525705e-01
2.250625897161399325e-01
2.013930520839748994e-01
2.160247814403552236e-01
1.852536684629989272e-01
2.294133993257588267e-01
2.679336411310728749e-01
1.763299136609798867e-01
2.303144929634408089e-01
2.982855818346584753e-01
3.242730316069794005e-01
3.053305468419657553e-01
2.582389055361050678e-01
2.634083219746847226e-01
2.355023886633534902e-01
2.939202556549301848e-01
2.697874110397826541e-01
2.335920341937113842e-01
2.641471668951314022e-01
3.227910454726470868e-01
3.190693398639634082e-01
2.748679248889928095e-01
2.605854759100538764e-01
3.095005730410037570e-01
2.929841279798607312e-01
2.614186261126159594e-01
3.368917777319679896e-01
2.678626555863230507e-01
3.129402043879634943e-01
2.523038310297316955e-01
3.217444198887204898e-01
3.280816468745829662e-01
2.559171598071620091e-01
3.100322960752304180e-01
3.205847362048180327e-01
2.729691121994544112e-01
2.835780250242746492e-01
2.205785198609267472e-01
3.012507741153317431e-01
3.144780347575900081e-01
1.938188632136257361e-01
2.662681061321152676e-01
2.906832098205922033e-01
2.786445723290083554e-01
2.899903207797292493e-01
2.246357626040446920e-01
3.167247739135867768e-01
2.771680891063146301e-01
3.044674887462601731e-01
2.572431207684865995e-01
3.081204429727233407e-01
2.726396171798007306e-01
2.607327525292367776e-01
2.413302120969400277e-01
2.915761885739123760e-01
2.691483977373240188e-01
2.792509633537518798e-01
1.749674911551322154e-01
3.252770635621027862e-01
3.244376352936020336e-01
2.726064337880084731e-01
2.550519454819638043e-01
2.918287933988333860e-01
3.375359191197018216e-01
2.540057513343610962e-01
2.410167990827908613e-01
2.681434425377802744e-01
2.707568451870286941e-01
2.811757305970800092e-01
3.121000422487959503e-01
2.184945270836834430e-01
3.724603067311487159e-01
2.906800759258961753e-01
2.380788563115355250e-01
2.791154294660855850e-01
2.904477660409562900e-01
2.823044945249362780e-01
2.584055722515500308e-01
2.752431132017787441e-01
2.834383080404125343e-01
2.932354523181333050e-01
2.721543724561474864e-01
3.137097556658666742e-01
2.760250132120417588e-01
3.588201567328617170e-01
3.111968470817590982e-01
2.619057514634620110e-01
3.180886990538944192e-01
2.974176655919265055e-01
2.023908802237655014e-01
2.932776256837417161e-01
1.643911501947289688e-01
2.605837332031208375e-01
2.784349768787208745e-01
2.524135579489099057e-01
3.210474116544498879e-01
2.381765545111244331e-01
2.513903893112378052e-01
2.774946452877262715e-01
2.978194770514749345e-01
2.735273716185018245e-01
2.511746289173429347e-01
2.846006543553722956e-01
2.508870693309903643e-01
3.420216714347983356e-01
3.043349618140600010e-01
3.080909071184915193e-01
2.844989595946960659e-01
3.458204019680526931e-01
2.529116036857351202e-01
2.308672835843481597e-01
3.229166827162249787e-01
2.638348422557252881e-01
2.143028605706032985e-01
2.851380004669648027e-01
3.426673350546153851e-01
2.310135130854636121e-01
2.973974102606457004e-01
2.685891314906857508e-01
1.855702532312238640e-01
3.025612464585146766e-01
2.887395260444674538e-01
2.548740472554696934e-01
2.930161699362027194e-01
2.630783309202863740e-01
2.606286593022837383e-01
2.155131160851202765e-01
2.798198198386782631e-01
2.123660816526192208e-01
2.720445163812257316e-01
2.388491654522459373e-01
3.231960004553299237e-01
2.948538629757878060e-01
2.960338091347167189e-01
2.317495269549482428e-01
2.349246363947275762e-01
1.957705406437870443e-01
2.328335365878651531e-01
3.708681453001440032e-01
2.753696421821564821e-01
2.681960767404157897e-01
3.088703345210411233e-01
1.533808436682763399e-01
3.150692893422385454e-01
2.576585033094692112e-01
2.941742193851624720e-01
2.928422961301557215e-01
1.936847447984654802e-01
3.059035144044482957e-01
3.020400702947839688e-01
2.200092123138527589e-01
2.849845893086721538e-01
2.902687259865663894e-01
2.965788776101712654e-01
3.398007717313038523e-01
2.553519528296219754e-01
2.455230268685076322e-01
2.566311944270036061e-01
2.753121714466250647e-01
2.770324182190836981e-01
3.305132517072419951e-01
3.133003352248559525e-01
2.603907686894593176e-01
2.259221820160583205e-01
3.057436158798420567e-01
2.859813074754009588e-01
3.417371069314242282e-01
3.222019503356940984e-01
2.911551691216215376e-01
3.188565692763027370e-01
3.078662225152601351e-01
2.675181393793771845e-01
1.924328468157784910e-01
3.393144876076105709e-01
3.106549764986286100e-01
2.566455672429873158e-01
2.795877951034255737e-01
3.158121241238155963e-01
1.875286894046370445e-01
2.685611232213781507e-01
2.369528105361820847e-01
2.150239279882296128e-01
2.621195795117326477e-01
2.401928386602574794e-01
3.449403569427784699e-01
3.117227701022246000e-01
3.349466791860308268e-01
3.429962570138007094e-01
3.172533062228120038e-01
2.758330822556093187e-01
3.228966467770428839e-01
2.842582442100099471e-01
3.321556402491009918e-01
2.903437657369339342e-01
3.339251827290057317e-01
2.423925679476653106e-01
2.591791746394950247e-01
2.268031197966804968e-01
2.987200565383436590e-01
3.123390236197261527e-01
3.033909894137876151e-01
3.038052918155051407e-01
2.244288242717044635e-01
3.038962552647095916e-01
2.694953217429427172e-01
3.086982665277884230e-01
2.807033459493061267e-01
3.064497862836718101e-01
2.177460305905538629e-01
2.534091735047711014e-01
2.705258969161653537e-01
2.819601434605454315e-01
3.077446254539306647e-01
2.812123112895471011e-01
2.541564416241964275e-01
3.514896842421678658e-01
2.976035390440578965e-01
2.664098156633068482e-01
3.298062439777013632e-01
3.006630180587201995e-01
2.602570980244883758e-01
2.994023046008881250e-01
2.683181817126809032e-01
2.648534626191396124e-01
2.928751356477025114e-01
2.585147758629376957e-01
2.558625314814899632e-01
2.929930865617245694e-01
2.144334574092403578e-01
2.803431082379589379e-01
2.426400314643780420e-01
3.311306127000661625e-01
2.440897473030053111e-01
3.093541333465270049e-01
2.574112226830534977e-01
2.771575309968603018e-01
1.879164393193946403e-01
2.724981872372538305e-01
2.597572484464246712e-01
2.274383158801228932e-01
2.591821153925770171e-01
2.340877875592601298e-01
2.914078807142660432e-01
2.399813490808377359e-01
3.728723242524313863e-01
2.765521622460436757e-01
2.441362159461906434e-01
2.952679186271365275e-01
2.990912752511754591e-01
3.063900697866083211e-01
2.793624156944471970e-01
2.416207335783299992e-01
3.216551340606715326e-01
3.460837793446037702e-01
2.557034425147612366e-01
2.211004871083141476e-01
2.947203480357839522e-01
2.955325613504609095e-01
2.593441420538460940e-01
2.259426046515956021e-01
2.372740423454193226e-01
2.555315602638180694e-01
2.440028821034065099e-01
2.560064032495333874e-01
2.986010544131488809e-01
3.593490935000569486e-01
3.202078023561387710e-01
2.065846812724600468e-01
2.321414024903241113e-01
3.078902454130326705e-01
2.653497486813832240e-01
2.864156647940082623e-01
2.748617872698869147e-01
2.241108616288904898e-01
2.628437578036196265e-01
2.505817423090697105e-01
3.687675038594407928e-01
2.582266037447571994e-01
3.545076255205051319e-01
2.965271903840086543e-01
3.707617585145080996e-01
3.459467357727470382e-01
3.141575141625454481e-01
2.333891179277750583e-01
2.954906295851781328e-01
3.044650568954125336e-01
3.328808216144227838e-01
2.961742515608175030e-01
3.018568980636899823e-01
2.646579450834828373e-01
2.415435284522863268e-01
3.021656942648173749e-01
2.511601181668395300e-01
2.237306405023926914e-01
2.718117496213728890e-01
2.864764215290026561e-01
2.645927104056694512e-01
3.409180817625959703e-01
3.113913781799222402e-01
2.671729334342149431e-01
2.552064936950158014e-01
2.470661173092860430e-01
3.122700703506933739e-01
2.869782235556547767e-01
2.829520752354653945e-01
2.166651510980098783e-01
3.105942480154988417e-01
2.755516783184545626e-01
2.743265885724236464e-01
2.617859785456896904e-01
2.354909005444506542e-01
2.879156600588892445e-01
2.733710581298180453e-01
3.765479180496211220e-01
2.893518878368577241e-01
2.260424242925526683e-01
2.712958742322707506e-01
2.509431271670464758e-01
2.706708782052270057e-01
2.387200888203856175e-01
3.280009838604604488e-01
2.833455467256501548e-01
3.002358536574593617e-01
2.570703301137792218e-01
2.601946451610654409e-01
2.511127140441106742e-01
3.134947433927826599e-01
3.062921878047135116e-01
3.668820663388807080e-01
2.180602972527533601e-01
2.564972750898960041e-01
3.533465284801400874e-01
2.382763279004105061e-01
2.518800401189729699e-01
2.765253030391944811e-01
2.216300624767325589e-01
2.968858360984679701e-01
2.287391410793725155e-01
2.639280368447378677e-01
2.562113298156818986e-01
2.912567222661172073e-01
3.282018377673142084e-01
2.564778973857827493e-01
2.769483453634574710e-01
2.805738140456844887e-01
3.345244996475801869e-01
2.749549777055657063e-01
3.434168429699452352e-01
3.504851893694024279e-01
3.300819684101437557e-01
3.262492051052905961e-01
2.746696803406282750e-01
2.869686654635466017e-01
2.993532615056478940e-01
2.917510911101380278e-01
2.521131489613813725e-01
2.710516867796082252e-01
2.975038160756844907e-01
2.909061899131049622e-01
2.773498255644909483e-01
2.983103378948768203e-01
2.603881559320481709e-01
3.250126290425983666e-01
2.868211721191370467e-01
2.329570818186747494e-01
2.423581259105999641e-01
2.777195919502670196e-01
2.218043963655274564e-01
3.397469420525883743e-01
2.977695184630155811e-01
2.827267422388406448e-01
3.200046456441057452e-01
2.975941607091895924e-01
3.363285297987063105e-01
2.756000040525098393e-01
2.944222896786080623e-01
3.425879810211294729e-01
3.085371657416892677e-01
2.542722278990330875e-01
3.052879426187251055e-01
2.362326566687488194e-01
2.660178129078203391e-01
3.278913619937215973e-01
3.135979912740816111e-01
3.194333112343127890e-01
2.829668005816101672e-01
2.447430037930941882e-01
2.835988273063546616e-01
2.848778092738260548e-01
3.162471402772696338e-01
2.527246320999420037e-01
3.034219954004254705e-01
3.558467672920239133e-01
3.265167070069661115e-01
2.871704880989053299e-01
3.092234754948993136e-01
2.557685738433767564e-01
2.677423331653853156e-01
2.546105288105730002e-01
3.143706924396975078e-01
2.826920506774233677e-01
2.517321495963258937e-01
2.572825004456260611e-01
2.963876395070235148e-01
2.511408454817706248e-01
2.678315169198052237e-01
2.510684821009623868e-01
3.239928575416357037e-01
3.275504660439146898e-01
2.662475487191823809e-01
2.509806790462525417e-01
3.163801516939553915e-01
3.251208870170110288e-01
2.598043616261165867e-01
2.996115831562572440e-01
3.459930555908600214e-01
3.102544782282069535e-01
3.122677551605514967e-01
3.180419690139398847e-01
2.412704020698138163e-01
2.762711097353368062e-01
3.358082766097693628e-01
3.030261920911036522e-01
2.945737375008811720e-01
2.891982072908693691e-01
2.454188014487402592e-01
3.067828794344630849e-01
2.988062633925565037e-01
2.784039024053308609e-01
3.038129407866778653e-01
3.147811231859403147e-01
2.679931512713203401e-01
2.837406960782301590e-01
2.835460705933586789e-01
2.548509727533079250e-01
2.283405491625994654e-01
2.457839432739368779e-01
3.290484641866771587e-01
1.915005695828015109e-01
2.686135776735673053e-01
2.857297123436552955e-01
2.851266017993314694e-01
2.063076696169967306e-01
2.392395980304039549e-01
2.752094018946612541e-01
2.209952667801535764e-01
3.348883034581115470e-01
2.822868964482406762e-01
3.336925357152518146e-01
3.022379045568085454e-01
2.923501817290606319e-01
2.683060398726654916e-01
2.950547908881808734e-01
3.155829857236703284e-01
3.078089018812303901e-01
1.693300023178898883e-01
3.530433918143843774e-01
2.993597336756547711e-01
2.994768750008404146e-01
2.592947663942340442e-01
3.217639350053543845e-01
3.024721367571878150e-01
2.641517739174734647e-01
3.595717444470942215e-01
3.257052014949344265e-01
2.787988690922834634e-01
2.675158552993706085e-01
2.713745045213835638e-01
3.362154324825509244e-01
3.317572778083429097e-01
2.949045960198345417e-01
1.865643317478689334e-01
2.563205833963234093e-01
2.455628225496765682e-01
2.540899469268185773e-01
2.506700370523658461e-01
3.112104047517642580e-01
2.699042759549856174e-01
2.703481814591634502e-01
3.037595754454732733e-01
2.799304357476836147e-01
3.547985220246164806e-01
2.343536921526634953e-01
2.890949283906759648e-01
2.784510464530290941e-01
2.934343313515025420e-01
2.705187721733113837e-01
3.176772332780558039e-01
3.074378927095937075e-01
2.794401168564029092e-01
2.430108701330457865e-01
3.579648437228829527e-01
2.372180266568894580e-01
2.700090195773206525e-01
2.473860656727148166e-01
2.818247221987126294e-01
3.594608716225901057e-01
2.614163283919930247e-01
2.396895197235370256e-01
2.956572325418482805e-01
2.489338906147945119e-01
3.046065984388384162e-01
3.324774343896760853e-01
3.423702162393463255e-01
2.934069638006385761e-01
3.078051685720734065e-01
3.053340551435713146e-01
3.115558991584693183e-01
2.523829781326727972e-01
2.742994757844031684e-01
2.818396770208971835e-01
2.756896410166972955e-01
2.633038940988355336e-01
2.584440616986132255e-01
2.093392973520381561e-01
3.161873454927896510e-01
2.631717832366551879e-01
2.390033255756919550e-01
2.830377269815255725e-01
3.292355475940348386e-01
3.054971328141896647e-01
1.939926382887965928e-01
2.810659415854451226e-01
2.840864104956065672e-01
2.614176187019979225e-01
2.496743539193443662e-01
2.259336490576404621e-01
2.772708032473629736e-01
2.897177111281132311e-01
2.268841093162309586e-01
2.300747491963429925e-01
2.610346190860131088e-01
3.079758258180748109e-01
3.484321522396772730e-01
2.849006064791896331e-01
2.387096058118220454e-01
2.867115078601701894e-01
3.155025295377942851e-01
2.982639854672707869e-01
2.577443501229852441e-01
2.771702948631359908e-01
2.485959451787477792e-01
1.995933406790373621e-01
2.617467930293575495e-01
3.234813513855452904e-01
2.546111734221188083e-01
2.483082530845459601e-01
2.616221112093420342e-01
2.778858785986431101e-01
3.018129046000965765e-01
2.594427147860295380e-01
2.465041223193273345e-01
3.100737600871137922e-01
3.323295652133847478e-01
3.518596474620069303e-01
3.024447594258425354e-01
2.152246476717672996e-01
2.241241161890213940e-01
3.341393739163435184e-01
3.101485434452899148e-01
3.220211810796155261e-01
2.661036001771507342e-01
2.941854969432079470e-01
3.321274508423526228e-01
3.057186650136168860e-01
2.139503126547430134e-01
2.788237059985422261e-01
2.686155574569593085e-01
3.609992068214508132e-01
2.941385575175756717e-01
2.598015327114528983e-01
2.489173388392277586e-01
2.800820126811618405e-01
2.533060062876698604e-01
2.437572838970132327e-01
3.396271444680039053e-01
2.861865270937432038e-01
3.515606584598134909e-01
2.359611316833868377e-01
3.020068628449958381e-01
3.472610905667892212e-01
1.967133670589326921e-01
2.159726485465109092e-01
2.064105350515346993e-01
2.186473467417252292e-01
2.576308042934357112e-01
2.632187812384598202e-01
2.549205395932338525e-01
2.993170110040206389e-01
2.555477447815269754e-01
2.449078073636727637e-01
2.763101539456370159e-01
2.391199704152185690e-01
2.368013515115520440e-01
2.798285716850787974e-01
3.232692984125464242e-01
3.027831797356526078e-01
2.829990146560615316e-01
3.692423341950302751e-01
2.799500962151296735e-01
2.965245868475521740e-01
2.311877325209732437e-01
3.191417424131910430e-01
3.344654418822192166e-01
2.622712326674341288e-01
2.378528888334591751e-01
2.273496971411347878e-01
2.733100403997379413e-01
2.520072431790884027e-01
2.813215316509580788e-01
2.367747292133212667e-01
3.159737695084464115e-01
3.154876653011779997e-01
3.472993234807691953e-01
2.215978558319493807e-01
3.006756609982129680e-01
3.046280893130565159e-01
2.355793691842671123e-01
2.554205276090066312e-01
2.278528691468874601e-01
2.882621821242424276e-01
2.932786885872099014e-01
3.095493872849404693e-01
2.592200321034383581e-01
3.667303968122057611e-01
2.385576568309460688e-01
3.320370340582228241e-01
2.948134763312555418e-01
3.126938452374033450e-01
2.370055414993005316e-01
3.054776553736663902e-01
2.568167016594928853e-01
3.373882853166133011e-01
3.026165494717214521e-01
2.945056889072895645e-01
3.229416995695228998e-01
3.496049454701794512e-01
2.569959352192209279e-01
2.553194313965392315e-01
2.837184036832588463e-01
2.739642143986138478e-01
3.156541874630390265e-01
2.498467472053159111e-01
3.620943062480626029e-01
2.990983493792542802e-01
3.076869940215625210e-01
3.232452293085364414e-01
2.729242787898006339e-01
3.241825703130289393e-01
3.290199418154467481e-01
2.681874794773744242e-01
2.605679081733466296e-01
2.959269987177925443e-01
4.011671247890864489e-01
2.991970896427182947e-01
3.233910073554419062e-01
1.807699450005622044e-01
2.368220167947218679e-01
2.366421002198655088e-01
2.750788978764089898e-01
2.964925186320119810e-01
2.887204879309851480e-01
3.356233474425753815e-01
3.535341217335433717e-01
3.074785895973000116e-01
2.644032307537187987e-01
2.761013983483804890e-01
3.057600600706824601e-01
2.649447928099459837e-01
2.533894419035137013e-01
3.622665798063356424e-01
2.673609904274094617e-01
2.258467763720848620e-01
2.815089615035908932e-01
2.407699569472584455e-01
2.498800038468821094e-01
2.756189379361873582e-01
2.687806367334531488e-01
2.640717040484564238e-01
3.164498400496002506e-01
3.018227788348655793e-01
2.683608757921828736e-01
3.065993279989320253e-01
2.643054364634358500e-01
2.911068009819370861e-01
2.806329239072659631e-01
2.862460711096944110e-01
3.345422603979923970e-01
3.014037014797623093e-01
2.706305332056614388e-01
2.880920365486737689e-01
2.302398541431078527e-01
3.331286021587551716e-01
3.319910764909601575e-01
2.681631826097526927e-01
3.355645685866562866e-01
3.285660730538769170e-01
3.134992235912055780e-01
2.882864937763461866e-01
2.912694561156288220e-01
2.650876942791494661e-01
3.074272507705202995e-01
2.402511309722485666e-01
2.904693126245556090e-01
1.940434284899455186e-01
3.059634051604404048e-01
2.550825751502127092e-01
2.444302922935730205e-01
3.191039588925627668e-01
2.813171183176855772e-01
3.575637118023131666e-01
2.087267520609260019e-01
2.139526228773931948e-01
2.863648490087019605e-01
2.849410706118262748e-01
3.070259008986928051e-01
3.168995876264786848e-01
2.669745441022383092e-01
2.418837058319197597e-01
2.468078245183369379e-01
2.064697191809695687e-01
2.707386763777653860e-01
2.332456365529670950e-01
2.768926325210386841e-01
2.268455001733635790e-01
2.720611208600434150e-01
3.063228630961425947e-01
2.709732476549831515e-01
2.064423829967881874e-01
2.991583242372128915e-01
2.878823948074363259e-01
2.635760478754778924e-01
3.068276362267909341e-01
3.067301920934916715e-01
2.786539589468866596e-01
3.437205253503525237e-01
3.134134515710015889e-01
2.381025605401212164e-01
3.146961542105252696e-01
2.952157748405331850e-01
2.201426755368205701e-01
2.653843020349108128e-01
2.885184280320313710e-01
2.750659193406514991e-01
2.650831696726082543e-01
2.619814238351325097e-01
2.794305211132465661e-01
3.012370670467952594e-01
2.549230152712044228e-01
2.395209711244088435e-01
2.366593405894329982e-01
3.148020819359680922e-01
3.047411886309607798e-01
2.711573443615485357e-01
3.166088873293082528e-01
2.935137690691794754e-01
2.835974523396835312e-01
2.421572272111893742e-01
2.203282071226423389e-01
2.309598606888501049e-01
2.721013840855028842e-01
2.909980078877644205e-01
2.906186304189370961e-01
3.009111814390134643e-01
2.627049963535408872e-01
4.008392936318747046e-01
2.617271744274242695e-01
3.413217581106975373e-01
2.747284207000019185e-01
2.890185900448254408e-01
3.174423165958592530e-01
2.618305688708993939e-01
2.344178462830159571e-01
3.039042920411884618e-01
2.573319857729897686e-01
2.674761964445172557e-01
3.015088343546447058e-01
2.971114210285515922e-01
2.801681741139739890e-01
2.669837947836988246e-01
3.643678063836066072e-01
3.770746955208469919e-01
3.060052794764424600e-01
3.040956354314217625e-01
3.416712483291133307e-01
3.275603728508738599e-01
