2.620215920289363787e-01
2.649937681105883902e-01
2.467432588154410134e-01
2.813160073191063870e-01
3.233168000897549965e-01
2.650060549045880620e-01
2.807378868559400886e-01
2.651475216112791355e-01
3.098634604272277882e-01
2.376042230212247752e-01
2.797688311208778034e-01
2.420900651062240228e-01
2.845722694776023354e-01
2.935485569907598236e-01
2.257637505969293801e-01
3.322299967964911227e-01
1.719966341058656589e-01
2.699265142561397268e-01
3.259795831200259508e-01
3.415679959404029353e-01
2.395294578253437390e-01
2.485770784369927822e-01
3.242054605124664035e-01
2.780156830210190333e-01
2.920623268759585112e-01
3.365684227377766513e-01
3.195150572823905466e-01
3.025526135528512905e-01
2.682288700618259969e-01
2.888269998109136982e-01
2.806969490842333714e-01
3.075132639861428707e-01
3.209758434539013994e-01
3.459808464144546458e-01
2.382465609130548501e-01
2.873954138823452409e-01
2.326044658091274697e-01
2.730907730253550048e-01
2.996323862780821412e-01
2.474059281005191457e-01
2.471686414967125267e-01
2.054643716496446504e-01
2.714478856736659562e-01
2.800736869908723725e-01
3.662344500600992481e-01
2.912949014421049032e-01
2.565424550197215048e-01
2.936444355309497656e-01
2.702607229608492978e-01
3.139045457289948993e-01
2.367658470863618636e-01
3.252585917718077146e-01
3.124307347081511921e-01
3.598611548109779679e-01
2.984190981824055289e-01
2.369875874457696430e-01
2.636852912401972948e-01
2.082819349913800910e-01
3.022755902873940914e-01
2.979778296873402677e-01
2.395729012640422928e-01
2.480518349655393973e-01
2.545562070725008175e-01
2.987933197636118421e-01
2.650515301526543688e-01
3.128351190103005885e-01
2.325978456289783391e-01
3.470598037947116854e-01
2.178033793230054749e-01
2.857720010119161880e-01
3.174508511812167422e-01
2.908566278127356908e-01
3.004211974058619283e-01
2.372352083525411381e-01
3.218922136711605542e-01
2.222146865875684607e-01
2.924176020245174423e-01
2.705709466575941247e-01
2.950027172472233228e-01
2.767302508843768605e-01
3.752685231837719626e-01
2.527356898182454570e-01
2.528320167931338847e-01
3.144000115350344959e-01
3.334288292003538823e-01
2.857918511871483380e-01
3.087771501101269633e-01
2.789588318176976500e-01
3.196091957166686259e-01
2.680098987361885232e-01
2.605943455526588126e-01
2.469426566758906871e-01
2.484507201799773246e-01
2.127429978786156695e-01
2.040908130589313141e-01
2.793293541749962694e-01
2.122552341214121174e-01
2.025528260797313518e-01
3.100082598760629526e-01
2.574679657908438557e-01
2.787646647165475389e-01
2.892736155699356937e-01
3.092545333702944044e-01
3.049400261709902527e-01
2.611656218680369346e-01
2.840601008566146501e-01
3.413918115730465996e-01
2.887054024754179271e-01
2.985151977032654558e-01
2.643999289572749878e-01
2.323484592537407301e-01
3.054654562336999724e-01
3.435637059853340336e-01
3.502404855166309505e-01
3.291990175541843477e-01
3.070397368439959918e-01
3.320129817735735234e-01
2.913395890506090269e-01
3.213295799295359800e-01
2.960536488830994850e-01
2.929100338257996095e-01
2.416135665493130136e-01
2.920782918951886908e-01
2.578525130836400447e-01
2.556393791039917596e-01
2.579108862706696037e-01
3.159560751616760088e-01
2.972898434988359706e-01
2.825786771543931097e-01
2.896925799302491056e-01
2.435967080620125846e-01
2.546109395908655593e-01
2.904083128938726444e-01
2.022995360099446582e-01
3.217749776580294263e-01
3.217437574002020018e-01
2.204244837154343550e-01
3.006069295701868649e-01
2.784754285113433259e-01
2.776014712983516652e-01
2.668531076367206545e-01
2.584329406191651080e-01
3.173058658023714673e-01
2.747263944052216189e-01
2.758694927049593626e-01
2.585266695426063910e-01
3.250880517056159991e-01
3.283475446969066902e-01
2.155860751571609946e-01
2.616820629180970914e-01
2.660200034776969980e-01
3.134948776308019713e-01
2.926263801377077534e-01
2.675872982965457614e-01
2.709819595230420486e-01
2.674605496449016795e-01
2.898676510699799147e-01
3.128737822506336697e-01
2.527814618407508984e-01
2.786636394325416877e-01
2.595630158550346067e-01
3.833213669124663769e-01
3.046889235865157253e-01
2.295646601211169813e-01
3.131137802394830527e-01
2.611058390903642223e-01
3.467877793419863464e-01
2.791615690432703856e-01
3.118798878742486402e-01
3.031639661242648276e-01
2.655585803507814480e-01
2.811091133404655107e-01
2.781691243146032222e-01
2.365966021188361523e-01
2.550378000366899101e-01
2.951258321832815334e-01
2.589609777963697845e-01
2.820748954210640091e-01
2.515659395257520692e-01
2.351425064539550691e-01
3.174689927692615488e-01
2.391577398259638332e-01
2.849442721411620250e-01
3.470274447806512841e-01
3.054210619201712107e-01
2.716458946616948644e-01
2.407300328781785681e-01
2.943433081700344567e-01
2.607947339136444942e-01
2.405395443278935952e-01
2.475073589932748064e-01
2.957428091219886923e-01
2.747642752721448645e-01
2.641675585801200876e-01
3.523824847715145703e-01
2.462048692821120766e-01
2.755736675476648800e-01
2.986524035979045699e-01
3.474643232361840361e-01
2.899269187571569817e-01
2.591556932305997263e-01
2.924174435458750665e-01
2.643201822266286749e-01
2.563281150075421011e-01
2.680302526682266651e-01
2.207541410242210844e-01
2.669729582787274125e-01
2.283300417573946028e-01
2.889331656312294494e-01
2.611513491315420321e-01
3.423315245014984520e-01
3.234495269181606458e-01
2.733450001018830622e-01
3.070655485391803885e-01
3.307289825367146219e-01
2.988700274218120123e-01
2.894714631737879129e-01
2.174661295160788266e-01
2.768360168862354365e-01
2.805745232214656992e-01
2.351872596427469764e-01
2.795044149585429460e-01
2.707514017454016875e-01
2.474369556315320351e-01
2.664560278388122816e-01
2.642679966723044949e-01
2.608719730979832119e-01
2.162872432842795345e-01
2.307235515055114927e-01
2.860038531472657297e-01
2.621155196529025844e-01
2.897052113478426061e-01
3.391525157478165187e-01
2.002903592413454448e-01
3.073312263557272939e-01
2.782824020291724820e-01
3.279207919018093942e-01
3.909148047207708920e-01
2.307682388050744660e-01
2.382305410453420813e-01
2.961880367274968284e-01
2.777329000351013155e-01
2.974145343007597586e-01
2.611786532902740654e-01
2.676169474523623082e-01
3.073075603047771831e-01
3.109246536270532379e-01
2.218555256592574798e-01
3.423153446120068000e-01
2.683099363055849729e-01
2.971084188205291854e-01
1.690091278776137129e-01
2.412365579033075302e-01
2.578270543993940178e-01
3.106945544482488941e-01
2.875412154350943661e-01
2.635353188837303851e-01
2.572813047091634941e-01
2.361949973288559324e-01
2.943317739851706860e-01
2.071779828603501628e-01
2.536037588102544316e-01
2.637829728031343968e-01
2.951764687439025758e-01
3.725677273308060644e-01
2.486161636093392469e-01
3.311020802164684751e-01
3.113035738486225612e-01
3.623629759303527154e-01
3.118335026327846426e-01
2.575654513887125630e-01
2.836593435864038781e-01
2.774865256519246648e-01
2.958509692128454271e-01
2.611051738161719316e-01
2.585795380689979162e-01
2.934707316801833943e-01
3.049404011071645271e-01
3.188720551210974530e-01
2.051391493571178837e-01
2.591232714512201607e-01
3.259798888891812796e-01
2.989211182841203795e-01
3.098448691905330010e-01
3.223857724754644050e-01
3.525736934673354694e-01
2.658890304244930780e-01
2.771617931078210750e-01
2.861327050910613123e-01
2.651887589096743048e-01
2.525667968753468329e-01
3.271794506987076856e-01
2.922559507762332309e-01
2.952953274679966378e-01
2.347712930380416174e-01
3.633560911705776553e-01
3.046131599959899239e-01
2.566175980612808161e-01
2.303434885574517921e-01
2.727476120101482437e-01
2.939555158366177201e-01
2.345019054908166478e-01
2.849921016862031475e-01
3.227953322629721900e-01
2.986861864062894112e-01
2.727789778488941552e-01
2.807131867145309378e-01
2.583153043489592737e-01
2.966833616333354184e-01
2.015802374024035781e-01
2.191610656763064713e-01
2.604573239527435136e-01
3.169019373373563875e-01
2.694683069448293167e-01
2.965011673132909586e-01
2.798222659537991652e-01
2.391293590993585627e-01
2.411349766927004534e-01
2.900561235323354525e-01
3.014953243526777293e-01
2.521209562401648396e-01
2.549695046501427864e-01
2.889625048417915898e-01
2.948747725794176877e-01
2.803448158247733857e-01
2.510745216727017781e-01
2.833419375798668649e-01
2.866542599750218634e-01
2.501221329551132078e-01
2.483876643244594118e-01
2.731097918739593400e-01
2.185673675483228440e-01
2.961084144012379182e-01
2.761429678259666454e-01
2.589476532588052549e-01
2.681791191575603195e-01
3.395831081737927803e-01
3.145616547338342950e-01
2.766145944267112133e-01
2.234507617456387152e-01
3.178909488117183102e-01
2.693199902275177360e-01
3.185175413058176641e-01
2.987383324327880230e-01
2.622897877162950753e-01
2.491290210175947928e-01
3.323701858992588187e-01
2.609915320608676148e-01
2.639859135171483961e-01
2.429620817862700732e-01
3.203579691185824974e-01
2.617934910534487347e-01
2.523779464828517782e-01
3.765430861612966695e-01
2.154841845342349849e-01
2.588310719294681927e-01
3.296034385839609615e-01
2.414175514262223432e-01
3.558716467156356478e-01
2.795564644769868434e-01
2.459969500011344179e-01
1.814165617860675206e-01
2.943181170733112362e-01
2.431903913063569456e-01
2.842167835006987331e-01
3.212927054171433872e-01
3.304606464279522537e-01
3.180139873729904143e-01
2.144368921359036673e-01
3.054953141377885206e-01
2.848622174873594037e-01
3.289995560346439807e-01
3.238603438509092824e-01
2.437393505966289897e-01
3.006363735731919506e-01
2.477499943764102930e-01
2.753041118298406031e-01
2.778015242977437960e-01
2.566485362797021330e-01
2.244807161888314195e-01
2.671477816507528691e-01
2.091685143274565895e-01
2.669413633446628409e-01
3.110152279953243282e-01
3.217736484855335810e-01
2.210328665249534641e-01
2.480869282469525816e-01
2.912505678626717276e-01
2.482028472163692046e-01
2.580852553608287137e-01
3.151255108516791692e-01
2.563648228840430532e-01
2.706873865974127602e-01
2.654652021079124680e-01
2.851304634354990819e-01
2.656984726600847280e-01
3.117269139324925220e-01
2.583526982048786613e-01
2.846479002811099224e-01
2.631293194358330090e-01
2.792593258904966791e-01
2.640740562370629818e-01
3.017738983639002281e-01
2.712688222637672508e-01
2.355548597680158507e-01
2.818503191215757653e-01
2.232343367886236718e-01
2.980550319837559914e-01
3.106370677295782201e-01
2.487818370837472648e-01
2.246968393661781249e-01
3.060337668775732212e-01
2.416784618914913085e-01
3.453843091318520853e-01
2.519965067231922373e-01
3.097828526271942384e-01
2.946729530681289067e-01
2.696475034960800210e-01
2.452442682910842553e-01
2.980815113927847149e-01
3.230752854377845207e-01
2.557536460675746137e-01
2.361687441242470153e-01
2.625740527502091193e-01
2.155691409279383020e-01
3.127870504292455389e-01
2.830197774235018171e-01
2.843327318158480610e-01
2.798659694698620859e-01
2.461052550858871535e-01
3.044205988817090813e-01
2.390209126440580589e-01
2.663448573985449652e-01
2.414899924985904334e-01
2.825369082716872593e-01
3.075763994343634899e-01
3.203236533419661081e-01
3.371908880129491637e-01
2.615569977787314260e-01
2.748933002289107863e-01
4.006795263157681974e-01
2.824526031548716398e-01
3.127213230393209309e-01
2.292519895343666514e-01
2.334665067592390786e-01
3.042631847587756178e-01
2.434927204387584698e-01
3.089257011983572165e-01
3.251971455355984197e-01
3.208673578246667435e-01
2.756695037190887709e-01
2.737815677788545954e-01
1.716515862947475823e-01
3.442797820134235187e-01
2.543057322934992315e-01
3.106239644232666741e-01
3.083054304690430181e-01
2.690463313145248225e-01
2.136331315050577495e-01
3.292403912919705800e-01
2.859589575689637786e-01
2.482605598774040301e-01
2.500238997878905800e-01
3.430834456042160530e-01
2.794974526773331691e-01
2.402701304953814287e-01
2.679641703113668783e-01
2.458463743362669929e-01
3.051329169763888904e-01
3.093341216343555855e-01
2.443891940016414965e-01
2.689188201611055207e-01
2.179461042329759457e-01
2.004975550546027052e-01
2.653352662076334245e-01
3.097699423687528264e-01
2.342500308498867423e-01
2.878677977829495749e-01
3.856891883110295516e-01
2.190112291541213840e-01
3.257051202599329232e-01
2.700577943898813671e-01
3.192210273542859800e-01
2.401343824071126010e-01
2.707752767757077850e-01
3.143424175345635452e-01
2.384977306575991607e-01
2.182546513818553469e-01
2.365475221317599464e-01
2.297458167012827734e-01
2.552006590799142383e-01
2.439140451960223888e-01
2.956459849573456200e-01
2.733550072826213539e-01
2.974927892589956935e-01
2.933725003402467002e-01
2.423347797486041233e-01
2.866254828175610614e-01
2.880549390208455018e-01
3.251653505009494127e-01
2.652452407383498745e-01
2.940360321550258282e-01
2.629266830162874657e-01
3.003495161914041534e-01
2.806753807434774206e-01
2.017466037693660397e-01
2.542555117147182187e-01
2.576466466331566174e-01
2.743811349437412783e-01
2.458491146211363720e-01
3.050593491924380452e-01
2.574725831946488297e-01
2.822803321252553843e-01
2.400682584267814779e-01
2.112359333858795374e-01
2.726229071715079444e-01
3.053365423162193171e-01
2.720210964479803373e-01
2.530445872641081118e-01
2.438989079616524502e-01
2.642536921018640017e-01
2.617118054196166943e-01
3.183052734827820918e-01
3.101985073031601758e-01
2.540219439131836676e-01
3.099558955791868464e-01
3.533761817973440356e-01
2.847072667163638160e-01
3.082425732473554891e-01
3.095793878798458465e-01
2.161953294245491652e-01
2.888753466230532529e-01
2.550415098217802545e-01
3.111152550285528617e-01
2.081192216668650008e-01
2.542271873317393793e-01
3.047341071371467147e-01
2.653762837057579427e-01
3.115047161147405652e-01
3.463369554841544407e-01
2.283075477462686576e-01
2.509617063265751069e-01
3.031036367782175001e-01
2.639094076402438982e-01
2.523632016191931782e-01
2.173397931891808410e-01
2.932279666515641425e-01
3.153324401955711620e-01
3.241100157447457941e-01
3.147889354972210341e-01
2.725896309881637447e-01
2.572894481524733434e-01
3.170650275955693709e-01
2.528763045075436144e-01
2.956456097190088839e-01
2.345182411935682332e-01
3.011459479096155745e-01
3.006608677004503072e-01
2.449123680134497050e-01
2.772313121716486473e-01
2.549588407435426363e-01
3.242996593848744835e-01
2.777757061945629879e-01
3.056964655046385815e-01
1.804982205474106038e-01
2.579521351768211956e-01
2.287736937256266145e-01
2.324805443287014661e-01
2.606125874227487316e-01
2.966890089453816381e-01
3.268178105751042839e-01
3.131829616316816889e-01
2.767535655952996776e-01
3.359683952165502530e-01
2.543786923179497395e-01
2.669791870687350244e-01
2.482936083079872180e-01
2.983294041908574612e-01
2.608632871264826014e-01
2.937879362858292764e-01
2.787070364447282178e-01
2.816358698570670116e-01
2.870366795290577588e-01
3.140011283858674118e-01
2.607562192007380486e-01
2.479556393401687042e-01
2.831298091825551477e-01
3.330834962155132528e-01
3.076213525908957358e-01
3.302044636094563224e-01
3.095567003945015050e-01
2.490796052722032972e-01
2.876592511594744384e-01
2.667569219947909520e-01
2.864236326710417613e-01
3.290761305407417514e-01
2.715098176110327111e-01
3.024345425748594107e-01
2.652645546877569482e-01
2.211402798635458966e-01
2.344997534379685555e-01
3.171911997955075280e-01
2.124696982541016133e-01
3.314145039452026653e-01
2.907628721342082057e-01
3.071975243975323400e-01
2.428807660172955241e-01
2.603435571136862858e-01
2.165433878337589269e-01
2.729324203256741632e-01
2.297346071684550906e-01
2.757597736994240600e-01
2.525188246117582302e-01
2.207756577704691192e-01
2.509900645987549472e-01
2.505054448242363119e-01
2.733018001569598732e-01
2.514144278893445938e-01
2.288723182218155294e-01
3.270575460233635101e-01
3.106947739000109898e-01
2.381697596164354391e-01
3.044688919733522514e-01
2.935560651217937744e-01
2.910561169791934244e-01
2.630751854428210468e-01
3.137283332539716474e-01
2.295652787806937711e-01
3.004759709570086201e-01
3.172874867281633149e-01
2.240907784607524544e-01
2.402873285358121946e-01
2.632106472571781319e-01
2.334511411262009117e-01
2.299771871953977531e-01
2.161959408319656384e-01
2.843601858221267431e-01
3.207727529438353931e-01
2.975947387253371490e-01
2.947234630150520895e-01
2.887360493759040803e-01
2.191807008296360881e-01
2.530768096504706355e-01
3.146721449441279295e-01
2.489220170783433272e-01
1.609994788726657466e-01
2.450201969389068368e-01
2.785071245283141650e-01
3.273674616335831011e-01
2.949538816530685170e-01
2.896321165372211515e-01
2.495600362841762787e-01
3.128156465363101657e-01
2.499445126707048048e-01
2.759989051488267453e-01
3.181029607677983151e-01
2.702497252114878235e-01
2.785272221195164155e-01
3.543295206834808364e-01
2.872550080239430481e-01
2.501510976497837158e-01
2.006733371733319948e-01
2.469532807366315308e-01
1.855455784177496570e-01
2.259497503324252587e-01
2.459942000722860622e-01
2.935013503164144444e-01
2.537182882925665961e-01
2.562263332834986973e-01
2.361955141512547818e-01
2.766068967851919580e-01
2.896599307900593612e-01
2.672896203060036169e-01
2.344864635011491838e-01
3.584068540610633735e-01
2.808053435652294594e-01
2.604359324073080018e-01
2.878615453910721711e-01
2.674179224198890426e-01
2.579060537322252489e-01
2.722898523544385885e-01
2.649815663977480584e-01
2.375749690782317791e-01
2.287971284354402557e-01
2.920322740414648122e-01
2.802182065819328605e-01
2.469388809916027161e-01
3.061257449134019426e-01
2.570049008196349516e-01
2.459283860944803113e-01
2.636680529934486983e-01
2.498177302349360585e-01
2.753427345447001517e-01
2.461345530139051885e-01
2.853326811644794625e-01
2.851151258401401489e-01
2.650053532237131582e-01
2.816941873950765673e-01
2.355781610130893433e-01
3.022159145167966909e-01
2.965976802849383809e-01
3.214010197711584249e-01
2.678906745762290598e-01
2.424922016693917270e-01
2.872331359149568053e-01
3.441120563838163671e-01
3.059730443684576251e-01
2.249384631248427802e-01
2.149414366738670867e-01
3.150210315099837288e-01
3.018845732964308692e-01
2.327952128264088871e-01
3.149499794179502765e-01
3.329852759287361130e-01
2.607657388279592259e-01
2.954490460472267155e-01
3.190118241952792366e-01
2.393999797434579746e-01
2.397236893452932283e-01
2.547594097296344562e-01
2.759973647682152365e-01
3.065399120474486816e-01
2.317960540653847823e-01
2.409017284530978742e-01
2.997300430342966227e-01
2.319527229901399146e-01
3.526341778131080740e-01
3.329496893076623332e-01
3.122246882496222953e-01
2.439255831211679659e-01
2.348848076016785136e-01
2.523074883001163449e-01
2.831292499479048375e-01
2.325085241009649251e-01
2.997595867944259362e-01
2.962634913707191120e-01
2.113780616124598388e-01
3.169242158765457340e-01
2.614939515280169102e-01
3.393043841127487692e-01
2.964511916087199106e-01
2.527520679238633994e-01
2.481470902424287028e-01
2.204534081827389524e-01
2.595827808176016105e-01
2.288939304680700226e-01
2.367437978981991042e-01
2.799995595535764159e-01
2.816659783687338048e-01
1.914437470258528451e-01
2.977409467634786200e-01
3.237469924624679640e-01
3.422892549118896066e-01
2.529368527826604818e-01
2.847449460428470025e-01
2.727983293276375343e-01
2.751532815857801739e-01
2.761150140378550444e-01
1.925288757840018516e-01
2.832866187252425783e-01
2.847034147050586661e-01
3.513883177297050797e-01
2.256014516831834626e-01
2.931106085253818438e-01
2.770864628561452436e-01
3.005602756556579047e-01
3.042974876997321942e-01
3.618900449009062603e-01
2.743587784745057379e-01
3.492718182123883408e-01
3.128996520803015158e-01
3.162913848080614598e-01
2.500843708678657795e-01
3.142977795958623588e-01
2.383240837439448701e-01
2.657445025281094941e-01
3.254040358241779285e-01
2.410373466619093463e-01
2.694219309032194198e-01
2.723236788299826516e-01
3.293998632574012264e-01
2.489726189190360206e-01
2.763363502377615966e-01
2.577642502979411998e-01
2.933779199783690950e-01
2.556399929642758639e-01
3.290115595969762552e-01
3.073626921910690979e-01
2.838863586064911959e-01
2.885286386686895521e-01
2.237053538479364112e-01
2.896258842240179709e-01
3.032293648196661695e-01
3.237257091017792243e-01
2.513385451793695435e-01
2.731534807575303758e-01
3.213627542368935330e-01
2.653047715688812702e-01
2.667139649227170950e-01
3.039338228922206508e-01
2.524968392454912114e-01
2.409937199881770908e-01
2.400833984456712811e-01
2.807607247649224202e-01
2.953873810269035949e-01
3.211858173802153438e-01
2.637392451009205052e-01
2.867044274341344345e-01
2.967235466164402924e-01
2.626978039706484025e-01
2.794080425207411955e-01
2.951367918537249890e-01
2.380904838286752312e-01
2.820532854560846014e-01
2.833521544512391799e-01
3.245569342664438306e-01
3.248979294611260560e-01
2.559312245248674400e-01
2.561637494388096514e-01
2.624377121686665149e-01
3.030382756251452925e-01
2.862318202604777762e-01
3.031586854617086546e-01
2.660832183930698092e-01
2.843516394848833451e-01
2.731706157504917298e-01
2.752212162935828710e-01
2.537375514862088566e-01
2.369161416029807732e-01
2.862213947819894910e-01
2.940205247266439725e-01
2.656230354265853300e-01
2.749332267177689304e-01
2.359960564799493954e-01
2.873246175206668473e-01
3.352124764620422193e-01
2.465419151502554473e-01
2.955453643580437939e-01
2.870528542200798117e-01
2.751426802976725816e-01
2.364541890261165347e-01
2.853822570614162890e-01
2.913325526350303285e-01
2.373566790420183203e-01
2.283033143366787754e-01
2.901515001001234717e-01
2.889341454226995731e-01
2.660228534049632332e-01
3.433618219799731142e-01
3.035421736204126364e-01
3.003726636698688113e-01
2.602480755326088691e-01
3.320003113711885168e-01
2.410450131011829256e-01
2.424225894625910149e-01
2.774244491969344861e-01
3.103591877732470583e-01
2.623038843727171776e-01
3.337500300472960313e-01
3.309763738776950737e-01
2.581724728264210844e-01
2.182137423966504230e-01
2.841738945645199133e-01
2.803480406820203497e-01
2.546443325574710981e-01
3.342376707423034832e-01
2.899388479032670163e-01
2.553617329436990713e-01
2.274857499184886334e-01
3.192532465711528933e-01
2.521865488516392140e-01
2.718945900423636042e-01
3.292204657338381191e-01
2.941087751079187740e-01
2.042231594581320475e-01
2.736860731544367153e-01
3.337276098658625290e-01
2.384037316698680853e-01
2.360719984417938289e-01
3.276028171677254353e-01
2.174760315658840204e-01
2.985306030072171213e-01
2.890247526774117337e-01
2.435414021822727704e-01
3.154314722587957531e-01
1.825336124862590448e-01
2.371567841563100854e-01
2.504060842700406853e-01
2.319035629574952573e-01
2.406524192816387187e-01
2.996029970355947314e-01
2.661474208161784261e-01
3.138416590337750334e-01
2.437685135343973797e-01
3.197176019792749013e-01
2.945682062831292969e-01
2.719790686387590362e-01
3.319124156982702911e-01
2.610729072891424529e-01
2.348747447695695156e-01
3.111332038938446898e-01
3.023710100937903600e-01
3.071293969813911340e-01
1.947024913167805238e-01
3.345721429098633681e-01
2.883645790506830231e-01
2.412002479236591002e-01
2.816191392230253943e-01
2.596248391725127225e-01
3.067237025657834626e-01
2.482825272361356972e-01
2.258412647442446797e-01
3.033746483318098819e-01
2.841483048480255569e-01
2.445959417042849193e-01
2.803487954962627926e-01
2.888627516046517463e-01
3.031196751100748155e-01
3.036823021707166781e-01
2.276553643754227196e-01
3.123371510838909293e-01
2.407106737645453853e-01
2.710558608800839875e-01
2.532213001579818323e-01
2.247592364845794610e-01
2.926850446195841671e-01
3.071748497763891472e-01
2.606383011478283218e-01
2.445565490535122066e-01
3.388544790089285108e-01
3.200365315901756991e-01
2.814371664415673546e-01
3.159839157601243564e-01
2.302238911204979033e-01
2.914550747029853173e-01
2.719749030187973426e-01
2.403349041312531631e-01
2.720603791183064391e-01
2.498350788940136014e-01
2.470163484042272595e-01
2.396064731222167787e-01
2.752139069382240066e-01
2.729957763187136344e-01
2.584770160646601145e-01
2.478714703134728692e-01
2.782800352177875469e-01
2.543224504270147346e-01
2.463649024187299086e-01
2.855574652873831831e-01
3.140266444733641471e-01
2.699343340811542480e-01
2.411516251684148182e-01
3.071631782930129839e-01
2.505261159742830923e-01
3.316377027796811872e-01
2.855212972665834847e-01
2.933478870412632999e-01
2.214936834652929953e-01
2.491142947116929407e-01
2.586442401319141160e-01
3.006072314683255753e-01
2.763342396802487833e-01
2.826122260578742829e-01
2.406324799180523666e-01
2.866815169990936663e-01
3.476984878402760160e-01
3.089323474599873220e-01
2.838906216213206157e-01
2.933983603318069400e-01
2.434876792535832224e-01
3.005502681833163159e-01
2.583107413720677759e-01
3.225133736181928779e-01
3.053575057813018856e-01
2.556183299128770292e-01
2.568956249236080680e-01
2.650453800271163063e-01
3.197720096854089755e-01
2.551608846512863349e-01
2.566370866609515855e-01
2.772230607095679811e-01
2.700476112543949703e-01
2.866237727187878614e-01
2.955468316555380781e-01
2.821315561992754906e-01
2.856698565703090220e-01
2.457359536526630972e-01
3.696593856442321746e-01
2.457403545573166870e-01
2.620131357367078140e-01
3.403193640705299838e-01
2.526743487998233118e-01
2.171187489315750951e-01
3.062594734821730280e-01
2.704972321997603513e-01
2.266772952514765072e-01
2.706181972038134709e-01
2.676804329354821044e-01
2.955383774590280010e-01
2.757656111878631355e-01
3.510486986775037677e-01
2.165237713616691428e-01
3.074286470520071202e-01
2.563238047477821024e-01
2.800652679439220027e-01
3.012001411105389992e-01
1.892768221894217673e-01
3.185102137046004200e-01
3.170930992948990390e-01
2.023260593325818257e-01
2.950470753891214493e-01
2.912563970135311209e-01
2.652334148544783776e-01
2.819415537896070023e-01
2.636591414387607912e-01
2.824331628442100506e-01
2.956946748016297533e-01
2.932025471891645529e-01
2.259775099805947929e-01
3.050086713391505500e-01
1.939430598779016413e-01
3.092527541348685238e-01
3.263661068356714101e-01
2.252057672502652819e-01
2.168125823929129004e-01
2.521257218806350897e-01
3.256201802420787828e-01
2.352922077485507524e-01
2.433178134322232511e-01
2.969337947568996272e-01
2.733373970828366639e-01
2.170094795416123434e-01
3.446735123082015906e-01
2.829944088117837264e-01
3.337765488046154361e-01
2.031707778600387315e-01
2.915457685801679522e-01
2.305727857315289786e-01
2.210278346382421877e-01
2.416884788244371973e-01
3.482067022052245941e-01
2.992595875728042421e-01
2.730884315656109118e-01
2.661978915260019285e-01
2.222377272873765075e-01
3.143149022715386876e-01
3.087222532504669825e-01
2.520330866701280814e-01
3.001998517864148952e-01
2.503513827413619275e-01
2.250902544343194034e-01
3.111424194887363326e-01
2.653934877417657434e-01
2.705492544142978906e-01
2.605574338725248351e-01
3.071233470486695039e-01
2.606715074384061137e-01
2.448980974275426770e-01
2.240475432452877502e-01
2.389814561584545916e-01
2.728223145151594253e-01
2.741328341393020618e-01
2.526823641745465365e-01
2.101896725297136559e-01
2.820905103188699470e-01
2.432396023861114198e-01
2.513535856304193183e-01
2.905281336316670737e-01
3.251401191864428109e-01
2.813200619862126217e-01
2.472298780498971837e-01
2.476378183438629199e-01
2.290476910735111393e-01
2.916144586069842615e-01
2.572835190516250536e-01
3.137700950239205588e-01
2.920102272317232628e-01
2.659175821252371952e-01
2.485255682518680287e-01
2.637398827820587321e-01
3.065320008926778472e-01
2.726409827388280305e-01
2.140294460243204466e-01
3.059522655483173925e-01
2.467726249089749468e-01
2.896458225611048265e-01
2.574584723726243696e-01
2.866334268424733933e-01
3.184637079689037198e-01
3.164157801090466404e-01
2.810966052578938168e-01
2.808304590081585062e-01
3.357852893625205559e-01
2.834746256498085759e-01
2.644714719004107040e-01
2.615477936207467602e-01
2.869672301789424895e-01
1.739180724742561135e-01
2.922076598839342121e-01
2.506402507446233163e-01
2.193366289966891813e-01
2.562688109681925397e-01
3.158888267874563338e-01
2.407628948113262890e-01
2.560190313171829546e-01
2.966731741643177656e-01
2.462667342962854278e-01
2.589313485366080414e-01
3.235617813048964897e-01
2.699173829098130972e-01
3.193967903965002630e-01
2.927198177657289735e-01
2.588554827468934616e-01
3.030858788855748109e-01
2.831737265823714988e-01
2.493429292140804665e-01
3.152032144770789412e-01
3.539040861230787760e-01
2.631726218148056073e-01
2.671404366724013379e-01
2.726466556851184220e-01
3.327172357047517570e-01
2.049926464636047385e-01
2.150435956557574801e-01
3.444778903447165974e-01
3.231568450350090771e-01
2.837156471322465068e-01
2.901039489331821986e-01
2.148707962466476218e-01
2.022076625868658162e-01
2.302069360447131507e-01
3.267479804746051264e-01
2.762313824309218235e-01
3.007780411257857667e-01
2.297606763870955193e-01
2.659166155373562379e-01
3.016013628740883412e-01
2.840907189095805974e-01
2.195196622109607532e-01
2.506523222639264192e-01
2.431850165371097217e-01
2.274667820807231011e-01
3.224547526113872298e-01
3.137457682056076225e-01
3.064148328435016833e-01
2.845068456156361614e-01
2.435893098559986925e-01
2.739431928664995963e-01
2.388068483691453969e-01
3.095903117401413440e-01
2.713310836818265126e-01
3.039556017629521656e-01
2.724748753751796149e-01
2.855027465178585633e-01
2.224428752741092474e-01
2.877565729930307570e-01
2.502669084699754021e-01
2.768523708367702230e-01
2.953046696794922044e-01
2.974816722321801943e-01
3.504945110235209715e-01
2.256028319397010706e-01
2.586742622190054131e-01
2.896494035885854856e-01
2.503937966732809328e-01
2.573242887390465583e-01
2.295979235284987818e-01
2.914195533449139841e-01
2.539906542841486869e-01
3.315389457783111116e-01
2.445022523585771990e-01
3.350829586185077869e-01
2.837314196087861728e-01
2.895455583798526300e-01
2.054391907167352205e-01
3.250151972924130162e-01
2.408944507774434252e-01
2.403104987775679102e-01
2.939948763520808805e-01
3.096499953531827720e-01
2.333761202332397255e-01
3.033746851423580471e-01
2.375820434429403993e-01
2.711179246651979069e-01
2.527421485240090582e-01
3.381375632407074838e-01
2.126938255125961075e-01
3.022538301012852036e-01
1.923385305526420230e-01
3.033521439997978186e-01
2.847954524109385099e-01
2.642930648164346086e-01
3.364441510072214703e-01
2.710248630864644515e-01
3.008473189742266740e-01
2.623775814716869936e-01
2.802605433103708688e-01
2.523343601875716047e-01
2.510046250757129171e-01
1.695587202761532075e-01
2.812541858753538904e-01
2.594100215025531009e-01
2.774505684983709641e-01
2.707762326670060116e-01
2.532127297560943235e-01
3.333994262814244935e-01
3.333294419482967785e-01
2.707765133293594251e-01
3.240649941161163339e-01
3.155704245855351364e-01
2.943523849998815889e-01
3.272348712322420972e-01
3.093410785589099654e-01
3.008020151388444141e-01
2.998862603892736844e-01
2.698831336201375497e-01
2.933587906216558183e-01
3.019126183740193370e-01
2.766022666364502114e-01
2.824798275798350855e-01
2.107775461819247909e-01
2.742567411124443022e-01
2.798957750497551578e-01
3.464407730583030642e-01
3.146263834061496234e-01
3.164099884642543326e-01
3.292444639700695119e-01
2.718645153559511307e-01
3.066370729074743284e-01
2.893014492739039989e-01
3.122876975060162597e-01
2.387317734825916693e-01
3.170240822285296245e-01
2.966152607120368101e-01
1.984017601429375055e-01
2.762316271635081311e-01
3.204820352506521641e-01
2.613830895657610065e-01
3.034918859732285701e-01
2.496060216685009880e-01
3.113703819626575942e-01
3.050891898380519995e-01
1.797121802139989011e-01
3.039388587413064391e-01
3.091893324115407848e-01
2.884626080357683975e-01
2.267780756126481223e-01
2.544852803885543358e-01
2.723540408036642657e-01
3.453153794496592321e-01
2.405201046406483245e-01
2.470961104572468869e-01
2.450561603443802139e-01
2.428542525563467669e-01
3.153542240749276915e-01
3.216971605786314026e-01
3.376963834891723581e-01
2.624450920454179936e-01
3.201833110930391579e-01
2.581596012913655036e-01
2.275496753582040010e-01
2.256863314110831298e-01
2.771874176918240895e-01
2.448133949521670849e-01
1.581813934690430301e-01
2.231169834065618307e-01
2.943398321310178867e-01
2.582157442964500560e-01
3.093729886476545565e-01
2.875687367965688024e-01
2.842183433383572155e-01
2.769017207566923933e-01
2.510614115233944510e-01
2.421685768629235624e-01
2.674819614173427063e-01
2.684236202751754674e-01
3.178485651648184085e-01
2.840501158941001192e-01
3.375638145247853994e-01
2.333085004132979534e-01
3.101987141201029696e-01
2.628174290966412974e-01
2.660155883631377116e-01
2.962516281208967817e-01
2.712472937520132299e-01
2.955051816934832765e-01
2.739448072328962147e-01
2.505589142767640221e-01
2.448282234245127420e-01
3.484910122132854338e-01
3.438253650175695508e-01
2.657352978924508724e-01
2.182642096895806849e-01
2.687358641389083758e-01
3.220371112674134118e-01
2.859985402756534123e-01
2.850989569095314646e-01
2.417271091495478141e-01
3.052712450297671021e-01
2.519982782609482275e-01
3.453981987975431878e-01
2.502766084037704175e-01
2.343221590952203337e-01
2.637693372884893361e-01
2.795144751428940699e-01
2.630377665393723308e-01
2.980919002553577557e-01
2.580595209203482288e-01
2.568824026482244283e-01
2.519346394084694407e-01
2.231623585958495415e-01
2.670354631207091933e-01
2.136767215071159187e-01
3.151569818505584597e-01
3.073334607451359002e-01
2.901529197265351745e-01
3.039796997394303979e-01
2.770658375894017311e-01
2.823629758934088629e-01
2.829322320427206106e-01
2.257973457968741327e-01
2.642095080273911267e-01
2.600559291818518859e-01
2.650491627911878423e-01
2.464993262924891348e-01
2.138843131169026468e-01
3.131422442964777453e-01
1.942265897368050109e-01
2.856680006724106047e-01
3.100772003432077373e-01
3.120779022559980187e-01
2.977766074194393431e-01
2.764794311099297852e-01
2.724929940036356357e-01
3.420581812734798666e-01
3.172441556530291029e-01
2.951153663729305099e-01
2.609237046691491591e-01
2.867353727013049469e-01
2.114709121561232363e-01
2.149851085332446510e-01
3.146192806655070950e-01
3.199992745025266316e-01
3.321496995175758915e-01
2.584499610803198677e-01
2.777476913019160665e-01
2.825767610048769418e-01
3.040506623785035889e-01
2.267738120025246940e-01
3.145972201005216573e-01
2.649494027653204187e-01
2.287640795677350070e-01
3.538644664642897619e-01
2.591633222633116240e-01
2.496096470325788741e-01
2.266853580870634155e-01
2.509660226922028614e-01
2.293462501243080376e-01
3.028838393849805355e-01
3.435383523960972574e-01
2.894333059611618464e-01
2.099029309617382877e-01
2.447980485523665595e-01
3.450328359292825775e-01
3.091590724533423429e-01
2.922750901329913553e-01
2.939245816065844674e-01
2.855419227545841210e-01
2.333646356684321022e-01
2.171227841086821875e-01
2.872408282315987993e-01
3.098890432479074475e-01
2.645598921086606548e-01
2.324038741057265767e-01
3.470657051394908099e-01
2.347340245735999309e-01
2.905900462456062483e-01
1.968887089412029168e-01
2.881326112397991634e-01
2.418430543855507042e-01
3.121034367097687556e-01
2.777655217557676859e-01
2.841892359250304811e-01
2.630936889069804829e-01
2.946222725440371670e-01
2.736006523266981127e-01
3.082533530742417316e-01
2.035381051992723178e-01
3.052934603696461635e-01
3.514377858004185673e-01
2.727845077320065759e-01
3.050682576095549159e-01
2.386084966467111879e-01
2.983517005199247119e-01
2.806297168851475399e-01
2.072033417627185681e-01
2.355602437030457075e-01
2.630069186302705919e-01
2.594321196868718538e-01
2.683344528321305877e-01
2.977281940952829498e-01
2.986874634070527668e-01
2.649847332522667909e-01
2.828813800132043976e-01
2.531559573001308516e-01
2.740685711298409544e-01
2.667365810457406616e-01
2.741348743196585502e-01
2.564333622138513791e-01
2.302880953286861876e-01
3.320479568738480269e-01
2.936881500948272938e-01
2.639543609864151152e-01
2.398333733220683883e-01
2.347008564359489569e-01
2.839973428066551731e-01
3.014039200173461719e-01
2.652450896174343709e-01
2.926982391100247383e-01
1.886529808986144030e-01
3.619851807927138565e-01
3.107775990289477486e-01
2.597106163004351820e-01
2.983619133751596042e-01
2.454629106527069504e-01
3.070437466806041349e-01
3.449451881193472680e-01
2.529987347431505995e-01
2.914749536395238039e-01
2.722135655183393066e-01
2.271027745519796082e-01
2.418133360481541094e-01
2.591397277893534579e-01
3.025038229145050606e-01
2.734334064698308864e-01
2.632551311353774071e-01
2.600232663255913623e-01
2.942143833460562630e-01
3.477917029693606832e-01
2.144617902931287845e-01
2.854321665988258649e-01
2.792764837667860434e-01
2.976488376933089652e-01
2.619838310854830654e-01
2.667072883230198754e-01
2.422404677727798272e-01
3.304333567521428039e-01
2.067624256809246219e-01
2.282911517945536151e-01
2.640451563793469458e-01
2.248596894395921697e-01
2.918753908022625465e-01
2.581824369506451333e-01
3.196465121206917837e-01
2.847764038111087470e-01
2.915423575629011443e-01
2.942252096316261833e-01
2.593873859234331336e-01
2.390189114849929353e-01
2.162667303982775402e-01
2.749016573568611177e-01
2.886725297401365187e-01
2.831878766770339895e-01
2.537374211928838386e-01
3.061782809445237619e-01
2.605393700898409604e-01
3.261749952698836941e-01
2.558981379861097194e-01
2.423311910812088465e-01
3.434610678286094121e-01
2.730748862948077504e-01
2.949812587463133684e-01
2.243450187547884056e-01
2.679445140346563559e-01
2.664188694497935939e-01
2.976991134317703014e-01
2.661378630095060371e-01
2.835239215565084625e-01
3.032361765017625443e-01
3.242061134714298021e-01
2.873193159033833322e-01
2.779188857772475485e-01
2.432182166208733121e-01
1.953609309219030421e-01
2.609675058183662522e-01
2.553028802160327571e-01
3.573858450176893298e-01
2.704859396902674629e-01
3.131568415793802851e-01
2.510095689282287323e-01
2.669734953638659425e-01
2.632379979559244521e-01
2.504039964358072412e-01
2.352645538356388788e-01
2.362243655465726122e-01
2.657670262152638241e-01
2.664425106115734243e-01
3.467410991774141915e-01
2.770606110352832885e-01
3.245101671138884702e-01
3.267842244389083661e-01
2.926050951839412329e-01
3.399230766858351571e-01
2.242657373922024022e-01
2.806583474070808992e-01
3.219785680180648479e-01
3.060612097852494773e-01
2.698734418854358830e-01
2.939978923467857497e-01
2.391887482409556509e-01
2.749629834310708398e-01
2.849287002356720722e-01
2.292108276651751986e-01
2.604275664230552567e-01
2.355546813705850506e-01
2.802443544015998933e-01
2.053443412058233997e-01
2.400200454439071485e-01
2.802962285122371777e-01
2.948377835378269141e-01
2.495314987040139765e-01
3.463510050494965076e-01
3.974333997200867330e-01
2.982151706545586034e-01
2.125589214376982783e-01
2.600735624428678339e-01
2.772695607765889858e-01
3.029716155494140972e-01
2.683814843920229176e-01
2.481446429301087386e-01
3.030718827674501181e-01
2.761332619914961817e-01
2.610923076336759130e-01
2.904686994717848858e-01
2.328187420296119747e-01
2.061157131111268082e-01
2.721525014436884105e-01
2.761581311376476999e-01
2.287476459136743023e-01
2.906766173015660204e-01
2.664496357569306473e-01
2.546950258577950765e-01
2.759124226560168425e-01
2.767450703127316003e-01
2.117901873974320226e-01
3.097231237588262687e-01
2.701182061066767504e-01
3.512734209146369246e-01
3.019836885326794285e-01
2.894795063898296661e-01
2.540022142397929117e-01
2.259853859861360725e-01
3.183554361234859353e-01
3.259170410994388645e-01
3.381695021929221334e-01
2.587912120302813257e-01
2.884255646933573947e-01
3.114937458131328829e-01
2.085880182898849078e-01
2.643232124073151557e-01
2.339960556112787582e-01
3.060950423488909555e-01
3.421051146765736184e-01
2.772240054051171021e-01
2.356292318851459511e-01
2.965641566003084928e-01
2.623626608540873262e-01
2.835309546696567207e-01
2.309900080792222643e-01
3.421963385601702878e-01
2.466957628510747513e-01
3.490053728891588936e-01
3.289439939137805968e-01
2.940282763132150423e-01
2.588801517203836999e-01
3.054211574924147188e-01
2.764109960821755640e-01
2.901743573950409383e-01
2.574142157931738062e-01
2.561648860346232293e-01
2.823497586305468987e-01
3.104786496650927541e-01
3.152748932784707470e-01
2.748948242090755167e-01
3.138947591144724547e-01
3.184391096961356471e-01
2.675604150459724440e-01
2.467756574744413012e-01
3.118484085269166983e-01
2.627393280329221037e-01
2.652340655132774394e-01
3.470110425365466877e-01
2.688404798172769339e-01
2.578653736419818654e-01
1.835797133791340352e-01
2.415608279169582928e-01
3.004825041437553801e-01
2.772687756546409199e-01
3.308263053153321365e-01
2.734701741401961428e-01
2.809257096886011995e-01
2.526457033219840498e-01
3.403868566164147125e-01
2.651832702281159970e-01
1.949513005132532117e-01
2.451409186611074875e-01
3.041684835305071277e-01
2.387567230336962165e-01
2.590724137780902603e-01
2.754131159115491001e-01
3.213352206805303313e-01
2.795567811978489359e-01
2.905388940909300888e-01
2.791499971201931718e-01
2.389958643245926329e-01
2.464953971227060170e-01
3.361089396969654808e-01
2.767211300469752944e-01
2.457386118847164069e-01
2.855746717937309720e-01
2.974755181001029203e-01
2.813224572320379147e-01
2.038061477417147105e-01
1.898287396851212339e-01
3.426617304635422578e-01
2.199702869001695094e-01
2.797776668818001689e-01
3.203058664148100143e-01
2.597612305428218527e-01
2.527906456353835596e-01
3.110677924947142792e-01
3.438953061281753709e-01
2.900908963032708954e-01
3.159784307737700804e-01
3.033346534119775173e-01
3.043635648986214304e-01
2.944614686099020773e-01
3.068666367413647733e-01
2.442540799062314916e-01
3.010969484901749871e-01
2.416460763314817184e-01
3.188382361144564414e-01
2.442531993804809010e-01
2.426376334631819010e-01
2.885570693663732644e-01
2.648923270624758963e-01
2.780095421596159300e-01
2.395517909479434326e-01
2.503388742287887547e-01
2.237529682577904244e-01
2.693371239712053500e-01
2.927039173793776206e-01
3.110938573254491413e-01
2.567248259767674345e-01
2.658846938808354099e-01
2.731908611919648400e-01
2.444170247470574264e-01
3.349612289140839749e-01
2.460525036654676312e-01
3.067489907111597969e-01
3.096508909720308012e-01
2.541410606924003335e-01
2.910441577128514701e-01
3.129559401771144223e-01
2.821063420477671890e-01
2.637960637476558512e-01
2.781254870026468318e-01
3.058476408677728853e-01
2.615812957317151244e-01
3.047829965220508752e-01
2.721001288323280920e-01
2.390526807883689153e-01
2.528765145152270244e-01
3.093117958224061992e-01
2.817438117088473248e-01
2.410253616010051558e-01
2.773543989116269426e-01
2.949207481449969137e-01
2.571891588078338287e-01
2.130189071854798333e-01
2.562000885719141752e-01
3.102701863570399565e-01
2.029704052287056026e-01
2.516583807818089658e-01
3.148855970534167881e-01
2.884344406523700610e-01
2.948136623094458897e-01
2.712103460543197064e-01
2.577832415892936657e-01
3.231672678942327237e-01
2.666925710593883725e-01
3.356993990785070436e-01
3.084478351259788975e-01
2.484480871666201740e-01
2.998999065666118069e-01
2.630412998085008280e-01
2.857173467932300204e-01
3.356238896458383913e-01
2.756919020027104317e-01
3.132291171544683839e-01
2.829798363129933936e-01
2.481284488379769115e-01
2.493833712806777236e-01
2.484614886913432130e-01
2.575527559632368457e-01
2.578345590923581399e-01
3.181045954937791187e-01
2.688720064184676461e-01
2.798897308322511601e-01
2.548395618572824595e-01
2.634464286282838241e-01
2.730315861315487647e-01
2.864173406228053831e-01
2.686738859695627646e-01
2.289248922895962823e-01
3.265180932857737472e-01
2.784401586845067222e-01
3.185438785941080986e-01
3.308404627218124450e-01
2.477272273654246293e-01
3.179120905943551012e-01
2.967192129243339527e-01
3.026969169501439461e-01
3.088988584472392995e-01
2.913727063592009836e-01
2.845249831890431236e-01
2.961576235410521285e-01
2.207256817723125819e-01
2.544768161845218368e-01
2.872210224950052515e-01
2.629405685576195473e-01
2.668181196211224515e-01
3.500304241389476934e-01
1.746010100657969522e-01
2.035937314887665550e-01
2.716780888948391870e-01
2.872944338533024999e-01
2.519598838619097059e-01
3.102055152391896553e-01
2.501216096147110268e-01
2.276685109801523388e-01
2.835725154066412457e-01
2.988521549962138146e-01
2.997154388483875831e-01
3.077224003126393659e-01
2.303728929402312497e-01
3.077986814589360742e-01
3.832246270485364370e-01
1.904133973336518126e-01
3.105608360757005637e-01
3.679843681419392443e-01
2.596570994473173521e-01
2.435485944096005828e-01
3.167109564250500942e-01
2.466650226071955554e-01
3.324449390989174802e-01
2.795593643766354219e-01
2.808726113464071195e-01
2.950128545306790473e-01
2.314862435411511044e-01
3.101074761885624920e-01
3.955212760140967565e-01
2.879686339981961662e-01
3.468809234956816701e-01
2.593319334878583238e-01
2.798889668459433877e-01
2.816471560477755709e-01
2.594997358121644560e-01
2.400866959113238108e-01
3.199556123699002774e-01
3.100595481203929360e-01
3.109658665627825780e-01
3.021477563251231402e-01
2.832506911899299040e-01
2.693522618360871257e-01
2.737462786262713776e-01
3.033300339890992459e-01
2.636593902289109947e-01
3.419794042205536733e-01
3.005621361335833464e-01
2.530970308111978317e-01
2.817002866846748388e-01
3.032064673862919224e-01
3.078084219528863796e-01
3.166378268631878101e-01
2.263186108336664726e-01
2.298163821767793547e-01
2.375474446748603585e-01
3.688981157113068732e-01
3.085460736384224578e-01
3.559658826709748980e-01
3.351905957992366014e-01
2.808433153199198506e-01
2.708074537231036638e-01
2.705611282585019817e-01
2.323270934115672925e-01
2.897265221710489391e-01
2.612019404398391864e-01
2.746085407607237738e-01
3.220266369906672477e-01
2.405851205027695894e-01
2.218011740300586954e-01
2.509929254249271824e-01
2.513677095328961109e-01
2.760782086903192378e-01
3.200360410669083056e-01
2.186732734093647101e-01
3.031086021105268147e-01
2.651062457624891455e-01
2.198828119969377382e-01
3.017002680640625267e-01
2.961792890203662210e-01
2.897707656152175293e-01
2.742272997480336705e-01
3.054834096359261841e-01
2.484152031280557615e-01
2.501924491347344848e-01
2.975744403532059601e-01
2.948048447886228440e-01
3.078026178261253909e-01
2.811584408958663905e-01
2.695849811814672869e-01
2.270727109177803071e-01
3.300232842495420260e-01
3.026738536929424739e-01
3.175308255129449808e-01
3.000600470833198474e-01
2.696415153382155649e-01
3.330956661751756642e-01
3.056738360664502663e-01
3.137727810124603667e-01
3.157128326037161870e-01
2.904854102315778674e-01
3.419762791178502792e-01
2.701381877164353851e-01
2.954446334101250016e-01
1.655120339446195243e-01
3.260883755972980858e-01
3.095723782152832726e-01
2.557427403372611874e-01
2.478522837344793450e-01
2.422247956246908196e-01
3.081599006429237009e-01
3.195036953206878971e-01
2.771264574419050053e-01
3.268467771060976634e-01
2.971525745268723262e-01
2.906393130642864198e-01
3.170925834416622457e-01
3.103946185347758457e-01
2.145817056952954160e-01
2.703555347880340354e-01
2.629375823073995533e-01
1.976381364402513552e-01
3.088143828979647010e-01
2.694013864279546921e-01
2.718929222369363963e-01
2.527047146981011849e-01
2.594012071402319042e-01
2.751164828468499746e-01
2.644840534001144383e-01
2.714982690198093906e-01
2.546665576538748033e-01
3.161673202642416580e-01
3.078203015150670074e-01
2.708285583529862484e-01
3.056579353217483974e-01
2.943856096221752483e-01
2.507561371182635002e-01
2.674219621485901532e-01
2.480375417532969806e-01
3.106369016457386500e-01
2.874801061905047361e-01
2.799033183715663453e-01
2.483703011678187189e-01
2.434379349088148514e-01
2.424022526896303376e-01
2.722102567562780795e-01
2.294269523954333700e-01
2.458196494726569425e-01
3.675990424153232072e-01
3.102223426635267733e-01
2.966348142666442311e-01
2.609969571216868567e-01
3.070512323376881625e-01
2.659717046071042867e-01
2.953322665823744919e-01
2.651735468902653992e-01
2.909335789510736903e-01
2.403772309012713049e-01
2.072112320863311874e-01
2.177123915415585809e-01
2.837300408719391487e-01
2.696022843903141952e-01
3.108603067256783259e-01
2.991998116780678618e-01
2.375703946591772309e-01
2.787547074057047936e-01
3.180430821176563616e-01
3.030625773654312960e-01
2.842138043178752405e-01
2.982486899753857834e-01
2.942515307905384514e-01
2.949902712850183129e-01
2.799335441081478582e-01
3.048606364714909756e-01
2.686959263292633682e-01
2.911148930956232173e-01
2.417932361390321416e-01
2.780719758185591362e-01
2.648492910607517792e-01
3.023916032339086235e-01
2.944858988354617790e-01
2.631813121374856346e-01
3.268907703669703402e-01
2.729049259073432210e-01
2.821965512512108476e-01
2.967781622075213455e-01
2.730516703493265362e-01
2.854762373598750957e-01
2.459802075689897505e-01
3.536832218284638452e-01
2.479953886200883528e-01
2.476124984522189987e-01
2.657188951233483420e-01
2.761089199955997775e-01
2.988566091758320109e-01
2.644841929737730690e-01
2.788418610734229031e-01
2.891170639747265292e-01
2.856588761331893545e-01
3.029542283727835184e-01
3.340795377348607653e-01
2.625911990738281632e-01
2.537040988830728816e-01
3.488015058269323676e-01
2.597250188856517483e-01
2.625713268297760750e-01
3.154297715779389999e-01
2.141781349487905106e-01
2.550793758717481152e-01
2.138997705586235254e-01
2.577893988992614460e-01
3.959863991592453281e-01
2.839078888255524014e-01
2.974994555939562968e-01
2.299989299247851560e-01
3.028878247213359076e-01
3.071453267625401384e-01
3.067936922051164306e-01
2.669410649652633749e-01
2.695694042939481561e-01
2.588044992673640965e-01
2.320167716222666376e-01
2.350875848271622437e-01
2.666011249481440304e-01
2.380676606112320237e-01
2.845879333906760622e-01
2.666326848864870036e-01
2.943406772240588776e-01
3.300679191935645407e-01
2.616742198586268220e-01
3.357197972798947605e-01
2.981633964855851526e-01
2.863868215516594540e-01
3.258220281593580681e-01
2.489086716983239800e-01
3.182877101723714519e-01
3.177617329778876787e-01
2.844369328825935850e-01
2.721042818270592578e-01
3.076051183331457994e-01
3.135326839214332972e-01
3.278455610968867839e-01
3.080730192706331305e-01
2.325877777968005933e-01
2.505661595607533987e-01
2.673530615463501903e-01
2.969200408500181632e-01
2.749016400822389961e-01
3.122135698395551717e-01
2.081396547731772795e-01
2.893402219256218655e-01
3.056048227498094350e-01
2.777515380499645525e-01
2.903488597056159137e-01
2.155618973932239835e-01
2.917049896905432593e-01
3.552656106412734327e-01
2.447598749182950117e-01
2.370964870036003924e-01
2.604559388247980056e-01
2.615144041668566732e-01
3.357087078029828420e-01
2.882670840236785104e-01
3.071968725888095109e-01
3.107602446575630784e-01
1.830642202910465755e-01
2.469554203664943159e-01
2.582502192249698236e-01
2.783704725353486342e-01
3.280915156087725881e-01
3.181436750602697483e-01
2.627434198648765373e-01
2.397609904409725157e-01
3.296843081285160126e-01
2.560032389074942683e-01
3.123709308117861294e-01
3.175221114288095392e-01
1.797549278453960397e-01
2.694452368638814432e-01
2.820414666983544483e-01
2.575181867835794614e-01
3.182304545309735389e-01
2.475057499036680542e-01
2.856215634265805159e-01
2.148978039958238107e-01
2.405534346102163323e-01
3.107230128572888717e-01
2.606580089118141208e-01
3.055763446527281491e-01
2.444498287849573570e-01
3.017285937097258230e-01
2.581768520876489004e-01
1.869204940703433071e-01
2.438335484251503149e-01
3.139072603316468979e-01
3.198079318018887118e-01
2.929169475231298003e-01
2.151605766815893328e-01
3.164925622635672564e-01
3.182489650390590841e-01
3.013529443173425526e-01
2.612095040252990219e-01
2.898901455116428272e-01
2.182960348594907840e-01
2.288322938806631734e-01
2.788985214261280321e-01
2.270009278030897804e-01
2.164660548370222204e-01
2.456153819210177003e-01
3.256514180283108795e-01
3.190851742473784780e-01
2.503594891324675276e-01
1.923994224658821806e-01
2.679208790739832646e-01
2.786614735189013592e-01
2.492112747490641544e-01
