2.249005001505285650e-01
2.833069513556701335e-01
2.939300557391896773e-01
2.340244325312945128e-01
3.081250242613050583e-01
2.231241162932953714e-01
3.142412456497589157e-01
2.330760629144440488e-01
2.740074154761745762e-01
2.411478836115331925e-01
2.306713742443369797e-01
3.481418595085769008e-01
3.091029567574821169e-01
2.115109160540044608e-01
2.430873474997611305e-01
2.345741296745722515e-01
2.634939427679701685e-01
3.084701514185201887e-01
3.069815861231158793e-01
2.340208530371588602e-01
2.836061167652852988e-01
2.319531221178074698e-01
2.494738681241211176e-01
2.500666772914768576e-01
2.738139361901431590e-01
3.093061570648267811e-01
2.463971247168435519e-01
2.190004015064354603e-01
2.845643922873152265e-01
2.816509343781057884e-01
2.467583408516592081e-01
2.717925578907128825e-01
3.006624475845205424e-01
3.474698751792895668e-01
2.833713611459902082e-01
2.524354122580424464e-01
2.417528760852706293e-01
3.249413971741313967e-01
2.687436951991006295e-01
2.363014855707853412e-01
3.090227771904427989e-01
2.438964915740891304e-01
2.551845408177670360e-01
2.692221446092785131e-01
2.705467633110807957e-01
2.899512427578311291e-01
2.509456583514530492e-01
3.046113029493336399e-01
2.763423150195148947e-01
2.242559647746381335e-01
2.853228702667469641e-01
2.710669760299518338e-01
2.714454534435989941e-01
3.245909145458352185e-01
2.373835614495396484e-01
2.014386445610079068e-01
3.403947598968800059e-01
2.270342613444001900e-01
2.342947801440362632e-01
3.112800568332549367e-01
2.793658602888998699e-01
2.149730090571984886e-01
2.688964350563773364e-01
3.280356356931095618e-01
3.179337713180577785e-01
2.890644323523172687e-01
2.688179087150049940e-01
3.183939054059979901e-01
2.999602399854032764e-01
2.826000522350886057e-01
2.699524284867437229e-01
3.034165030521414064e-01
3.197710795509636217e-01
2.502459841348186331e-01
2.275954910782456153e-01
2.529364194031174518e-01
2.338075540008874575e-01
2.971348321512764512e-01
2.461822221266739275e-01
3.296789595081171531e-01
2.788770041114453924e-01
3.278526842717988665e-01
2.127463366997994765e-01
2.655975628243228415e-01
2.411030811197115153e-01
2.151964045194892650e-01
2.443997349804351293e-01
2.828316159605356872e-01
2.203924009682619312e-01
3.281845383098976332e-01
2.960986577721070878e-01
2.739054971978556186e-01
2.904133586865045302e-01
2.396690851331331473e-01
2.413019268360515890e-01
2.427422927713273615e-01
2.408362829929705518e-01
3.269501105370302141e-01
3.094541396057788329e-01
2.694312907210772989e-01
3.128587214429418006e-01
2.851592561805987858e-01
2.843708492864319703e-01
2.839315913931874658e-01
2.393362080655260515e-01
2.765193678660722298e-01
2.531963000348931847e-01
3.082351682601983667e-01
2.679274674935172573e-01
2.671398941623226997e-01
2.543767744608714798e-01
2.849419424365880471e-01
2.904794465417724902e-01
3.327476102018624982e-01
2.995659038798774154e-01
2.723537673733562592e-01
2.883756773117858163e-01
2.794654240010513435e-01
2.857308616894150277e-01
2.800799767141892160e-01
3.173300692052029581e-01
2.596574783409262843e-01
2.647516079749864248e-01
2.023807700886104399e-01
2.715484634974616451e-01
2.842931132348158196e-01
2.617763882181631807e-01
2.672625524789111751e-01
2.514886685408171951e-01
2.541478692505573234e-01
2.440002082163136299e-01
2.357678137764969428e-01
3.605348327668624897e-01
3.285545278314256912e-01
2.478224902821446474e-01
2.667957191540124007e-01
2.861884328404875055e-01
2.997329573413888282e-01
2.831296697834090881e-01
3.047812573918983192e-01
2.637923242803200674e-01
2.629574147582567911e-01
3.107883802720745048e-01
2.843537625836379257e-01
2.195515602430012370e-01
2.831171120005279707e-01
2.462866723582662065e-01
2.934727933224677843e-01
2.512512845959622987e-01
2.460089630170808894e-01
2.824241884926114721e-01
2.396747924786893358e-01
2.323950762770311818e-01
2.167070280364433998e-01
2.773002785545875537e-01
2.801634252148546000e-01
2.990334738556239547e-01
2.721790557544856992e-01
2.595778543867418020e-01
2.301180648481428725e-01
2.670385093735834214e-01
3.002616823672269453e-01
2.451423559740250058e-01
3.043725785569059150e-01
2.819783689431313300e-01
2.409072778944702509e-01
2.471788262093257971e-01
2.992491244187613364e-01
3.027390028450390180e-01
2.576347045725026486e-01
2.499059689613591650e-01
3.613879388769443146e-01
2.747646499709519574e-01
2.559590817607060309e-01
2.502834445800517504e-01
2.623478626312187312e-01
2.749803507507158074e-01
2.373692183571198822e-01
2.948486990759595083e-01
3.318750997630907640e-01
3.199577793437917705e-01
3.075918736798388120e-01
2.629988605478402741e-01
2.904826177611998794e-01
2.978328825056014706e-01
3.212618173793307941e-01
2.711074823398620381e-01
2.934055377967522138e-01
2.679315477139199153e-01
2.831663855246064343e-01
2.315872437712029330e-01
2.563632900327907360e-01
2.673288211058595376e-01
2.756556719705329783e-01
2.682278527053433281e-01
3.218500833251582427e-01
2.113789168286422382e-01
2.449096396796736075e-01
3.083141229145130446e-01
3.600925079375706939e-01
3.170992428826853726e-01
2.798167110415373804e-01
2.550713021643810086e-01
2.850051056741105260e-01
2.526651367592399611e-01
2.253848975759596973e-01
2.170672454851544919e-01
2.144918530881825824e-01
3.104960596659436245e-01
2.482831712095033283e-01
3.005455995991230256e-01
2.302837953170611685e-01
2.273158020264982315e-01
2.519624304684336957e-01
2.488655639197790148e-01
2.608305335747665987e-01
2.765895477098302413e-01
2.875961394169763152e-01
2.393509974487326164e-01
3.726948139354107070e-01
2.869116131130547975e-01
2.465253532614910537e-01
2.146309298473560445e-01
2.896223397698335922e-01
2.930403896324219604e-01
3.279460101567074903e-01
2.529100710574523347e-01
2.072526027042431718e-01
2.992506948473801498e-01
3.089875719314206237e-01
2.134505945988594000e-01
3.283099017925549257e-01
2.186641020494322629e-01
2.867947387227538503e-01
3.001566186951020176e-01
2.542553405493502283e-01
2.252247421872476951e-01
2.515334099170957183e-01
3.367818626260229431e-01
2.454100351721704432e-01
3.277791848704336153e-01
3.138666543954076182e-01
1.884121900762123214e-01
2.717395313965810244e-01
3.528081091576890649e-01
3.486621086971830596e-01
2.806285677241716070e-01
2.549121524569040176e-01
2.886148486846251693e-01
2.614610470990697544e-01
3.300833660272455838e-01
2.625038293824665803e-01
3.101961708152224384e-01
2.812087973579437961e-01
2.651568040870314613e-01
2.729378878854590851e-01
2.819872784069017424e-01
2.645541615492403853e-01
2.635468457574658974e-01
2.716114405202414428e-01
2.325917682330373992e-01
2.260546365379095257e-01
2.619803554019005665e-01
3.308065313151621334e-01
2.333821283700308613e-01
2.198927753825314357e-01
2.456407830862546160e-01
2.512496016804580679e-01
3.425727800523300504e-01
3.853497210955021401e-01
2.737610650394320944e-01
2.313738335373856647e-01
2.342837004889948005e-01
2.368800988963374876e-01
2.869945235359332436e-01
3.289274027392347644e-01
2.813409394726301138e-01
3.236218972331876831e-01
2.619881778763106794e-01
2.626118649440515873e-01
2.861910958933853721e-01
2.353348489583113046e-01
2.707158047699796954e-01
2.992171342261614742e-01
3.339483261777936862e-01
2.596221845251139304e-01
2.853131094456137218e-01
2.444954387697017562e-01
3.092300997700191956e-01
2.887271089332192897e-01
2.225122770885444579e-01
3.331142392584354184e-01
2.775779870108366909e-01
2.611766297126392189e-01
2.513825327962665446e-01
2.903143558355905096e-01
2.834841608806646929e-01
2.477183479892814399e-01
2.595247426551052783e-01
2.836458896155190090e-01
2.259491448113938872e-01
2.683460563061710880e-01
3.561093042003475873e-01
2.694797192027800770e-01
3.341772362025292042e-01
2.449338512627916575e-01
3.059342041484147678e-01
2.939788938037810051e-01
2.867288277334374413e-01
2.623307521882595195e-01
2.470880826388689167e-01
2.830808954656103826e-01
2.903654501194414261e-01
2.551684873682703580e-01
3.299935315264346247e-01
2.599214944438602015e-01
2.547859490895170165e-01
3.388053352141862096e-01
3.136304819726142279e-01
2.869017968014305753e-01
3.200762466926866945e-01
3.134359525811987734e-01
3.147047875372675496e-01
3.097243723542068006e-01
2.374540395807360205e-01
1.929017503730166561e-01
2.582464851079217527e-01
3.629887148839742173e-01
2.422433872063272653e-01
2.871289418058401988e-01
3.484079367271868954e-01
2.440163794833943300e-01
2.123987836249356664e-01
2.768254702326945482e-01
3.136919088652598275e-01
2.865493393869946726e-01
2.786921412292207023e-01
2.740859673095699112e-01
2.609331291562850819e-01
2.531022496275142641e-01
3.294069027244311276e-01
2.168096847452826437e-01
1.710150826618995201e-01
1.853513900974675943e-01
3.193378786136439329e-01
2.917789173956560900e-01
2.866058118100605068e-01
2.362088238275138197e-01
2.785651673742448597e-01
2.524687925857368453e-01
2.447525433620796609e-01
3.189069272913135356e-01
2.671435731170524464e-01
3.050246200272577202e-01
2.281562890800829801e-01
2.339519042770784596e-01
2.927206161088143910e-01
2.733980094503610792e-01
2.242342316672349123e-01
2.745092324348067381e-01
3.669803931493070270e-01
3.053601866455964431e-01
2.526142090625624337e-01
3.078088691475625582e-01
3.006412580203693397e-01
2.601382769870659861e-01
2.378168904415515206e-01
2.170998937074465895e-01
2.246777915058993103e-01
2.791218542674200331e-01
3.470942430546433699e-01
2.598976454167262196e-01
3.425042505184628938e-01
2.412597510957846803e-01
2.896646844199615156e-01
2.480650012857248399e-01
3.058237884000125084e-01
2.756310865457377579e-01
3.364718429025861934e-01
2.867517156558541114e-01
2.428429427059041190e-01
2.655689923712601930e-01
2.558019340924352347e-01
2.326085892403163546e-01
2.578790054312448676e-01
2.072054692052392455e-01
3.502588924758578970e-01
3.205386131822059448e-01
2.441654910688105529e-01
3.152844959049927454e-01
2.572331829388415092e-01
2.674550745188741807e-01
2.556874037302144242e-01
2.132377946692889381e-01
3.030537634930839386e-01
2.903439808454489346e-01
3.329946957824072573e-01
2.812080128575166205e-01
2.979346956743023633e-01
2.313175196721242166e-01
2.729387647681723594e-01
2.994309340533853891e-01
3.241398635813997897e-01
2.374548527919316532e-01
2.387053741189594236e-01
2.905664791425816018e-01
2.787881428020268504e-01
1.840402292632052905e-01
2.996702987618908853e-01
2.853036993335592575e-01
2.295484709365091247e-01
2.596941332308264627e-01
2.392309345874492621e-01
2.273916482234016601e-01
2.667139905648765463e-01
2.644405985423776140e-01
2.975043746121778798e-01
2.650058398319843911e-01
2.577298073429538094e-01
1.971667671463590565e-01
2.649514445943416674e-01
2.810038685949033943e-01
2.456757052505458561e-01
2.685578142123980494e-01
2.772129477740457593e-01
3.302412070501521968e-01
2.390070189493547770e-01
2.368800053897401336e-01
2.057660692672493019e-01
2.943077562186944274e-01
2.477794874506346889e-01
2.534216287109094523e-01
2.677796881529299622e-01
2.296196653182367431e-01
2.524294881213987596e-01
3.054656734496721815e-01
3.159432364147218286e-01
2.638868372247903937e-01
2.906963198916497348e-01
2.536307091615511156e-01
2.775413547842424111e-01
2.471474285160356055e-01
3.514149301989616392e-01
3.012855129816133792e-01
3.098885562932305882e-01
2.518332185033153592e-01
2.932868219516346908e-01
1.968835696456920359e-01
3.164271143788203733e-01
3.294024529780388288e-01
2.543193980457376102e-01
2.736022812373485880e-01
2.949385058818249639e-01
2.649205250854673177e-01
2.583775042644011477e-01
2.524166052506824354e-01
3.004754216849918058e-01
2.979410946702043539e-01
2.743748286235685452e-01
2.966910336140510251e-01
2.354942343583978359e-01
2.677932982787193938e-01
2.742695615405735809e-01
2.920241574628706371e-01
2.357671929318739257e-01
2.556388981499020385e-01
2.682271251493181796e-01
3.175306777859727703e-01
2.266631249044204766e-01
2.520386523577442528e-01
3.021139028049663056e-01
3.081498353893496467e-01
3.018886917834071593e-01
2.695543292051219564e-01
2.471146773895053217e-01
2.905606181520534737e-01
3.025949475550828160e-01
2.628693336840342565e-01
3.435209081914930018e-01
2.918956311284208738e-01
2.674017806625022531e-01
2.802233206107390684e-01
2.903289742678957230e-01
3.373009682984153823e-01
2.239184471367464124e-01
2.364084947730533126e-01
2.853719130016974526e-01
2.372980876346667545e-01
2.863888971512061898e-01
3.177749322150025257e-01
2.655950284440194431e-01
2.745980605842960331e-01
2.007544603162714492e-01
2.164443733901939004e-01
2.919279994070240192e-01
2.907091543427937630e-01
2.323940317133724176e-01
2.435943777165560375e-01
2.301227241815360924e-01
2.573104697687716991e-01
2.603394733270709138e-01
2.211460196835690617e-01
2.891603289403807953e-01
2.499357237945165622e-01
2.963101978766167210e-01
3.613583525575393973e-01
2.863647400468737336e-01
3.028734477199948039e-01
1.987615392973536010e-01
2.631204121075126356e-01
2.649846804970233949e-01
2.648847108470119283e-01
3.004320564090902645e-01
3.194133244494186674e-01
2.582086425627363457e-01
2.691847122591831121e-01
2.603510816726390953e-01
2.843197067372913445e-01
2.882892859813965258e-01
2.914350840059476977e-01
2.713487998663273726e-01
2.563547120479143793e-01
2.109612983636758587e-01
2.901663203243690647e-01
2.523816852076162798e-01
3.062769335223424205e-01
2.854834392897290241e-01
2.913488834190395838e-01
2.878484872548412454e-01
2.965984742924834827e-01
2.392103581989462047e-01
3.577799505417248449e-01
3.248065979647960511e-01
3.086461548692953638e-01
2.899925420483941974e-01
2.301258954340344998e-01
2.655287201106154016e-01
1.958248258093471250e-01
2.567703706186396651e-01
2.940165119358019719e-01
3.106265453526411702e-01
3.102040020544691856e-01
2.423954555481732942e-01
2.612684083883955455e-01
2.928307193763357019e-01
3.017698186759865675e-01
3.317187466388554773e-01
2.826737879834116396e-01
2.348932254390113661e-01
2.995818419716395065e-01
3.128801061359063329e-01
2.763112398100130984e-01
2.555118476267568828e-01
2.387260281315844446e-01
3.219649466289074558e-01
2.309268526498543528e-01
3.400267849373683759e-01
2.826223383716541249e-01
3.260809860099345148e-01
2.648022637443225302e-01
2.759095449867144945e-01
2.284143971068249290e-01
2.768835907031844679e-01
2.006317605687015226e-01
3.215619201652381021e-01
2.332574220912974616e-01
2.840918753322626000e-01
3.031203759031973477e-01
2.613537133397293988e-01
3.291892259796350140e-01
3.352075714107632942e-01
2.276437106660559873e-01
3.092451202511706798e-01
2.503775779734587204e-01
2.764857943827284115e-01
2.481522217907760341e-01
2.778222677013808539e-01
3.387966464447098036e-01
2.818521326005172800e-01
2.386520421460185670e-01
2.656176175673896633e-01
1.822884042792786707e-01
3.272317172217881764e-01
2.694211715466812707e-01
2.454442100379057856e-01
2.719120160711657741e-01
2.791435195888516407e-01
2.567405902055069356e-01
2.800892149267593112e-01
3.285856225382751683e-01
2.739438200230428500e-01
3.025898250066476614e-01
2.058968341799589652e-01
1.717560847614995612e-01
2.873068262195017653e-01
2.045811066083172147e-01
3.108437001629050234e-01
2.557937407603101954e-01
3.016152295137163319e-01
2.971641127849538044e-01
2.626562424425714082e-01
2.836484924328184221e-01
2.998509471208917199e-01
2.352545403340388641e-01
3.087713457453587496e-01
3.241533345170313773e-01
1.963946372237693749e-01
3.170763960809307447e-01
2.788410913888962339e-01
2.790578643674587744e-01
3.072270512850896473e-01
3.364039694239398526e-01
2.698593036582831450e-01
3.052211908061833179e-01
3.032129519646722393e-01
2.941719335552996362e-01
1.990661966553157469e-01
2.501593371469875704e-01
2.175050672587131306e-01
2.798513999209462644e-01
3.104763445778081499e-01
2.933177242142783747e-01
2.905492013915813576e-01
2.322717756622467711e-01
2.684278189470700737e-01
2.762186701600179428e-01
3.000880023667450436e-01
2.969070001910419920e-01
2.507546679883652097e-01
3.104787102915308461e-01
2.915287719908575825e-01
3.236594446809223369e-01
3.322709400519000544e-01
2.925944712411735482e-01
2.230103306076565983e-01
3.187521813768049994e-01
2.162872822673069795e-01
2.396459173126995745e-01
2.998643695208177418e-01
2.278677431504352591e-01
2.918757105300908705e-01
2.358735057889634890e-01
3.175801184120506382e-01
3.263969329598646607e-01
2.544290182135215961e-01
2.645231333346024782e-01
2.472160447593698129e-01
2.943029173513220798e-01
2.243510464368416168e-01
2.118676438807838847e-01
3.013385639811292371e-01
2.465280284965021829e-01
2.738001549574127780e-01
2.889405189517681993e-01
2.724007307873190786e-01
2.495048850857742584e-01
3.030481565916178233e-01
2.432398220013543555e-01
3.059800695275718407e-01
2.126265654330836696e-01
2.923301335001959322e-01
2.517646489656759079e-01
2.974300432336779987e-01
3.276426722456972085e-01
3.344157749584230066e-01
2.765315383887069212e-01
2.360221486903510413e-01
3.050225885833456885e-01
2.294702358386800922e-01
3.071196372306980171e-01
3.023751174076597104e-01
2.273621191896835203e-01
3.091499120080764551e-01
2.462532817602339219e-01
2.224883396524680590e-01
2.838254216112212625e-01
2.438122700401931242e-01
2.353902887112977182e-01
2.317153095844609323e-01
2.455348162179231408e-01
2.123954191732544405e-01
2.408298737925326782e-01
2.508117814221920705e-01
2.650172998890662490e-01
2.986229881360591976e-01
2.634177218043619595e-01
2.882937287482592037e-01
3.098969044712136522e-01
2.872342378944335306e-01
2.997050310797192418e-01
3.741746154506367383e-01
3.546405662328824260e-01
3.185962558059655114e-01
2.662891402745066749e-01
3.059244178577215090e-01
2.853210859778718134e-01
1.680385909235315722e-01
1.953052054053107112e-01
2.671884017552788038e-01
2.812268979580203609e-01
2.908227610329726653e-01
2.503791382116355435e-01
3.039864013689606015e-01
2.295884558003446485e-01
2.722826658731904437e-01
2.750779484673928077e-01
2.673604549130412789e-01
2.203216111351407602e-01
2.353990755108766320e-01
2.701683326517814177e-01
3.238200233376120618e-01
3.273361828671276785e-01
3.108547206424657205e-01
3.040634686648311935e-01
2.286041443752985514e-01
2.007099433781279751e-01
2.923381395495367463e-01
2.708983448109950065e-01
2.710423907596448134e-01
3.202995434391613383e-01
2.527837866580538440e-01
2.278678655467754333e-01
2.395739002483018854e-01
3.153926930973252052e-01
3.086167331409771508e-01
3.055933408207401336e-01
2.221631903413749110e-01
2.590100898797984552e-01
2.704315730918821492e-01
2.514051006540531930e-01
2.577207829834255448e-01
3.194627565897474319e-01
2.968508675043066147e-01
2.705068093116660410e-01
2.589463954401046153e-01
2.834588242064036701e-01
2.198129118184159181e-01
2.934444010147603810e-01
3.191218587517183347e-01
3.081092556181741493e-01
2.785929780601729133e-01
2.034122440012991750e-01
2.393077810861147792e-01
3.154405886993754127e-01
3.088708631402526383e-01
3.266345383694262416e-01
2.671256861941204708e-01
3.189748446383624536e-01
3.050610007086493325e-01
2.805445010806581485e-01
2.955928878742793420e-01
2.817809836738423002e-01
2.639834157088074007e-01
2.158982534854679836e-01
2.334193791639209148e-01
2.933770443225560132e-01
2.371954648887838468e-01
2.493567484324455685e-01
3.140848439477462173e-01
2.987495293834699917e-01
3.318746507038179416e-01
2.605061450277207924e-01
2.604151325488724966e-01
2.702150951685421965e-01
3.011826656879034725e-01
2.812245522260651831e-01
2.054538643563327549e-01
2.426018298970689657e-01
2.309298433058520617e-01
2.139956265430641436e-01
2.934906127149738975e-01
2.350137398504592301e-01
3.328114727092978953e-01
3.276590303370696677e-01
3.112231462036634255e-01
1.895774666875465753e-01
3.076858015892567910e-01
2.950331797939760303e-01
3.257186252236727864e-01
2.817957708408857509e-01
3.189491077498280425e-01
2.776350700014527662e-01
3.131270663049920966e-01
2.270649198793347479e-01
2.836779415809871918e-01
2.396817544276790279e-01
2.668109902011376322e-01
2.705401871014145310e-01
3.289376530660842457e-01
2.338319287928939672e-01
2.273422589332089461e-01
2.321722613868268392e-01
3.137824309535175993e-01
2.907503435935239189e-01
3.214629472841499802e-01
2.992685520459264503e-01
2.434775412919993332e-01
2.781916175151694093e-01
2.423424218161367438e-01
2.701324545215065820e-01
1.737026404240855637e-01
2.111808322128955751e-01
3.260967180085557193e-01
2.798568649862087643e-01
2.956339464384114546e-01
2.579546490555088556e-01
2.426245705825599008e-01
2.575251497150105595e-01
2.368358648584534543e-01
2.169983913497040562e-01
3.330162770064667987e-01
2.801645893478849625e-01
3.089714634487915057e-01
2.997817852764756985e-01
2.294622379979548987e-01
2.573719523770418016e-01
2.838132799108731286e-01
3.272550616824222436e-01
3.331773711959053474e-01
2.223689638996677598e-01
2.152527018064729347e-01
3.294121849229617038e-01
3.164187611047259430e-01
3.153907226732683422e-01
2.802472197764222517e-01
2.642083234429072891e-01
2.838481440234284503e-01
2.906179201798742562e-01
2.728407090220235642e-01
2.911691264529275847e-01
3.092853242837945715e-01
2.032103818642526372e-01
2.764760024033490193e-01
2.772682997044473852e-01
2.557896877473916364e-01
2.779960300074358903e-01
3.078119511992668533e-01
2.556570684477014188e-01
2.688283752340239197e-01
2.018042565418854128e-01
2.387611706116849197e-01
2.108857532453416728e-01
2.491314440818666875e-01
2.674540240020214510e-01
2.962014478932227246e-01
2.699925501462717703e-01
2.727427957858902796e-01
3.136984728240052034e-01
2.345085398391930087e-01
2.591784693886508562e-01
2.459206724549192202e-01
3.177392493191190104e-01
2.535352936564995163e-01
3.053535655174826058e-01
2.186235602325686811e-01
2.089955913126379794e-01
2.435909231586287915e-01
2.757478161783365467e-01
3.043148613218966125e-01
2.489056352908090020e-01
2.770376825445440283e-01
2.740738558889197485e-01
2.123257027428452348e-01
2.642450100119239087e-01
2.549493608143858503e-01
2.823857379068044349e-01
2.266469196077030013e-01
2.502308405110466039e-01
2.502546476179098311e-01
3.265290943521139688e-01
2.497860747859198538e-01
2.593157202590221644e-01
1.847103979317485656e-01
2.684313756413875263e-01
2.680333141083904858e-01
1.901593394827413297e-01
2.441741396735448988e-01
2.765657250662283961e-01
2.497424372507809631e-01
3.258341317952933025e-01
2.717930404560480739e-01
3.403251864199046128e-01
3.259991968829115683e-01
3.798166373493930825e-01
2.978296508235473428e-01
3.594294075402943989e-01
2.917606315669712957e-01
2.253278408664894095e-01
2.573819134297145594e-01
2.740480493251839511e-01
3.342998394403224882e-01
2.333272225799135347e-01
2.746285700328609525e-01
3.192903352625938718e-01
3.484634928578599911e-01
2.727538994797834015e-01
2.766250514384365755e-01
3.303488878121981220e-01
3.049207169809248219e-01
2.565918720226052496e-01
2.527734620403497279e-01
2.969875326418717765e-01
3.050381064691263244e-01
1.938492340897297050e-01
2.692624194273721128e-01
2.564483493292705751e-01
3.069666945593826912e-01
2.991881863536412500e-01
2.494831102901756137e-01
3.029087492929218306e-01
2.782952265434733286e-01
3.149966163547144316e-01
3.204238088476359381e-01
3.252938387655474606e-01
2.563624607533026012e-01
2.820309990335534422e-01
2.725483787288099369e-01
2.454137483110678808e-01
2.823295760944526944e-01
2.781842147553140743e-01
2.295994390906740679e-01
3.011942748071155806e-01
2.946983935947024569e-01
2.573550343656482720e-01
3.332926028593867773e-01
2.728875685180016664e-01
2.811624884093367749e-01
3.258115867701242285e-01
2.420156984226708996e-01
3.093663263829593002e-01
3.109698081423922233e-01
2.291972418829524571e-01
3.073364168608772040e-01
2.127430989084616031e-01
2.849133331336084485e-01
2.560109699931304994e-01
2.469724809347561556e-01
2.556445055995188453e-01
2.570848604770484824e-01
2.580401768638186932e-01
2.319019821926809888e-01
2.538563653777846651e-01
2.721243943182996006e-01
3.158891911837355404e-01
2.338668885408897169e-01
3.509387262514707118e-01
2.379387645360071524e-01
3.153990905046177295e-01
3.051034974221876195e-01
2.929584328203017618e-01
3.069163282145791483e-01
2.951356573729749244e-01
2.638740890586377397e-01
2.610932963683742503e-01
3.432429869927951516e-01
2.547746983395108300e-01
3.045385906661911557e-01
2.833259528428960228e-01
2.690905560089081328e-01
2.754333925015511331e-01
3.196887164034343809e-01
2.812150070597657647e-01
2.656620980309838953e-01
3.183067952933102962e-01
3.527004627387737568e-01
2.785733532324498607e-01
2.998799545320496862e-01
2.519557842613327492e-01
2.582641198070395050e-01
2.215570909581677239e-01
3.313626961368214552e-01
2.830036834185175043e-01
2.401039327361623732e-01
2.233687500433686468e-01
2.540601747972641711e-01
1.897678228296717229e-01
2.942027339918404927e-01
2.637050163289646476e-01
2.623490426054450042e-01
2.786381656272296503e-01
2.505835118036911502e-01
1.880775792525285206e-01
3.064109015670609115e-01
3.308526187814418429e-01
2.993958731749667979e-01
3.437357758655235074e-01
2.846315865211668794e-01
2.656965921653345886e-01
2.928275175781351880e-01
2.877776820069208874e-01
2.909229815297407207e-01
2.534796317796005338e-01
2.769048774335778340e-01
3.196419542089659060e-01
2.870467897165234761e-01
2.861256414384568680e-01
2.276411539930558448e-01
3.148123459711829053e-01
2.201052630500855145e-01
3.176598809489512565e-01
2.122979182576839596e-01
2.295771709463152455e-01
2.883939886040706724e-01
2.243390991392348044e-01
2.229573334750907521e-01
2.422161621048029012e-01
2.830175446499282321e-01
2.940730371291364609e-01
2.747992239923058300e-01
2.793330309466943162e-01
3.029002896907023179e-01
2.691991997867733133e-01
2.485916094957801858e-01
3.330464334742798682e-01
3.191395420623016621e-01
2.093065775211635504e-01
2.301064464570691803e-01
3.119541683206105143e-01
2.978740106241891672e-01
1.898960152492786824e-01
2.558802825941746129e-01
2.540007415562928750e-01
1.756058110807037220e-01
2.963560102240370697e-01
2.133207335396346549e-01
2.404482848934880734e-01
3.206918401103235339e-01
2.326489754505461360e-01
2.296070164890522403e-01
2.532392256051027024e-01
2.892384495563768421e-01
2.368060003403101854e-01
2.521247720690141803e-01
3.117297041165137395e-01
2.891011544144141965e-01
3.381631704493702206e-01
3.249060385141675500e-01
2.600844492709934452e-01
3.204843851902720031e-01
2.527691719310860563e-01
2.812121460246620464e-01
2.465721800679370190e-01
2.894914707964973410e-01
2.810100459349553770e-01
2.379059676533682999e-01
2.450929831117586721e-01
1.929432498341730473e-01
3.346091020136039429e-01
2.855964356163165352e-01
2.760282451073724497e-01
2.228808879026626943e-01
2.985479809230021653e-01
2.605020350018468767e-01
2.731860153902619937e-01
2.465681038145677018e-01
2.357561480485593775e-01
2.237379810050183215e-01
2.137783832290167940e-01
2.772174271529395662e-01
2.649174720787182968e-01
2.544246948855363177e-01
3.061112615496334177e-01
3.036584789391461037e-01
3.103650845813627490e-01
2.752930950837580992e-01
2.890029785786325522e-01
2.538284718737056633e-01
3.348278706723901155e-01
2.337948045723983737e-01
2.016071413385157884e-01
2.239767703697329027e-01
2.617209694092076377e-01
2.979743960262301594e-01
2.414967130517778893e-01
3.075830521757609848e-01
2.656842947158897239e-01
2.474067432309681180e-01
2.235602764535688514e-01
2.527617545112884057e-01
2.946737694883817538e-01
2.596821794662612648e-01
2.617796456169500519e-01
1.933727198299089456e-01
2.251800311215962358e-01
3.389423187813389027e-01
2.268826189410965144e-01
2.795389360179630911e-01
2.882669276331912833e-01
2.645234259804394861e-01
2.514359299244559032e-01
2.344067858759754652e-01
2.372307984972178985e-01
2.876941601691531680e-01
2.743712454084605845e-01
2.281733434899545221e-01
2.544127463563478075e-01
2.646258306881076883e-01
2.878687447019909751e-01
2.278696400436885094e-01
2.066814224958485879e-01
2.999900950273896028e-01
2.954314457896408119e-01
2.341526272094796024e-01
2.334838836064110357e-01
2.705511894542925733e-01
2.954045934572255838e-01
2.368263102032925338e-01
2.805704341025889725e-01
2.517572690171219207e-01
2.559791109088682681e-01
2.615703430362845694e-01
2.104057774006050097e-01
2.554972580061725118e-01
2.649392002261544699e-01
2.548597272978307959e-01
2.854545236548286513e-01
2.982924173685687630e-01
2.570378721774715935e-01
2.626480949873123416e-01
3.126363373435295245e-01
3.213368466321721573e-01
2.810690280495006244e-01
2.520573357956458760e-01
2.595990715231433210e-01
2.765133339738561902e-01
2.594188918398945276e-01
2.535956716219925355e-01
2.282774721724525890e-01
2.644687691380975814e-01
2.979961372855243762e-01
2.658579392596970847e-01
2.556808687884177811e-01
2.478756580823162359e-01
3.436757095824400365e-01
2.971815116226326214e-01
1.892161766203823148e-01
2.933741114478387035e-01
2.078403855228159736e-01
2.391045244129149094e-01
2.976319111836421838e-01
2.553483112056263438e-01
2.326559449556332981e-01
2.670061544546049048e-01
2.835665557472769049e-01
2.300122315852889954e-01
3.356861051443872368e-01
2.262178294198478601e-01
2.079054995970363307e-01
2.390502667338523235e-01
2.188260916128087208e-01
2.523473212343683159e-01
2.318322673285487800e-01
2.240772952489397396e-01
2.839783560743642798e-01
3.270632815608803257e-01
3.325530794830702241e-01
2.751964155547292346e-01
2.777354636495839024e-01
3.022982645976839966e-01
2.486065244040265299e-01
3.052286858966026806e-01
3.182104229891343228e-01
2.671883542066380568e-01
2.638297430119408427e-01
2.944431870151302255e-01
2.844363788115922276e-01
1.886141859801526710e-01
2.736378770948885153e-01
2.362762641829773136e-01
2.269676693377296606e-01
2.671758587333248336e-01
2.458296283558620843e-01
2.047270932643328323e-01
2.966217282249855036e-01
1.928514073338652435e-01
2.384578576832052099e-01
2.941677907346522680e-01
3.412735876018070380e-01
2.561350638638357213e-01
3.100913005188861149e-01
2.745087350490162947e-01
2.392989188286060720e-01
2.628360832864074514e-01
3.235666393196713897e-01
2.883194976185153857e-01
3.176081061171710518e-01
2.735115418364766349e-01
3.021256949047783080e-01
2.803545353965259945e-01
2.676306851141332377e-01
2.562783489226152511e-01
3.013994926878364455e-01
2.485465921825574243e-01
2.723814849087475287e-01
2.691233366694711915e-01
2.658085576604563571e-01
3.390901851184119353e-01
2.374680831526845559e-01
2.626492601647663627e-01
2.442462049511729127e-01
2.340430640136360319e-01
2.231868627228044966e-01
2.547166670954781886e-01
2.466353851029969568e-01
3.327759399177263044e-01
2.603920753237866093e-01
2.711337457738077772e-01
2.408263844484547223e-01
2.467978688615090621e-01
3.060249805615642416e-01
2.375260962201833081e-01
2.761999219979163755e-01
2.440320170759994467e-01
2.991767560150629390e-01
2.569132206943323116e-01
2.795460714998945218e-01
2.127764081204194524e-01
3.090305997217465683e-01
2.273437905908816670e-01
2.724130335267439529e-01
2.332151448208107103e-01
2.787357832854310824e-01
3.102552298538501785e-01
2.486518961211245105e-01
2.267035920125912152e-01
2.679859482921913005e-01
2.181178448439116124e-01
2.736711897252411818e-01
3.198781579651662765e-01
2.836967191130233545e-01
2.888844849823742900e-01
2.940092929156745694e-01
2.600762038735265902e-01
2.715803754982285545e-01
2.460415018572092438e-01
2.818993061307330517e-01
2.643383926190404076e-01
2.575405109868101339e-01
2.557991082906528879e-01
2.719150117497361463e-01
1.974784876755210361e-01
2.945306704429370703e-01
3.455869580001543762e-01
2.017155896795512771e-01
3.008062355509486530e-01
2.464797890191477436e-01
2.490404881233085899e-01
2.911625756651342045e-01
3.060741643633941300e-01
3.331097458109413822e-01
2.211636011207778751e-01
2.032274465207626335e-01
3.024017368486068280e-01
2.830064017976304247e-01
2.837739276908077257e-01
3.417727463833397095e-01
2.814724217717614052e-01
3.144558209610399113e-01
3.476184384488607004e-01
2.312549291405134044e-01
2.436923841280556058e-01
3.152122549279512409e-01
2.783390589230953505e-01
2.763657666589267037e-01
2.910497946495004817e-01
2.188095651050288581e-01
3.346105893095208672e-01
3.159719632951904500e-01
2.498926503828995394e-01
2.137595224643305536e-01
2.136741936166157985e-01
3.032366954696453787e-01
1.978246194536840419e-01
2.633712963660850837e-01
2.799099179181331332e-01
2.826925658107379280e-01
2.998796642579396043e-01
2.207380786538019057e-01
2.757302878312616334e-01
2.327678317781506634e-01
2.836911733714593264e-01
2.883459509755036398e-01
3.092811729014967592e-01
3.038977902064159409e-01
2.557503475507466595e-01
3.200810254698486235e-01
2.295868010990358699e-01
3.421502030854091658e-01
2.817516629668801453e-01
2.714603425578893670e-01
2.298591738011417085e-01
2.902613401730851916e-01
2.471530557094745173e-01
2.538624179520654334e-01
2.711024383266728011e-01
2.819870562942455861e-01
2.125360467836819311e-01
3.023082132439431913e-01
3.092881807143079143e-01
3.104462198570945852e-01
2.734284843271745924e-01
3.437136103170363999e-01
2.341369144862907592e-01
2.678057905186122523e-01
3.046586345766092441e-01
3.421546861702389197e-01
2.357797962702132266e-01
3.409967909855592394e-01
2.380069571578620202e-01
2.331807851724161385e-01
2.353604132372571767e-01
2.395272588834630456e-01
3.084489838287522989e-01
2.565121817461694098e-01
2.920953931592030206e-01
2.535150567963692092e-01
3.535503637050502745e-01
3.597932434916964461e-01
2.509130933056737400e-01
2.600829373446612025e-01
2.692509608736271542e-01
3.017653340490530911e-01
2.457545605263586619e-01
2.905895295563596936e-01
1.967047550756558794e-01
2.335245949755557771e-01
3.376429008021405442e-01
3.503963626495064099e-01
2.508775786380737505e-01
2.188294696283801799e-01
2.294440591828035281e-01
2.333835841596944571e-01
2.568671829488895497e-01
2.714027000658035815e-01
2.065128409628614048e-01
2.807630102333291133e-01
2.618736007845410274e-01
2.779316460473587602e-01
3.043663582935978718e-01
2.604357442827304747e-01
2.887548005580282129e-01
2.998863375355720340e-01
3.031494083742076739e-01
2.302557345420793988e-01
3.265875708765221264e-01
2.504893411472087772e-01
2.193269408552753208e-01
2.555188616921320044e-01
1.937100990932878186e-01
3.085566443275144510e-01
2.857830845171831502e-01
2.269207070029591877e-01
2.650408692504392372e-01
2.402381469042194073e-01
2.432208496828209277e-01
2.757300865574650595e-01
2.524951829154209459e-01
2.802840468168932286e-01
3.247478689002715746e-01
3.083731998689781539e-01
2.314063381210346992e-01
2.586663701646325642e-01
2.362066014910114697e-01
2.801155013186338860e-01
2.606250851036607252e-01
3.238898222478521771e-01
2.383476592266279559e-01
2.768852267244564791e-01
2.417810223061361008e-01
3.283043682856492951e-01
2.555115963627974662e-01
2.701871774101876622e-01
2.632428862204718167e-01
2.290278673464006265e-01
2.292813058825603212e-01
2.128531599815694231e-01
2.833369591499754203e-01
2.442169224199799982e-01
2.921876496047772775e-01
2.027573415420300118e-01
2.922876946515351460e-01
3.730448669017037977e-01
2.937845738469803680e-01
2.390464669828974709e-01
2.687899876544440070e-01
2.509542490563808070e-01
3.197379670342381797e-01
2.786768485737321499e-01
2.409629532492336412e-01
2.347665374135884386e-01
3.609629217416069347e-01
3.168664536886246497e-01
2.031683046641987456e-01
2.892426936547932148e-01
2.464002598360261476e-01
2.859515486539482843e-01
2.232641937053637116e-01
2.639943604037669478e-01
3.129898056243988202e-01
2.426665256011496519e-01
1.691040666336144083e-01
3.291327273595598957e-01
2.745872233551114316e-01
2.679950590421277257e-01
2.839099409548668240e-01
2.504857421280956564e-01
2.667744403984491086e-01
2.735186930736811517e-01
2.696087117618511941e-01
2.076937495112607945e-01
3.206369985558460423e-01
3.009205586367791341e-01
3.091057766573723775e-01
3.101341737654771391e-01
2.825743017054571649e-01
3.423680137017338088e-01
2.867257570093071917e-01
1.948369810598436780e-01
2.664147957447774995e-01
2.868503074747890680e-01
2.554471044508352384e-01
2.345028133823076066e-01
2.658827419700898753e-01
2.954227809914038438e-01
2.925593806578419276e-01
2.598263096887530321e-01
2.501783520758131263e-01
1.848034859409508901e-01
2.781513195147889972e-01
3.044351708112602028e-01
2.791607951101113816e-01
3.297079252680966133e-01
3.406010074516484520e-01
2.020078902096347495e-01
2.738388902932064606e-01
2.447456671244407633e-01
3.005016464638985974e-01
2.627310815269994215e-01
2.393440895988930561e-01
2.711348407733374932e-01
2.483967976796369881e-01
2.727436774818946530e-01
3.021816836987794574e-01
2.639616716099624227e-01
2.589404593234722052e-01
2.725806394083273854e-01
2.754824389019624453e-01
2.298295567749936430e-01
3.342661361353713168e-01
2.398240036404478692e-01
2.927961305621625820e-01
2.974173801499873648e-01
2.232498382333580889e-01
2.916575555497670780e-01
2.170911910035439596e-01
2.623807595409416993e-01
2.867296684658103834e-01
3.291179632032655289e-01
2.200160652859587951e-01
2.507890513541667921e-01
2.976670280766767207e-01
2.896863753374416262e-01
2.146530541461293962e-01
2.553834243120809422e-01
2.959930023527053145e-01
2.930508858381075665e-01
2.258699818443132834e-01
2.841161019696546441e-01
3.156891217248590231e-01
2.019196480076998479e-01
2.678024881567581117e-01
3.234725465185309123e-01
2.381501486471103157e-01
3.051504968594983547e-01
2.091124839676114788e-01
3.147974470307287609e-01
3.326218797506075853e-01
2.369436200678377014e-01
2.671024614268352471e-01
2.296126854183017096e-01
3.003413706074963274e-01
2.138301271953908511e-01
2.971253175375121458e-01
3.174087130403687174e-01
3.225860472527385392e-01
2.262429392274852291e-01
2.390952964244296153e-01
2.735097184083309929e-01
2.188716788990064666e-01
3.585076254411755925e-01
3.328041042593698484e-01
2.369070106937947728e-01
3.082560638145325216e-01
1.998776258430026986e-01
2.784112596520884608e-01
2.933431958388381666e-01
1.935582901037790071e-01
2.134708170687587003e-01
2.345259535298647169e-01
3.095927997877413462e-01
2.672424959327243665e-01
2.211436730682218577e-01
2.726641471043709797e-01
2.723726140365870241e-01
3.408987389621405684e-01
2.843373904411917175e-01
2.782360972183661185e-01
2.445514871950972002e-01
3.016668173318138857e-01
2.805501715094834703e-01
3.890275093364118919e-01
3.138249104224994923e-01
2.539043134507016908e-01
2.978024204413600717e-01
2.596727037658952408e-01
2.768321167500988333e-01
2.706926091895865416e-01
2.384925339722999416e-01
2.539423545616950606e-01
2.702863437949795666e-01
2.771523849809339191e-01
2.806389789502274357e-01
3.383528744025833812e-01
2.465207371856746321e-01
2.915411025032829118e-01
2.499348271491239060e-01
2.919681253377005015e-01
2.208162706988829604e-01
2.803878690796325901e-01
2.921693712155898903e-01
3.608565900485659617e-01
2.813320579108226083e-01
2.784258166037221760e-01
2.696549582583774862e-01
2.955827818736531665e-01
3.423076475046226697e-01
2.921912436953215120e-01
2.990293461852456258e-01
2.364611174688623363e-01
2.734735023240471019e-01
3.475676023577158880e-01
1.791945929424727524e-01
2.507544955032912082e-01
2.176828245025554942e-01
2.681389866570385583e-01
2.886286946502132356e-01
2.867181276036501192e-01
2.204351374317326806e-01
2.511073289548081400e-01
3.037017823213585821e-01
2.714408929981868002e-01
2.858607328345461052e-01
2.745947354230923731e-01
2.875808256655567052e-01
2.894540661591448738e-01
3.175348494370370256e-01
2.439600296007287394e-01
3.355802356679288279e-01
2.194606604022757146e-01
2.277968809464561983e-01
2.545133714641408251e-01
3.431755678654207498e-01
2.381014727151002930e-01
2.543942724134671263e-01
2.350528194883708399e-01
2.919754371188745257e-01
3.191381085493705250e-01
2.164510836653265324e-01
2.211417403821507588e-01
1.773337871975661506e-01
3.167039650284784735e-01
3.029408865529352735e-01
2.599620828896972435e-01
3.454290387057346035e-01
3.160085684055986555e-01
2.690166891739972921e-01
2.578607572362335287e-01
2.247566683936689513e-01
2.412107154865785752e-01
2.976653206230580606e-01
2.772025235177603131e-01
2.425276562734470231e-01
2.447095655423305038e-01
2.811292300306049707e-01
2.218982716480278616e-01
2.627121982735156069e-01
2.649178583750602112e-01
2.821500190401832198e-01
3.164226412972385161e-01
3.454761608878510470e-01
2.187689857352327627e-01
2.362227988400911749e-01
3.110391473097202097e-01
2.581992538734538822e-01
2.902160591264613121e-01
2.601890672640028157e-01
2.637781870715418253e-01
3.023181640236479173e-01
2.206044877831317419e-01
3.031454202498552464e-01
2.849089251271255674e-01
2.593001644352513901e-01
3.338517122519157887e-01
2.868598733291908842e-01
3.044524013643797877e-01
2.640874180761018652e-01
2.654934803469047311e-01
2.376845650286920908e-01
2.632095986862302284e-01
2.434420670029016076e-01
3.402256981301439165e-01
2.384055828145393574e-01
2.518897431608612680e-01
2.738549733230187244e-01
3.095226882750692909e-01
2.730983802444507669e-01
2.617922717824225365e-01
2.795691660569313841e-01
2.588279386310364805e-01
3.245990940072259745e-01
1.960042796781831798e-01
3.000284974422779971e-01
2.475415637759595111e-01
3.490657199915424003e-01
2.639794173543228983e-01
2.389059123488857517e-01
2.683508655804573428e-01
3.087122371283306799e-01
2.836975944920478443e-01
2.577824262644712316e-01
3.477928153376977916e-01
3.063474467038576066e-01
2.390605302623090012e-01
2.411181289026231855e-01
3.020251777809203619e-01
3.200569523781230941e-01
2.906639724756485688e-01
2.235173901064256841e-01
3.120529645645840899e-01
2.919816998948123743e-01
3.207646935294393709e-01
2.720779977030504115e-01
2.356711859344152171e-01
2.702905347843356232e-01
2.761564884715392854e-01
2.983457845624536420e-01
2.878486860600049657e-01
2.699754860360994990e-01
2.681058579013578802e-01
2.747754342645372660e-01
2.671928216474906415e-01
2.132170219263244959e-01
2.907155512635415384e-01
2.228061488085749109e-01
2.697527806412984841e-01
3.293723386772690609e-01
2.618552103890889882e-01
1.827588529340322121e-01
3.048670423373738836e-01
2.193287124778333930e-01
3.162948555239923909e-01
2.717392164344842875e-01
2.858666232230244741e-01
2.756482857478417814e-01
2.583161571194680928e-01
2.802570437041193019e-01
3.280268014520085762e-01
1.883106805467852640e-01
2.749729034218633683e-01
2.107701862435307771e-01
2.126720263078140660e-01
3.124538944393159823e-01
2.622967039491970742e-01
2.624974641713774259e-01
3.366491505215773450e-01
2.491219950882769818e-01
2.211921805934768948e-01
2.811283968007580181e-01
2.545101790106570894e-01
3.087433434313351932e-01
2.920538476504740966e-01
2.454660188799396570e-01
3.217837825450865497e-01
3.258693293084042875e-01
2.637992810074984984e-01
3.100440281506715023e-01
2.206872697261837157e-01
3.170637737170899917e-01
2.950045312713061030e-01
3.105265453229773542e-01
2.593198288335440971e-01
3.208903697406278455e-01
2.580903048897689178e-01
3.257943236855550539e-01
3.035699355542482714e-01
2.931599426343082238e-01
3.447893682270600224e-01
1.810724495477213924e-01
2.729624059875842002e-01
2.672463843034034725e-01
3.175548132831494397e-01
3.130164502503344770e-01
3.067812527706975656e-01
2.683336947749971335e-01
2.716484465834418938e-01
2.705374102236145495e-01
2.781450609341769575e-01
3.108662265240890732e-01
3.113723605899805236e-01
3.025140894275071268e-01
2.617536405479186645e-01
2.795370249943942564e-01
2.887121265213987709e-01
2.863200289626610107e-01
2.241584803633137613e-01
2.932782226409770265e-01
2.893210456218589521e-01
2.929984033884833194e-01
2.038314045348185721e-01
2.183634003368139231e-01
2.940186455983175851e-01
2.219558892695710217e-01
2.898620005972661340e-01
2.821504463444279853e-01
2.821692511811529913e-01
3.015431411191423217e-01
2.338498694734096328e-01
2.779011790806895643e-01
3.327926432536631451e-01
3.143765264972349094e-01
3.029926535284230282e-01
2.575929860685381434e-01
2.302005039779602691e-01
2.465601674516646191e-01
2.967206417685367414e-01
2.504165622517099954e-01
2.767644911745076874e-01
2.556489571264893845e-01
2.105154860533820782e-01
2.131907448138311567e-01
2.356709274183227953e-01
2.714507184994858768e-01
2.870210951445077430e-01
2.550221287114219360e-01
2.862994183843149965e-01
2.871040143026474811e-01
3.211326385978722220e-01
2.374823414875161243e-01
2.951454985876400539e-01
3.405224183979899122e-01
2.542943110854753996e-01
3.211152049771954231e-01
2.529300259667546236e-01
3.009601881738996898e-01
3.068483803368206031e-01
2.791687739579427063e-01
2.336200690231791943e-01
3.136793156031267293e-01
2.594958115048142111e-01
2.862169301069038552e-01
2.349302544704218454e-01
2.887001501051847385e-01
2.324353032313685175e-01
2.028271270658087988e-01
2.575488051304092307e-01
2.748905466248642293e-01
2.690363567814051948e-01
2.664248062355218938e-01
2.361396815127635163e-01
2.907382421413073903e-01
3.032446472204322618e-01
2.750017501556833999e-01
3.162708104897382633e-01
3.391282600598576891e-01
2.565577727367563954e-01
3.246685058515398348e-01
2.721638990555681481e-01
2.733659554194173835e-01
2.487128361166965895e-01
2.099522811453482241e-01
2.424216616752203068e-01
2.993060876968994810e-01
2.774864471408222677e-01
2.397004405290664719e-01
2.450422679375553192e-01
2.501761275966167264e-01
3.001103963280868370e-01
3.113435314274232146e-01
3.371714185348982928e-01
2.980906960724152843e-01
2.328578986811725982e-01
2.253635558518502224e-01
2.769886242936029919e-01
2.755475479352877954e-01
2.814777902431136458e-01
2.967802994088982738e-01
2.655652285251622891e-01
2.634338226659632132e-01
2.460261782658609009e-01
2.686317544577458416e-01
2.491622467513221473e-01
3.023563357227683213e-01
3.122295195641068832e-01
3.051533072920369349e-01
2.531857763607581191e-01
3.084381257813915145e-01
2.359423882393841820e-01
2.905964610264550330e-01
2.992333449015590063e-01
2.690587467573479219e-01
2.928029435771292710e-01
2.379512209264008638e-01
2.936087389720202223e-01
1.955741006040434271e-01
2.918257168672674928e-01
2.724015189711542773e-01
2.388630437295871378e-01
2.813251591017560393e-01
2.427037396379245204e-01
2.864749509142491268e-01
2.662009530499325760e-01
2.430488605409850678e-01
2.380217407413305619e-01
2.518590326066115215e-01
2.711951760017795587e-01
3.018985323377747498e-01
3.233638771063255812e-01
2.636161443001089899e-01
2.325769194935042861e-01
2.389928562423815073e-01
2.934774649010730707e-01
2.078499082514743412e-01
2.561655135358285595e-01
2.844648079486689629e-01
2.843500876187411430e-01
2.551313462742960669e-01
2.306804829840232163e-01
3.324156041123890182e-01
2.535552629249560597e-01
2.600886986808279566e-01
2.960585624776326807e-01
3.257260367571350734e-01
2.399488224864096131e-01
3.331013802509837918e-01
2.432659864991934540e-01
3.011242085101372146e-01
3.104128898365582923e-01
3.136579045513410713e-01
2.896373689471576918e-01
2.750115467107763778e-01
2.792081124137619774e-01
3.378820186549405524e-01
2.210625300488762990e-01
2.133560120159424534e-01
2.817080975523469366e-01
2.293684003284617856e-01
2.853234893217341250e-01
2.975857132129528515e-01
2.186094595482416802e-01
3.273582051140809801e-01
3.132952322512499999e-01
2.628653644957110180e-01
2.901191651158521179e-01
3.205982317920817448e-01
2.858119798137901957e-01
2.128557400735896776e-01
2.336398124935354093e-01
2.276287302768296439e-01
3.120476718618393486e-01
2.219293516834767166e-01
2.356674360680756641e-01
2.764407894006794542e-01
2.642130345295350957e-01
3.278375700411806370e-01
3.132559273676461808e-01
3.195759216621389398e-01
3.345872986573323882e-01
2.611795304991865740e-01
2.690839470373764253e-01
2.606916056139990112e-01
3.162503484324516445e-01
2.671758343757981713e-01
3.466808373646977914e-01
2.322753185050997760e-01
2.707162324509093110e-01
2.284971162966586700e-01
2.591853199169909527e-01
3.495466077075484734e-01
3.043731135200982152e-01
2.656976145161462077e-01
2.768829883529456692e-01
3.054546598287220527e-01
3.121800851593413695e-01
3.124821354799140471e-01
3.289449547150160025e-01
2.707928934960974199e-01
2.892514809780948326e-01
2.317355225415759779e-01
2.960881255523962752e-01
2.298243265709112304e-01
2.977419240345299811e-01
2.140837986193606934e-01
2.907647722875562613e-01
2.650913502957922829e-01
2.595489456986284638e-01
2.757009326532362525e-01
2.724523142185253377e-01
2.683141619420092994e-01
2.795305498182247828e-01
3.450451167287891252e-01
2.821523569403406317e-01
2.947757770745437766e-01
2.529289406345658908e-01
2.638497768218150408e-01
2.663639545583456614e-01
3.409570991249295524e-01
2.416368648692622245e-01
3.084444136971870587e-01
3.388500503476195025e-01
3.430067554136938535e-01
2.648404519100015508e-01
3.257144570214959844e-01
2.912308900842631720e-01
2.997624660455669998e-01
3.424803028594097243e-01
3.293662991913084981e-01
2.553782238533801596e-01
2.461387879822485858e-01
1.878155272300816581e-01
3.201010456182394881e-01
2.794179610153301185e-01
2.966849378069407739e-01
3.503744654987887563e-01
2.996947516601240480e-01
2.228042103421069287e-01
2.158297966142153912e-01
3.235211036927491124e-01
3.158161024944712292e-01
3.015162906656431718e-01
3.089543503831455595e-01
2.103076717887839009e-01
2.706530144501501089e-01
3.102252145983180331e-01
2.845442528312879249e-01
3.111663032249238348e-01
2.233878116247925982e-01
2.801427833589695826e-01
2.998885901004821330e-01
2.679844384914937816e-01
2.469296505280815790e-01
2.848315681684929768e-01
2.432966207612843046e-01
2.909586711474748677e-01
2.435354839802936211e-01
2.782277685826163305e-01
2.960054909433864623e-01
2.988037958423215290e-01
3.039858257932925856e-01
2.796113264031532819e-01
3.212200089153945393e-01
2.827599571875666906e-01
3.050762850476112509e-01
2.690622710427809094e-01
2.944274217983775532e-01
2.801027188051166128e-01
2.310346690392456881e-01
2.185558735868121383e-01
3.089096847474191443e-01
3.057311666158747943e-01
3.134486942185132352e-01
2.194239600567763626e-01
2.873355175880845103e-01
2.418861889805155874e-01
2.425583366505456584e-01
2.347826677946251439e-01
2.564252688690314974e-01
3.298423893720102695e-01
2.546889949438268519e-01
2.723713137247943950e-01
3.423261482063468808e-01
2.689757241672323662e-01
2.787536376413723982e-01
2.914488766131158592e-01
3.188967270085025230e-01
2.611538240956620682e-01
3.468132129796301921e-01
3.126664080739149365e-01
2.709594123452641612e-01
2.734431969063849666e-01
2.083233936130763353e-01
2.907479969308061629e-01
3.694632415794176228e-01
2.945274483952229905e-01
2.483600761614124242e-01
2.613874941914690053e-01
2.439468190366883282e-01
2.401275493692603957e-01
2.682024015197331801e-01
2.850438039448531247e-01
2.599153551108477900e-01
3.288974375886962176e-01
2.486002477241664455e-01
3.146825137464597799e-01
2.881498361289095422e-01
3.014448118269764110e-01
2.849298955151166046e-01
2.124792076138261043e-01
1.994884895956494930e-01
2.713361825889879508e-01
2.710878050213136881e-01
2.808220675949014700e-01
2.315353630212538816e-01
2.086676610874577953e-01
2.624320924214472162e-01
3.053790122424404618e-01
2.516471765660626692e-01
2.498522970611275762e-01
2.369619464808182530e-01
2.784163519595454495e-01
2.786678379088489699e-01
2.631986868292475745e-01
2.635739681501895193e-01
2.366890586832174348e-01
2.811219140008073825e-01
2.573897854448706779e-01
3.034776025178310688e-01
2.243593692908265602e-01
3.291382102041433555e-01
2.373747186534611864e-01
2.969171572541601800e-01
2.890826562003733780e-01
2.741693855273028557e-01
2.886622020389468801e-01
2.153963343591850099e-01
2.898644756888918428e-01
2.596056428729319188e-01
2.267802029630751059e-01
2.079765219442632207e-01
2.676797043878169635e-01
2.894415779891443274e-01
2.398863721291701334e-01
2.928503587278259990e-01
2.579340668669576897e-01
2.822075990453962735e-01
2.468237598590320714e-01
3.025988866273845446e-01
2.077832145826324362e-01
1.999431385221831781e-01
