1.293785539396424544e-01
1.641095596849170835e-01
1.046885935647750288e-01
1.923635765681163123e-01
1.172623585920241074e-01
1.063384685794246942e-01
1.607039056741714489e-01
1.563630656073022041e-01
1.405953290549430967e-01
1.434753954847119428e-01
1.502969786311275646e-01
1.673551618330708091e-01
1.410156755095861303e-01
1.242294819382170207e-01
1.382367398576447581e-01
1.429192223434332942e-01
1.406193213334428760e-01
1.414083432881463875e-01
1.186186754710748387e-01
1.552786326420522445e-01
1.405968830854696372e-01
1.780738809594548666e-01
1.520934091433183977e-01
1.468397119016597030e-01
1.423617407147738101e-01
1.325852975059416683e-01
1.597628493398852711e-01
1.242864073636515271e-01
1.487171168992746928e-01
1.271321677317012178e-01
1.021752016050623685e-01
1.802236549466855187e-01
1.322779013670648263e-01
1.087917567201173441e-01
1.397907947298593634e-01
1.533516176724750713e-01
1.194329906687618126e-01
1.537945695500003429e-01
1.555574431361583798e-01
1.241788950904292588e-01
1.212194089097810012e-01
1.342690261445952382e-01
1.460911848734549601e-01
1.425589794898100837e-01
1.091890182090166778e-01
1.127606124723836700e-01
1.515401914561497754e-01
1.480401577198846852e-01
1.073247974090602297e-01
1.478023087297891947e-01
1.532912747515907670e-01
1.326711997489413430e-01
1.564985529835071498e-01
1.595969421048981651e-01
1.474219121868683424e-01
1.560667599553378915e-01
1.420905096291874004e-01
1.563366592778863418e-01
1.131451054376714782e-01
1.421711239330573084e-01
1.332367554342736293e-01
1.361090682155318976e-01
1.218398303718704473e-01
1.502934808311148229e-01
1.316360586001562305e-01
1.199794487605411880e-01
1.201671156771106780e-01
1.516254050062644243e-01
1.317478181263785353e-01
1.696570350552815132e-01
1.235217441979972880e-01
1.552478018238888369e-01
1.406057453282235636e-01
1.577767604510614818e-01
1.457266177099759141e-01
1.580938755404985296e-01
1.452655506146478814e-01
1.131275159040759648e-01
1.495113377490817907e-01
1.429342208201188624e-01
1.243569414033483256e-01
1.479618280012635900e-01
1.680775912299928010e-01
1.654650716431209367e-01
1.751527569410705198e-01
1.336089600414197553e-01
1.902165549810201639e-01
1.818793873024148744e-01
1.371075795051518165e-01
1.721471898812734214e-01
1.625213756510110463e-01
1.414225975068598984e-01
1.411970266491030801e-01
1.191525410121038880e-01
1.882812887790329404e-01
1.525928626948391820e-01
1.114016377894719717e-01
1.456264210327374853e-01
1.202746872635077069e-01
1.413863056854572364e-01
1.474057611738283646e-01
1.299729285720260252e-01
1.218009655182072104e-01
1.233311475927779816e-01
1.565679461154822205e-01
1.460967498542484200e-01
1.603312879966344306e-01
1.530883644031604540e-01
1.672188065212394659e-01
1.619150840489990417e-01
1.521658062938633926e-01
1.173612499737758386e-01
1.210130963510208379e-01
1.516062998039662268e-01
1.303602331215598653e-01
1.504739693167150283e-01
1.539630882854848282e-01
1.299113653659940415e-01
1.489075037214682984e-01
1.547209235710929609e-01
1.162968788229340467e-01
1.493674934648675512e-01
1.639205805264332405e-01
1.238627076806781135e-01
1.457248911816663717e-01
1.207332071935589141e-01
1.426030648228658881e-01
1.406884100263949555e-01
1.536751623536594669e-01
1.518287129785598211e-01
1.388605199129293033e-01
1.365384683696396484e-01
1.585996037553298321e-01
1.440975111226771022e-01
1.052367691399668792e-01
1.457383324572328887e-01
1.903313478944706483e-01
1.488436381623726990e-01
1.295995866060030699e-01
1.244453677289866361e-01
1.563960819171760219e-01
1.477175437073436903e-01
1.255287990840870116e-01
1.336239046002059561e-01
1.279041179225629266e-01
1.327620185546682652e-01
1.315204819407350956e-01
1.581709879452602163e-01
1.626708067574768046e-01
1.417818325317561912e-01
1.562989051272559715e-01
1.100780029836706253e-01
1.388954480819553639e-01
1.345449200464056694e-01
1.552371294948110270e-01
1.355295888922266045e-01
1.702065498358533713e-01
1.748337200725451623e-01
1.447124771157580481e-01
1.182222731330185989e-01
1.413168210938621494e-01
1.402674954916190431e-01
1.343910290887001535e-01
1.618426583010915132e-01
1.288721862325124257e-01
1.551387615807088283e-01
1.064360656233996894e-01
1.838289602875475826e-01
1.661538705552695061e-01
1.687925100727317440e-01
1.569702056226483511e-01
1.569188673000054268e-01
1.457659777453428895e-01
1.570018100465364053e-01
1.628963430305236104e-01
1.475613776443459035e-01
1.220201195567325869e-01
1.757509388428795116e-01
1.792936689131399697e-01
1.226562955266763816e-01
1.353194173272087297e-01
1.150717114289494525e-01
1.592575980185069739e-01
1.130310890200765250e-01
1.378856150157817262e-01
1.603398876453641653e-01
1.551350570873664125e-01
1.257166410181006777e-01
1.750799764896527055e-01
1.261923785575620738e-01
1.464149924972540096e-01
1.508227060616976201e-01
1.331654398170472597e-01
1.456883617721446145e-01
1.179349702472692607e-01
1.360130834483530005e-01
1.802685280184408434e-01
1.665655823865633822e-01
1.497825117755301194e-01
1.455991186794178271e-01
1.457062328314022437e-01
1.414252635438817962e-01
1.493634957297104993e-01
1.387547540317002892e-01
1.295126581537100474e-01
1.599389133550473407e-01
1.429649339389769125e-01
1.205817807619142257e-01
1.133257539939976355e-01
1.701369861462604383e-01
1.539162269097708868e-01
1.246755444095390825e-01
1.135825709771169229e-01
1.507840831068662513e-01
1.357895554494662760e-01
1.487919554726176430e-01
1.518346522763277251e-01
1.576235649273405315e-01
1.808386114590001537e-01
1.561087829318770770e-01
1.626947265635382833e-01
1.484354688883649243e-01
1.347697007464497276e-01
1.538395980849198985e-01
1.506244030501243669e-01
1.656965486080264893e-01
1.381437414963518906e-01
1.154052005275094106e-01
1.361756148573546599e-01
1.568470634053833745e-01
1.646495261965625623e-01
1.202303705470859629e-01
1.459043364856311420e-01
1.377209790241832044e-01
1.426554352348330945e-01
1.708839122727222881e-01
1.401813570980771084e-01
1.249954498183101503e-01
1.235656964607819430e-01
1.491418723717260753e-01
1.416573731300290739e-01
1.471527031069010116e-01
1.392092254297526699e-01
1.899421257287209064e-01
1.880927049644528504e-01
1.476776638650000029e-01
1.586265764732530670e-01
1.322187206753832334e-01
1.138049540485405464e-01
1.665961575726019051e-01
1.481503154867269412e-01
1.374793568052493087e-01
1.375466842121254862e-01
1.531451656719158283e-01
1.536978819050122402e-01
1.488632661749927921e-01
1.824759696974156686e-01
1.513526336321423527e-01
1.521664955293817734e-01
1.167910650948555951e-01
1.199305232727145842e-01
1.517777429981640169e-01
1.478525571536800920e-01
1.308049059517374102e-01
1.514874123961116870e-01
1.225313768877682175e-01
1.627028344350060218e-01
1.635062522113040762e-01
1.547558030566488774e-01
1.394863471675854560e-01
1.600911405745576999e-01
1.644255139945262068e-01
1.412621034580870127e-01
1.089560491646392737e-01
1.487187141051345141e-01
1.531851375426097894e-01
1.423734824088746520e-01
1.442858976237793578e-01
1.292146463276571122e-01
1.360772959175040597e-01
1.617963186929360919e-01
1.204309634896456455e-01
1.565914232409631457e-01
1.020733371966194153e-01
1.215628416333578571e-01
9.693195410559196645e-02
1.464981121086435523e-01
1.081118017546387478e-01
1.308472782334116624e-01
1.313945938840564431e-01
1.446208469808675512e-01
1.475975636089393583e-01
1.866883977017486651e-01
9.583003395151520887e-02
1.346373762260571483e-01
1.377269593636771539e-01
1.392291044137483058e-01
1.824561979912766030e-01
1.508885939906556284e-01
1.414111430118802915e-01
1.378592026046569219e-01
1.580299646754683152e-01
1.735490780669005362e-01
1.342027022142556203e-01
1.560484387660707739e-01
1.681587487812914172e-01
1.499631011506694644e-01
1.292217975266460595e-01
1.589235184322467520e-01
1.268784921065296833e-01
1.025912100262536958e-01
1.850130131946451373e-01
1.469486073002694848e-01
1.393657557899277422e-01
1.316578141858487372e-01
1.517209102741715332e-01
1.042222239359530539e-01
1.570421257882178290e-01
1.211422962753237603e-01
1.256253786527981031e-01
1.716846130932285219e-01
1.486918412800258549e-01
1.650795736127937952e-01
1.591809527615228592e-01
1.687119849630406843e-01
1.791615214280574964e-01
1.388039529275520434e-01
1.483359933634559591e-01
1.062178622659482319e-01
1.207670315266407279e-01
1.270492776679175151e-01
1.593502433743899938e-01
1.576072082952119646e-01
1.536377120429013032e-01
1.609130303098742221e-01
1.643281971563725630e-01
1.352288575416273897e-01
1.468413679148208861e-01
1.930212311499834854e-01
1.313107825304954956e-01
1.469692583224346261e-01
1.423359974057675781e-01
1.587486266773930621e-01
1.427783208281268867e-01
1.430059518726561896e-01
1.649101382294649032e-01
1.324877646687411259e-01
1.506663353856796950e-01
1.318616483015022656e-01
1.607558188470660232e-01
1.308897540253561309e-01
1.142086890899189910e-01
1.561611418710066312e-01
1.648226797325792747e-01
1.364838991233559562e-01
1.555468050029259475e-01
1.402726607683281723e-01
1.339737908026223945e-01
1.340064973504696832e-01
1.302989843540024451e-01
9.826437511903513000e-02
1.740066346973936640e-01
1.043130393138755330e-01
1.349300492273065588e-01
1.498058454419174401e-01
1.203775779197441692e-01
1.781910715557131486e-01
1.797700880673631652e-01
1.267963251438344596e-01
1.380130152460894710e-01
1.818562564828817840e-01
1.362024689728230653e-01
1.324669120885180740e-01
1.493667084988270777e-01
1.282933051862997775e-01
1.615484662514890257e-01
1.505146893579076550e-01
1.380234671550181758e-01
1.611042421609267805e-01
1.564109713039742444e-01
1.486195869252232848e-01
1.189346351696854709e-01
1.365376197758766674e-01
1.723997726343594050e-01
1.535513313735925034e-01
1.517933317595420439e-01
1.691987651694990269e-01
1.748522726442418296e-01
1.730960748404450911e-01
1.847960751551093184e-01
1.942643366965432494e-01
1.331012111734176107e-01
1.572565487376896831e-01
1.770869344746589247e-01
1.095394218657896462e-01
1.540685383314878143e-01
1.714740182609262309e-01
1.722583137256744612e-01
1.639445353054740928e-01
1.309847866805708971e-01
1.618999388241861570e-01
1.692337907880273329e-01
1.370187221506444231e-01
1.639934309510575061e-01
1.524508108957013663e-01
1.494726830252394723e-01
1.464257755679990725e-01
1.151407335480223726e-01
1.790091978477011958e-01
1.494014769989360503e-01
1.182965982444517256e-01
1.523717783737063569e-01
1.452008350354184740e-01
1.648813594443105379e-01
1.369973051141128439e-01
1.543372903671023644e-01
1.381923617873496435e-01
1.220928686058056212e-01
1.329062291550129615e-01
1.416548342571372632e-01
1.467604872050937148e-01
1.351305749895871933e-01
1.350548096194883474e-01
1.514590432753342431e-01
1.612312017756124261e-01
1.281300265273200290e-01
1.322539757591148224e-01
1.081050586295616706e-01
1.341561012664381491e-01
1.968028589333460920e-01
1.753876906076581033e-01
1.787205290207517228e-01
1.591477690372065379e-01
9.201921805138399413e-02
1.128189766286867568e-01
1.334222597626928408e-01
1.254933002183958313e-01
1.843537313046150206e-01
1.191407718940718646e-01
1.445754489567912526e-01
1.743562593287455997e-01
1.478477222166946770e-01
1.402702388643842779e-01
1.602656105020922594e-01
1.361755956516118304e-01
1.644575184495617459e-01
1.493438667080403126e-01
1.663974607405864503e-01
1.209662984085471404e-01
1.486912254976337500e-01
1.079016894244113622e-01
1.322358113641350918e-01
1.574021750048093249e-01
1.168010955377988269e-01
1.341002273387395805e-01
1.361306419852535421e-01
1.361316500987229394e-01
1.366243891692585088e-01
1.382305477037887309e-01
1.685127196721387943e-01
1.344582873966649883e-01
1.239363654825618583e-01
1.447664754142830301e-01
1.742919103864910280e-01
1.474950530780326785e-01
1.252838191989013028e-01
1.549118992916246607e-01
1.850431137835951145e-01
1.462073786928936581e-01
1.442448503392638748e-01
1.265880281791174067e-01
1.413440457422507901e-01
1.524558221377536604e-01
1.298389958567722491e-01
1.303279081285405039e-01
9.898541106207463247e-02
1.527388293763949911e-01
1.456804817437376554e-01
1.804126326730887964e-01
1.452286762845207690e-01
1.419320605361466259e-01
1.393182792456347796e-01
1.463147460037452774e-01
1.247714937432388566e-01
1.631088606418910347e-01
1.777708181425032286e-01
1.569729235444776716e-01
1.348258986560697537e-01
1.661037431508895768e-01
1.244612095662566836e-01
1.362063192356660624e-01
1.686955828285859049e-01
1.289392091980282595e-01
1.691572568675590860e-01
1.813996168515542573e-01
1.568928285538549461e-01
1.340547308904315171e-01
1.667706823956597029e-01
1.741645793579574830e-01
1.558819022630963669e-01
1.352147083837467734e-01
1.375537456335200470e-01
1.416076127082611658e-01
1.528022347725069563e-01
1.341584923663385609e-01
1.569067907280625174e-01
1.405841931265698896e-01
1.241675451776826783e-01
1.499647618576797070e-01
1.854076115781039535e-01
1.563847206780225874e-01
1.674423434607986705e-01
1.156956943265361193e-01
1.478508889505676938e-01
1.419691606243758120e-01
1.682652492162125257e-01
1.300791248493585739e-01
1.127673949124712305e-01
1.523757134569029836e-01
1.717973165242480116e-01
1.581616922040549877e-01
1.630401661233961130e-01
1.364515299592813646e-01
1.204409732636313179e-01
1.298334449143835612e-01
1.398571207465282296e-01
1.688736717414473787e-01
1.435777452621413430e-01
1.562574265195549872e-01
1.568526904337441685e-01
1.253955280499682579e-01
1.395579510398270440e-01
1.476823471154165013e-01
1.677335548637661489e-01
1.179600686098898482e-01
1.577433743628674223e-01
1.434383587448275210e-01
1.445367766073208937e-01
1.455073684481030527e-01
1.537781267591219192e-01
1.625987337904854779e-01
1.169439823253380500e-01
1.330165188159344036e-01
1.537007998154983068e-01
1.200474882489825784e-01
1.763253042104986346e-01
1.652320258264547703e-01
1.569463834679133973e-01
1.666085742985680407e-01
1.247139945661914356e-01
1.809215968764309734e-01
1.240209412025753410e-01
1.189392517639500657e-01
1.481126142780810340e-01
1.308041714522774068e-01
1.699418955838978285e-01
1.496007835146129783e-01
1.329093330937676509e-01
1.183716056636511804e-01
1.344809066904709693e-01
1.639155440732577851e-01
1.577864464181812920e-01
1.372807994306212698e-01
1.538493508342602678e-01
1.113887370679221833e-01
1.578187424005012274e-01
1.278735465005413907e-01
1.366878313355484320e-01
1.609083427580237091e-01
1.263737617335471686e-01
1.326201485344041253e-01
1.667459792035958510e-01
1.689089798619781979e-01
1.462146182126479732e-01
1.736970856537347896e-01
1.760266343070328032e-01
1.173200527523194647e-01
1.526650826113744863e-01
1.442422977413053420e-01
1.406443664663789561e-01
1.152201141004756957e-01
1.283522845727321227e-01
1.310448693729412972e-01
1.167923515487594988e-01
1.700517492551910093e-01
1.541846634415810491e-01
1.487010373344073433e-01
1.412476402671825892e-01
1.600056167239781169e-01
1.631223969774837634e-01
1.852885895324475618e-01
1.401810725290200677e-01
1.399803794722234984e-01
1.533968591998906283e-01
1.763039256670482779e-01
1.722940518081732542e-01
1.920679083141868804e-01
1.449113061418774717e-01
1.594747778236628721e-01
1.407664827693093923e-01
1.242045826178000828e-01
1.577513170193977909e-01
1.388154843294455987e-01
1.551563161678031211e-01
1.503636675312253201e-01
1.488939426257012144e-01
1.291173171866496217e-01
1.549649503390385374e-01
1.287872709605848154e-01
1.668638600031181474e-01
1.220319635209892867e-01
1.465610670009200867e-01
1.414040944361579233e-01
1.459317886263017394e-01
2.006202727978234346e-01
1.519374951628598702e-01
1.265447129463873055e-01
1.753244593465811962e-01
1.331777861361185811e-01
1.082384853186193346e-01
1.390642902606179232e-01
1.538596836287997871e-01
1.132507577186746411e-01
1.302126917688647134e-01
1.189015766093248772e-01
1.360019248652604429e-01
1.834594729918476164e-01
1.248884421510126769e-01
1.465895807708054999e-01
1.087477042130989557e-01
1.600132605781929007e-01
1.837539548245168963e-01
1.531571915013514862e-01
1.324457656993376087e-01
1.589321299347582483e-01
1.420281509457502755e-01
1.269409062255699716e-01
1.462221773160978788e-01
1.131624639617092587e-01
1.297585898919343950e-01
1.211468875933366246e-01
1.253127431589541596e-01
1.605205092544055578e-01
1.318992655391161284e-01
1.654474595950435056e-01
1.480643170325670332e-01
1.242515298714010480e-01
1.459504308932467742e-01
1.351495497451233319e-01
1.729704328953322878e-01
1.494727836550491795e-01
1.404561690956259989e-01
1.688156848455682202e-01
1.090023721083431818e-01
1.657094421246651239e-01
1.328910123257572018e-01
1.565665303548777199e-01
1.440332660499913098e-01
1.650000385794508639e-01
1.276583793644699982e-01
1.203798205164762491e-01
1.338087964080739156e-01
1.666875637535400745e-01
1.687919338647161371e-01
1.750048919291230520e-01
1.682915033611223077e-01
1.439943166963632559e-01
1.174572111215246989e-01
1.344274866285692649e-01
1.398694754958029751e-01
1.448064165632050315e-01
1.426778256461369576e-01
1.647535524756411629e-01
1.478316498304764193e-01
1.750807212203314145e-01
1.438965751225123046e-01
1.675821796315347112e-01
1.691173573701126864e-01
1.574429778191328566e-01
1.524355083087650664e-01
1.634015943934747084e-01
1.423960114570104463e-01
1.555998342959274416e-01
1.332147764997622108e-01
1.533902333636543991e-01
1.224482047638353333e-01
1.295013141673106438e-01
1.736163795015946143e-01
1.519868056758989783e-01
1.638567604385602061e-01
1.459634813873361414e-01
1.411221814989636059e-01
1.197887565480422606e-01
1.441986371961576363e-01
1.409124600766053503e-01
1.322644562549704084e-01
1.138744441320366507e-01
1.425449903212512859e-01
1.400845181863123179e-01
1.628970897204924106e-01
1.473079502004271402e-01
1.596717413476765601e-01
1.378304102578171986e-01
1.535346406152226506e-01
1.510386102613299197e-01
1.591142537543044910e-01
1.543293643869209641e-01
1.591539484913904179e-01
1.510145704616416562e-01
1.222752111371757933e-01
1.497667408896662111e-01
1.408565582766026503e-01
1.495798376476782654e-01
1.308341246394747748e-01
1.251965032700513569e-01
1.631486586350735790e-01
1.409037974632665058e-01
1.379574058968602301e-01
1.295595664470363950e-01
1.699493102019692947e-01
1.468181112084068207e-01
1.241575035911409441e-01
1.357000941814086592e-01
1.329654362385721267e-01
1.305377062042793468e-01
1.599679587889873689e-01
1.295969622760723139e-01
1.004548021833814864e-01
1.652483554166701285e-01
1.321756837362322856e-01
1.458194866435165438e-01
1.316296204036834783e-01
1.215412500372117510e-01
1.248368985428401495e-01
1.377920643948554458e-01
1.241860498451655692e-01
1.314687599616639335e-01
1.468500422460688459e-01
1.304872297833877259e-01
1.604359419003572040e-01
1.242379996074025605e-01
1.494774761155910348e-01
1.564025344950021323e-01
1.700628230513245853e-01
1.437474480374969221e-01
1.413279965295677343e-01
1.320057737304666245e-01
1.597686114363527921e-01
1.255549628895747671e-01
1.814964929235389213e-01
1.366158506133168804e-01
1.542619534826439875e-01
1.447391453073730572e-01
1.640302680683139447e-01
1.704930620533293140e-01
1.573773684573075704e-01
1.400870248037693888e-01
1.505181141646386722e-01
1.227162959902698691e-01
1.457434563339328748e-01
1.465583768721940017e-01
1.655667922872350317e-01
1.259174610477037937e-01
1.618182230561012735e-01
1.923219539570048819e-01
1.488271483893520708e-01
1.293021919163548639e-01
1.388132629702087395e-01
1.300061545747804304e-01
1.565329621539721938e-01
1.415221648894502138e-01
1.406250268105153356e-01
1.624223874301018444e-01
1.462233717869290683e-01
1.517909107455042983e-01
1.954927086968180627e-01
1.487969346662225134e-01
1.636576670302707925e-01
1.378054864501573884e-01
1.233903296956492535e-01
1.481701162985097631e-01
1.348760920464713853e-01
1.764271093091786258e-01
1.271319869258544788e-01
1.378300672710131569e-01
1.488746246318261579e-01
1.577794118218261155e-01
1.564677670317382030e-01
1.110418222127270566e-01
1.310286818264098097e-01
1.287951030724133472e-01
1.484396258818887759e-01
1.264644994238888487e-01
1.879833573614366482e-01
1.509186208295148490e-01
1.362775146413871541e-01
1.612297784519284849e-01
1.631670116642414681e-01
1.306369294298578010e-01
1.674639112640708416e-01
1.615730267982597723e-01
1.671865586920991964e-01
1.254464086004855594e-01
1.259331216599104408e-01
1.194349559258757187e-01
1.278797104081338953e-01
1.471573942155060821e-01
1.423196069912760486e-01
1.285034875568659418e-01
1.622531007391339597e-01
1.400114866958232229e-01
1.245906748435237354e-01
1.822644868324953538e-01
1.591974723981832152e-01
1.653383994861844508e-01
1.499528803736589755e-01
1.163441145689303180e-01
1.441243863644071088e-01
1.636420745290058099e-01
1.468568321845751257e-01
1.631885869299784242e-01
1.709470828988997604e-01
1.508152831151212125e-01
1.752612371738890562e-01
1.625062579617448932e-01
1.463170019629731755e-01
1.594366955608887138e-01
1.383970872487869375e-01
1.287319805081142687e-01
1.233172802671829160e-01
1.492797895518253593e-01
1.430946261659886698e-01
1.458302638783518512e-01
1.698966966168722337e-01
1.349760599961916663e-01
1.338620202743101006e-01
1.321281913157676402e-01
1.523274184054224101e-01
1.306073721985497593e-01
1.486290503548244601e-01
1.450995609593727365e-01
1.461309995224161773e-01
1.033681785000910014e-01
1.508782533096487688e-01
1.578987583168267594e-01
1.466111341232200493e-01
1.312290972348004181e-01
1.327807496101907347e-01
1.546458380241979846e-01
1.525189340819030626e-01
1.206577950603479193e-01
1.242530318193889455e-01
1.462650290680930498e-01
1.264005030469120272e-01
1.394708365009373063e-01
1.667372672597422778e-01
1.263917489462749177e-01
1.662951517226991527e-01
1.420915784775883539e-01
1.798786981254991424e-01
1.577364895371170250e-01
1.236252837652838665e-01
1.425439884830496384e-01
1.494480847826247794e-01
1.336810518144977977e-01
1.403747367150496028e-01
1.487758498419084752e-01
1.621688619314843316e-01
1.495949624195911098e-01
1.474064960947530367e-01
1.465881916485588521e-01
1.551931643169457975e-01
1.449658504709108175e-01
1.368646711589532605e-01
1.377266742042572989e-01
1.320024222920508084e-01
1.429968108785377723e-01
1.508813417739127971e-01
1.508097903029825271e-01
1.638414652958116446e-01
1.272901250290753294e-01
1.287161801959841867e-01
1.336490339453834664e-01
1.474483891631797605e-01
1.654068089013594478e-01
1.440946061797047095e-01
1.738273109967704011e-01
1.459632771886305858e-01
1.226730190536819975e-01
1.517797004285181550e-01
1.206124579115502027e-01
1.111859256715051480e-01
1.425488089085171217e-01
1.627634989998767989e-01
1.640687173727714554e-01
1.371516265702751036e-01
1.690474810085907942e-01
1.305513486555185676e-01
1.620574300867205220e-01
1.358233054383883864e-01
1.571810553048242909e-01
1.341229873168784947e-01
1.181085622999732548e-01
1.608228573844091291e-01
1.473912315307012999e-01
1.236048739702845789e-01
1.396244861306050467e-01
9.861917150281714062e-02
1.546481829025106447e-01
1.450129731678176936e-01
1.536642089352633911e-01
1.129491481031978384e-01
1.163613816480215807e-01
1.129556236836503774e-01
1.534880070834550025e-01
1.646852821615378826e-01
1.483212985122875083e-01
1.698782804965968396e-01
1.728864853101641230e-01
1.587187515551690409e-01
1.483536920403449866e-01
1.598440312796252372e-01
1.505088059125750666e-01
1.722983967083492052e-01
1.446316024247897847e-01
1.540657593854327934e-01
1.257809011444985525e-01
1.356870513003596568e-01
1.358025050143841506e-01
1.591802013466037669e-01
1.426565958969992498e-01
1.466994699955872505e-01
1.117711538795744530e-01
1.504695672428818243e-01
1.411363219707396366e-01
1.280282992392938468e-01
1.240232093444733619e-01
1.417149611934342968e-01
1.802151107747971825e-01
1.972741508962462531e-01
1.382007473779541806e-01
1.706565818983865057e-01
1.229307238102445576e-01
9.668597235111031640e-02
1.437828939603398581e-01
1.619261288798674869e-01
1.559118051275079353e-01
1.377409689957421191e-01
1.486379566728134594e-01
1.756007384730933207e-01
1.273360725331176002e-01
1.549004778813519168e-01
1.800194840934699336e-01
1.359216167466406611e-01
1.486734651707568855e-01
1.503486204648525892e-01
1.351750682521072611e-01
1.127535003958236443e-01
1.667725754945578731e-01
1.429481694690796501e-01
1.392793670851676380e-01
1.495179954173579961e-01
1.444175012303034467e-01
1.575498047462085827e-01
1.972866789499158335e-01
1.562087279372781634e-01
1.545263746507056224e-01
1.595447722530574097e-01
1.433091831910001668e-01
1.482621869471764942e-01
1.621420940529081089e-01
1.747325148910251480e-01
1.477246958943645716e-01
1.386889741778483676e-01
1.456649245122726977e-01
1.614458991569860391e-01
1.541185512059998486e-01
1.549669534825832973e-01
1.605528836765636735e-01
1.564035056544711699e-01
1.618848656267279917e-01
1.683558086532709330e-01
1.674472686542768651e-01
1.396439627722771415e-01
1.294443074014452466e-01
1.269032761493765205e-01
1.737231727298232109e-01
1.261009012342888536e-01
1.227333333508383584e-01
1.447112655641658030e-01
1.314748929125169052e-01
1.091667852525971816e-01
2.001576476821364525e-01
1.071338613177030136e-01
1.661618353436110640e-01
1.476619430750192863e-01
1.578014241410505281e-01
1.881599764424888854e-01
1.903610319445102061e-01
1.366044383018992781e-01
1.096070985394905634e-01
1.293335440091529509e-01
1.425140182939568234e-01
1.625126929206323623e-01
1.648857960610862761e-01
1.535446194021276023e-01
1.820188907159862035e-01
1.394290578969812899e-01
1.468301964659877168e-01
1.866189819650884707e-01
1.859091038520308270e-01
1.594619687766717919e-01
1.029254024590579852e-01
1.308206733791988374e-01
1.395838039788771245e-01
1.241247823111016613e-01
1.604246414575771773e-01
1.489861590481519060e-01
1.476371585293433375e-01
1.359560829570600204e-01
1.470717057847291398e-01
1.365584560592266461e-01
1.403499060002500465e-01
1.443133084072936168e-01
1.541570539226304604e-01
1.220291559519844915e-01
1.346163863001017813e-01
1.253632553124034155e-01
1.275148516081050509e-01
1.391203575512051649e-01
1.437401953797282084e-01
1.350068752330940702e-01
1.358232729679123563e-01
1.088478749579719490e-01
1.415512648575128762e-01
1.466549601446443529e-01
1.644591380446123741e-01
1.474899668976543676e-01
1.386798267034830279e-01
1.195852126052155268e-01
1.415850268679347268e-01
1.417784043845287945e-01
1.609919189249751359e-01
1.630069366002049602e-01
1.409122944819141132e-01
1.335266561876598812e-01
1.486444906555267897e-01
1.574531182457017398e-01
1.423689739203526650e-01
1.143364141517002192e-01
1.438081337361896139e-01
1.441727908969560878e-01
1.640842633136002648e-01
1.385137250738911197e-01
1.504566677544776632e-01
1.509787405630992063e-01
1.271487897500532260e-01
1.525763836309122212e-01
1.809788494184259300e-01
1.401070095010895356e-01
1.485835585877835485e-01
1.469480736981876590e-01
1.410409530553020652e-01
1.368496259931912540e-01
1.571868069189840955e-01
1.751472224556124280e-01
1.474709656979819872e-01
1.397873389987475401e-01
1.406511938163425013e-01
1.602227505416730369e-01
1.491646288483272353e-01
1.613337556771721193e-01
1.530119176641543122e-01
1.632166650015907106e-01
1.623832232150535515e-01
1.510861113966164293e-01
1.227382637842203833e-01
1.696848412557226682e-01
1.778301587478222368e-01
1.147822648911599186e-01
1.249465117315013557e-01
1.730924755014320582e-01
1.233492669266068736e-01
1.585611851776110304e-01
1.192161587767277958e-01
1.463716799145164671e-01
1.663275615032267507e-01
1.663852767057379389e-01
1.372819581893533203e-01
1.853600263562669437e-01
1.251388293240205674e-01
1.497910363257904665e-01
1.579426916327091313e-01
1.188577437066881404e-01
1.162901984577444925e-01
1.523298758859680246e-01
1.062686296809603054e-01
1.562826743891807257e-01
1.671732087288562707e-01
1.803061563052271166e-01
1.717423189688678520e-01
1.497446054246104885e-01
1.610748072698352518e-01
1.781551560847262905e-01
1.036726919160324001e-01
1.452954124181410622e-01
1.587810232106832697e-01
1.501474046316902400e-01
1.667778510523137692e-01
1.362908243759155258e-01
1.826251761689993147e-01
1.529314866043424703e-01
1.506096004375808983e-01
1.332756520551520163e-01
1.710266573068019991e-01
1.207522619349172960e-01
1.460216740970559923e-01
1.617447284747725866e-01
1.430595668941585519e-01
1.589222892573854962e-01
1.453522412665543551e-01
1.550384057654720649e-01
1.053492953970615875e-01
1.634818062489998558e-01
1.665354300569285018e-01
1.241744034630128390e-01
1.387848603361729882e-01
1.271763961835215562e-01
1.509300057975941634e-01
1.406421318560622247e-01
1.116467291295375891e-01
1.490721967068649179e-01
1.437772405581838608e-01
1.702297050617407326e-01
1.718500504836729670e-01
1.506663991061881203e-01
1.479309694440901213e-01
1.619979836832817210e-01
1.666261294437252904e-01
1.244372168315651533e-01
1.876546449923889304e-01
1.223515569718429119e-01
1.466880131443014934e-01
1.520258131420685610e-01
1.602686961582495961e-01
1.667496633032690967e-01
1.489225097708821999e-01
1.315604181518952587e-01
1.314857209620958478e-01
9.562738896935567279e-02
1.248825914981078894e-01
1.427000676357608466e-01
1.410575709349229934e-01
1.553760674843272238e-01
1.450682452440787973e-01
1.563952499996984769e-01
1.602513709477006165e-01
1.606914838399793877e-01
1.225832727706141767e-01
1.483526065207885769e-01
1.622434325525022036e-01
1.389609321939258846e-01
1.742081388055676250e-01
1.425779316224480009e-01
1.421089206221615442e-01
1.268968150547749307e-01
1.435582904135094262e-01
1.382252805640468429e-01
1.913372790780233645e-01
1.155584248134152170e-01
1.072602596451957269e-01
1.571852762202118337e-01
1.331998641422289797e-01
1.447052858799362796e-01
1.448138744263294808e-01
1.556647036904197090e-01
1.203957667102665691e-01
1.224950239911316574e-01
1.340431515748734537e-01
1.709073010983129526e-01
1.358666899773648407e-01
1.484672351350143082e-01
1.476028420483930237e-01
1.128436814228560986e-01
1.329069564955277505e-01
1.449721324812402456e-01
1.733126756209284192e-01
1.438188551413780436e-01
1.228891457548862837e-01
1.236686664420971055e-01
1.885885271191258539e-01
1.349448819265775812e-01
1.440487048803017200e-01
1.631089222968340469e-01
1.715238782034515519e-01
1.415500734785803405e-01
1.505627828518521505e-01
1.228714433662667499e-01
1.712150134557282877e-01
1.365031786653731483e-01
1.398630835893913960e-01
1.579932096208563619e-01
1.501512140070446200e-01
1.186193030856446118e-01
1.422956942587873808e-01
1.397491305844623943e-01
1.763245667462593480e-01
1.420379010344806903e-01
1.288803421657955528e-01
1.226235265835849408e-01
1.907251426520133464e-01
1.664643357313310701e-01
1.577223713441458230e-01
1.701399655623948293e-01
1.582914789239825981e-01
1.680808329280381874e-01
1.173652556302543226e-01
1.146243267123531473e-01
1.584344148183368106e-01
1.428296831557066549e-01
1.198146071299154014e-01
1.554579965688255294e-01
1.915047966747212838e-01
8.820433697681517859e-02
1.527543213491323326e-01
1.135960419967338292e-01
1.476650014613931916e-01
1.704139939300585438e-01
1.335091132747895648e-01
1.626035457040464483e-01
1.314922313073890181e-01
1.658132274787379734e-01
1.473793774873895512e-01
1.423229720895910766e-01
1.738284701092320805e-01
1.740738060272458976e-01
1.270003656926315116e-01
1.496721862315013585e-01
1.704580105323904859e-01
1.354485386685904125e-01
1.620352199875308707e-01
1.446369427837389254e-01
1.301832434408188577e-01
1.657186277101552196e-01
1.563290640987846092e-01
1.414668531476823143e-01
1.663849445773538938e-01
1.348625345590572233e-01
1.664577212022415875e-01
1.602469291099698490e-01
1.583962433804085579e-01
1.277628456744170915e-01
1.282233882135429825e-01
1.378306784403699747e-01
1.343158972933161388e-01
1.585822295140971172e-01
1.552256910261301803e-01
1.652444015206407102e-01
1.341892353956248563e-01
1.620911710474352840e-01
1.311791919363287651e-01
1.328355012210265529e-01
1.217434867417803157e-01
1.429346772945665478e-01
1.693463007411323273e-01
1.426064845941738546e-01
1.443276507102764783e-01
1.637365452971685231e-01
1.317160861648111470e-01
1.037090465437891240e-01
1.308584317782860440e-01
1.383655544494707956e-01
1.654155770898666222e-01
1.481030569168199085e-01
1.566489605594126866e-01
1.333034408190024445e-01
1.651211660835095185e-01
1.382042332247418182e-01
1.559342037355798127e-01
1.260550516361905737e-01
1.338818172671195905e-01
1.274499209157085311e-01
1.415497529175339109e-01
1.285629629605967161e-01
1.400756859445869695e-01
1.699790331602999693e-01
1.312465559624904909e-01
1.747343367732230313e-01
1.755080150630688729e-01
1.568731907726298724e-01
1.103163807910688687e-01
1.140004123067056702e-01
1.334416131133169814e-01
1.528909893170780077e-01
1.242051167328395017e-01
1.544563510987120580e-01
1.773246104660320954e-01
1.334057191185885061e-01
1.221702766056298184e-01
1.336347611009677527e-01
1.648452865638783960e-01
1.586601670301219791e-01
1.374827380421668743e-01
1.640961941266771418e-01
1.550455518361581464e-01
1.760434117061362158e-01
1.457927591836897241e-01
1.337058487304387810e-01
1.641832007428645490e-01
1.178466806337413741e-01
1.023136246831795743e-01
1.285427079789620564e-01
1.153801752886905591e-01
1.524049034204835174e-01
1.229947902641754104e-01
1.600857178043515461e-01
1.093670476497450306e-01
1.617264253528791218e-01
1.560450747578155939e-01
1.462382947585069148e-01
1.306960931171847751e-01
1.937272647861377484e-01
1.824440606787691710e-01
1.441308803227613067e-01
1.309688310830677827e-01
1.764954261126144008e-01
1.739050296985976962e-01
1.317100324587532900e-01
1.383436402549843847e-01
1.158149180334679396e-01
1.507278003909814090e-01
1.474958486842321004e-01
1.380755649308231525e-01
1.552544350102353921e-01
1.374432337876519694e-01
1.281753658921139516e-01
1.258681525838201698e-01
1.230381100180639870e-01
1.476161687236058895e-01
1.390388570532890555e-01
1.861068167769507065e-01
1.467404963816078545e-01
1.495531510676002263e-01
1.559451228619141150e-01
1.465349673186502333e-01
1.690379861420487351e-01
1.743326414711956485e-01
1.337098873351746098e-01
1.422528031133353799e-01
1.611639210121446897e-01
1.490417466642696698e-01
1.317768723973483658e-01
1.700980633838888867e-01
1.784378435503021776e-01
1.411782273689624612e-01
1.232798091625906256e-01
1.473142919474789703e-01
1.871959508002205286e-01
1.332562850909700392e-01
1.346162698343045805e-01
1.528004292125833830e-01
1.276489037040674790e-01
1.357422639956596400e-01
1.361215200044653961e-01
1.380226915353912898e-01
1.873918391814004270e-01
1.418927454441011038e-01
1.375697336602146048e-01
1.221241482432489922e-01
1.191530048330835118e-01
1.432514770694453266e-01
1.265182104903641580e-01
1.568052347566016580e-01
1.045852752926785395e-01
1.141888543088278724e-01
1.341149941172293247e-01
1.645395773632683245e-01
1.432282189004699946e-01
1.477879505795151316e-01
1.449811204708280066e-01
1.224428779363633119e-01
1.588164888926296425e-01
1.323566174220259239e-01
1.370455189043984223e-01
1.138849111843329848e-01
1.196129454127498742e-01
1.249180715219416204e-01
1.593399490120190609e-01
1.563383431782959798e-01
1.224750371588696207e-01
1.772459221105465998e-01
1.330925276971050286e-01
1.278776793889773444e-01
1.365992959524504613e-01
1.468759697657549268e-01
1.592599901587927747e-01
1.203269212301687763e-01
1.698844810801609095e-01
1.161216378871675337e-01
1.464126807421010645e-01
1.683626657793242110e-01
1.453879301114528733e-01
1.768283815607971377e-01
1.721124725390203725e-01
1.375197013163239335e-01
1.148113482033642496e-01
1.664759515642059984e-01
1.322385540519008529e-01
1.538711575102948703e-01
1.589954624633665992e-01
1.758437853298260301e-01
1.430772364108701400e-01
1.454572834677304582e-01
1.523766810983622766e-01
1.793547165464879634e-01
1.499994453023328900e-01
1.296191217716579080e-01
1.709566110898002034e-01
1.415399107115730970e-01
1.743745197407466641e-01
1.338524303468387189e-01
1.543314835055029366e-01
1.515240894600749788e-01
1.329056169379906061e-01
1.456991342303296799e-01
1.147892577855700036e-01
1.387873831849500139e-01
1.383237176736865914e-01
1.321387294404219592e-01
1.599000240676928253e-01
1.452088059256393948e-01
1.575376422470510795e-01
1.558898645980738573e-01
1.735284639698914388e-01
1.028288176108053814e-01
1.118373858598361859e-01
1.432990190039188094e-01
1.374041577466306174e-01
1.470057038721069576e-01
1.903539443216832328e-01
1.255750493510660037e-01
1.424601437997319586e-01
1.786630356648286067e-01
1.320621794201905785e-01
1.722309932183875847e-01
1.750690115063513741e-01
1.371599068977563396e-01
1.152140777967368412e-01
1.470280039558160834e-01
1.357171872779345534e-01
1.337370267366708443e-01
1.413916051329968671e-01
1.148795343043743922e-01
1.437253045848826405e-01
1.483147993044721114e-01
1.378261521767041031e-01
1.548579746644404842e-01
1.568948834293082961e-01
1.574329980857232247e-01
1.455175294280134091e-01
1.218642027983442844e-01
1.422729628949253033e-01
1.176155603462803179e-01
1.260404662606322834e-01
1.446612133873912687e-01
1.571176287031732788e-01
1.328664379161152431e-01
1.384941613422396300e-01
1.688301415525395865e-01
1.442058857864134125e-01
1.308683692093026985e-01
1.290177937334953673e-01
1.219495283370103239e-01
1.733390967638586966e-01
1.381491542533975214e-01
1.530865557901308627e-01
1.474473608037399075e-01
1.719496553507026682e-01
1.092171381351088738e-01
1.635609110953745171e-01
1.590526438623547090e-01
1.773093711341534040e-01
1.890564639010037240e-01
1.625294181376762959e-01
1.443438400940006971e-01
1.304566604223564019e-01
1.654525739191579636e-01
1.680345860683460646e-01
1.504359352392211080e-01
1.740271063355260384e-01
1.502406190312792489e-01
1.145408350706997314e-01
1.762161773237279072e-01
1.715738627291054919e-01
1.585509193102841996e-01
1.176634855744016356e-01
1.544302645849458810e-01
1.582351078428417268e-01
1.413853597377793536e-01
1.378802230780002136e-01
1.709124281386111277e-01
1.280485974538566885e-01
1.363112678728952698e-01
1.630953333835099550e-01
1.450116962714071422e-01
1.279206080097578802e-01
1.273815942168961268e-01
1.394797729110061890e-01
1.464229337552992727e-01
1.453785896693910173e-01
1.439350047569393498e-01
1.378363295263213273e-01
1.550763499088360642e-01
1.293842303379623138e-01
1.687498218260239380e-01
1.364034010039262002e-01
1.336737758927221409e-01
1.287999785827564081e-01
9.966278237542272600e-02
1.397683352045127059e-01
1.878362630634954900e-01
1.472988504904998996e-01
1.133009103452414790e-01
1.327343633956477864e-01
1.461583319181285479e-01
1.534646722317908607e-01
1.329932523221565577e-01
1.843070641703296042e-01
1.530703339715072941e-01
1.235149905973625534e-01
1.762138013224041622e-01
1.706251124770279404e-01
1.314156614541376611e-01
1.455399392207260834e-01
1.490293454747134150e-01
1.516129679138154551e-01
1.189375708779032842e-01
1.803452444688690426e-01
1.235544536009512140e-01
1.258719504934120992e-01
1.475066071467917017e-01
1.289871354096683298e-01
1.617926180741981468e-01
1.270861696751351688e-01
1.411429014528796100e-01
1.644590098383145182e-01
1.546291694050790366e-01
1.368236452962097727e-01
1.486034771912905228e-01
1.910986388939946434e-01
1.444489676746830986e-01
1.605359095134152869e-01
1.727441001278766652e-01
1.389879151083544262e-01
1.347313094504963560e-01
1.526535675520122870e-01
1.226412621444445683e-01
1.702712761955957610e-01
1.283032690066077397e-01
1.391917066550679705e-01
1.802491756374202392e-01
1.433335597948058593e-01
1.141168397048175492e-01
1.715923000266772469e-01
1.674861355446296829e-01
1.408342321104032457e-01
1.706496536460782032e-01
1.501111644761744524e-01
1.265695721324622269e-01
1.219219972615412650e-01
1.408223488140234736e-01
1.418995778814091113e-01
1.646266236346234646e-01
1.407752515653619974e-01
1.740469092129942608e-01
1.496274591853608560e-01
1.624080783088436564e-01
1.574141546816973658e-01
1.359802189353693791e-01
1.517248426437383391e-01
1.364046967838538904e-01
1.535714929797481476e-01
1.488469654065487369e-01
1.296248865090056657e-01
1.425255593874807936e-01
1.710687695450625878e-01
1.682031888238645079e-01
1.429313572643141905e-01
1.420529460033220781e-01
1.563499174430283967e-01
1.356447515568017792e-01
1.749166371490062655e-01
1.371781650870679825e-01
1.289878575769502211e-01
1.263878717051243050e-01
1.418108739130168605e-01
1.680390123554827420e-01
1.539051735965197842e-01
1.582989824518932220e-01
1.527919674601729005e-01
1.243022705155492069e-01
1.622139868689103648e-01
1.415029195676517360e-01
1.986953783583067512e-01
1.502276949753290070e-01
1.238189375574046958e-01
1.409372062405238879e-01
1.722680321348591392e-01
1.697587213812338791e-01
1.544209902032323278e-01
1.503562441961308616e-01
1.360540081409763735e-01
1.270258856457542884e-01
1.491258905121968237e-01
1.251329533737832733e-01
1.357126459158751186e-01
1.254907073172794318e-01
1.686561101207094404e-01
1.127868190584817853e-01
1.178106810284224731e-01
1.071759152831874701e-01
1.770222017697522521e-01
1.427279946416146472e-01
1.733922504997056913e-01
1.555675226993898652e-01
1.799627921806942199e-01
1.355510701548499619e-01
1.345426167669430961e-01
1.658912264273305903e-01
1.157494313174816103e-01
1.226479787620456535e-01
1.588359032190403974e-01
1.418013370176414711e-01
1.398907875548122126e-01
1.256390349761252467e-01
1.341404269020256279e-01
1.464139294500581834e-01
1.613725891476044394e-01
1.526206205928906656e-01
1.708029711907027015e-01
1.585504867883373303e-01
1.182848645738019538e-01
1.373354916756489019e-01
1.167351661875934421e-01
1.134541082281776830e-01
1.400772506818326046e-01
1.439161459110564201e-01
1.409772855083620546e-01
1.551157139409146124e-01
1.831203411679039883e-01
1.136689247713517092e-01
1.382015778593133903e-01
1.148172779677592431e-01
1.368209944985318005e-01
1.444576025844047651e-01
1.270845909872474477e-01
1.281184772275171524e-01
1.474174866243681825e-01
1.564682839856421370e-01
1.595839387982032898e-01
1.198678918904048096e-01
1.611284011998128096e-01
1.145388456524353976e-01
1.427898552393920273e-01
1.735247617774274831e-01
1.257720781712526603e-01
1.632169356615440214e-01
1.563703374519992972e-01
1.627200834952106101e-01
1.453552696283604839e-01
1.821662629794322807e-01
1.353528984864410811e-01
1.661514457567115355e-01
1.283898927931644562e-01
1.503392817900866540e-01
1.234890571746107002e-01
1.689644929363209036e-01
1.258844928814659703e-01
1.190218385039176346e-01
1.594845552006760592e-01
1.198740413323071963e-01
1.722562636190792529e-01
1.621489075830275239e-01
1.590576824516990728e-01
1.397042925374233080e-01
1.343032467786058892e-01
1.630253533387826803e-01
1.182867248100721164e-01
1.361370000907871081e-01
1.141418250677066482e-01
1.164863384013412329e-01
1.742233082764504670e-01
1.453565243716356814e-01
9.537956779089709625e-02
1.300432018492056752e-01
1.866219117678432071e-01
1.598782167055289305e-01
1.712968948249827816e-01
1.590284336780862506e-01
1.156972194873184673e-01
1.413902377296560875e-01
1.664270496838338442e-01
1.174424991607756208e-01
1.609560114769137962e-01
1.215236084742363776e-01
1.130178968474738199e-01
1.308859583569809693e-01
1.554906917956564993e-01
1.380583978504685283e-01
1.452833565069739652e-01
1.658961574754415913e-01
1.208570891140501452e-01
9.894787281794273359e-02
1.346555960003542607e-01
1.878602761650828290e-01
1.697548147341676195e-01
1.522179024952255433e-01
1.238319984162243037e-01
1.672179925172038728e-01
1.395612202198311669e-01
1.439009323052376499e-01
1.562842552728265499e-01
1.415567695164084705e-01
1.411295001796648019e-01
1.496774267387936952e-01
1.614604016472076520e-01
1.361903731024191322e-01
1.280347621033754435e-01
1.469708479703979165e-01
9.923443528720102269e-02
1.279691776147234561e-01
1.297432893844068791e-01
1.802248937873425216e-01
1.202327449455047326e-01
1.112068935800758634e-01
1.126768094111828822e-01
1.824173392290505402e-01
1.560544636364539495e-01
1.569149930230172019e-01
1.670008371057420671e-01
1.501247446612644920e-01
1.471544947744177489e-01
1.525231170652566748e-01
1.217158185026869788e-01
1.266044812466280423e-01
1.242336200011807390e-01
1.751942109764056399e-01
1.386502990203000163e-01
1.681050599504175791e-01
1.481961562926988329e-01
1.369586885048478253e-01
1.332496457803284406e-01
1.167036825200686301e-01
1.759328548435606376e-01
1.285971196719048470e-01
1.104529160425936213e-01
1.364638318555635998e-01
1.442017200484801420e-01
1.700550181115347559e-01
1.112813989338596043e-01
1.361263381202081901e-01
1.339541671566151226e-01
1.664632403511752123e-01
1.523506358818234319e-01
1.454825415766882180e-01
1.597027433619218062e-01
1.318195588311069366e-01
1.479234305151955475e-01
1.123023857576845586e-01
1.428726036132179078e-01
1.251060908086530366e-01
1.545387833097591201e-01
1.296965530348932194e-01
1.154656963426900079e-01
1.640682423626888820e-01
1.395498307901727741e-01
1.468478824475458744e-01
1.533309807219755683e-01
1.973709456184297995e-01
1.249530844533904006e-01
1.619251638019674755e-01
1.609533573564926878e-01
1.331343558050401554e-01
1.625629188329213715e-01
1.233851372783726363e-01
1.372397246322927811e-01
1.473000961090055183e-01
1.318575130523734762e-01
1.133339553804865035e-01
1.345265062782750043e-01
1.955116653417799388e-01
1.505836945880452138e-01
1.701278605052848614e-01
1.586579646661564202e-01
1.544236859754713198e-01
1.382662027180856512e-01
1.427862063874946741e-01
1.345062193848834686e-01
1.432418332857181009e-01
1.684262922901664239e-01
1.278978986422638908e-01
1.641496508387403352e-01
1.620533331398372745e-01
1.915222429056002151e-01
1.383084494947047216e-01
1.633045814385165051e-01
1.404950518002811566e-01
1.601471244000882144e-01
1.329708929693833308e-01
1.394099928191680493e-01
1.172154971228259041e-01
1.651771486642969744e-01
1.528415290898990087e-01
1.405386493956373994e-01
1.591812887506884044e-01
1.498814295552748921e-01
1.461007154864766289e-01
1.561129731930172571e-01
1.410947422708229149e-01
1.119474776609028777e-01
1.630081535433478557e-01
1.183103102452736227e-01
1.361062877316800424e-01
1.685849870047597121e-01
1.052253446238550633e-01
1.550120432110693725e-01
1.388962845005254909e-01
1.602516251169784911e-01
1.738217810769023541e-01
1.295458692544929347e-01
1.255499632772878182e-01
1.363658226812576868e-01
1.510284408229836672e-01
1.802433072044256901e-01
1.341766796979748655e-01
1.218827822284737628e-01
1.251141548931492820e-01
1.391032682860060543e-01
1.276891100349870634e-01
1.431378037273487447e-01
1.274739441444347754e-01
1.423038413310479255e-01
1.514459671149248343e-01
1.287751480319694886e-01
1.282763203679129771e-01
1.306009542919775446e-01
1.422986257696076673e-01
1.731792070937559214e-01
1.270947252359750368e-01
1.539707426914591337e-01
1.219201104420539472e-01
1.378434838396920270e-01
1.631957530362574404e-01
1.525502311533769306e-01
1.687490966999809494e-01
1.317396283543148527e-01
1.462644864534273781e-01
1.759659280678321225e-01
1.528972094124591008e-01
1.164312781559282695e-01
1.583806655747671543e-01
1.764394830194103980e-01
1.576752860660893263e-01
1.587450067749552607e-01
1.644635876169069366e-01
1.581442749855850871e-01
1.336677898892835448e-01
1.103480090549992104e-01
1.204791976795228925e-01
1.365388334436348772e-01
1.231103193839845344e-01
1.403319744532358915e-01
1.274271109591194051e-01
1.447042880373531348e-01
1.222077421101269712e-01
1.519602389747783944e-01
1.944271789297641606e-01
1.478607925594508654e-01
1.579793159579828132e-01
1.825382426074828868e-01
1.699879663581065348e-01
1.506142691145249957e-01
1.512572675597889937e-01
1.636987489392352502e-01
1.508825949612584427e-01
1.369628515923676515e-01
1.325730021054035701e-01
1.584763973021718897e-01
1.385130672459729539e-01
1.829965647916710347e-01
1.583696851153110208e-01
1.243978002995453497e-01
1.416728270396749589e-01
1.654667158054327070e-01
1.279877447110605582e-01
1.292663501359319900e-01
1.439776661725233886e-01
1.441440568051994553e-01
1.139959835909738484e-01
1.210381279777843488e-01
1.515456125268581922e-01
1.185692400546461689e-01
1.762292691539363576e-01
1.409029449679821133e-01
1.536667884772884018e-01
1.427193855962274049e-01
1.539767403111441391e-01
1.313403980805076809e-01
1.155846094365974575e-01
1.434528264816549437e-01
1.620798686128263055e-01
1.314945962538978941e-01
1.561493776522170085e-01
1.403738207700344076e-01
1.665861022396512292e-01
1.317368495637835923e-01
1.220469946788525634e-01
1.475246076156479236e-01
1.600017670075608023e-01
1.696526441571067356e-01
1.174055832789231701e-01
1.372318661780221882e-01
1.680267403653673552e-01
1.445999667639006614e-01
1.073770089080402224e-01
1.306789133360188870e-01
1.559806590272690419e-01
1.616403651963823629e-01
1.407712532039226416e-01
1.484880208868274432e-01
1.512850320203632526e-01
1.276817177372083223e-01
1.890167793647154482e-01
1.779779019568530352e-01
1.874771881148866726e-01
1.646295722562463315e-01
1.203140374684524005e-01
1.342176784218873653e-01
1.368202266146462953e-01
1.237261167420165564e-01
1.768061422673944949e-01
1.621506853752060773e-01
1.533871041423869874e-01
1.238942462408451212e-01
1.618292838270508349e-01
1.319180407208544736e-01
1.147963310252451408e-01
1.697713979663276196e-01
1.295224419810462324e-01
1.322987703083716715e-01
1.305359060970809615e-01
8.755482717425080996e-02
1.711245749181859732e-01
1.519779492650102370e-01
1.499750588600686774e-01
8.659782156879866633e-02
1.514206033865277690e-01
1.570643635862694898e-01
1.768567828266133235e-01
1.420738153854837205e-01
1.998367725075229362e-01
1.637818247948948369e-01
1.227549316708233668e-01
1.528061959071741194e-01
1.558846579095300999e-01
1.255124953758125772e-01
1.690911754497162189e-01
1.493169738350631492e-01
1.331234955253944585e-01
1.211209636838894432e-01
1.609887243949746638e-01
1.867195341191362490e-01
1.555187642800595349e-01
1.437328231828786385e-01
1.569785651109052993e-01
1.753249803988443101e-01
1.443177121230234672e-01
1.432571648636317418e-01
1.588057827711319703e-01
1.706565868859947765e-01
1.445305162308405389e-01
1.392027582853648804e-01
1.366047615572200946e-01
1.507969725635802116e-01
1.504610267298451542e-01
1.620376850180581529e-01
1.725733816574945012e-01
1.316951142091551952e-01
1.184219499184294422e-01
1.420981476268794452e-01
1.365475946186818224e-01
1.502478879968543457e-01
1.433272591104062799e-01
1.414941396083604364e-01
1.435285542010938942e-01
1.392282941732128076e-01
1.448760398952782247e-01
1.303828464448911206e-01
1.555668731789577319e-01
1.578493650909543466e-01
1.372415289605332933e-01
1.588276955393926881e-01
1.257599488139691246e-01
1.497397268775300661e-01
1.491257981643224761e-01
1.558149147857593730e-01
1.666463598814446057e-01
1.537973868319619797e-01
1.529832219307839802e-01
1.459087691161220224e-01
1.473152388039754013e-01
1.223024818092043609e-01
1.590888249662436027e-01
1.489859262546672780e-01
1.472693142291648660e-01
1.277253058656446227e-01
1.571133528418731662e-01
1.324504984283228493e-01
1.337315838340392138e-01
1.359579678688482007e-01
1.469105414614573224e-01
1.132850902330507364e-01
1.232434178276477360e-01
1.539517339258364703e-01
1.501339321561616091e-01
1.172980872518094853e-01
1.628172109116215460e-01
1.895644278540357108e-01
1.319436334529116017e-01
1.884841173686029880e-01
1.782922386331670106e-01
2.036279187016484804e-01
1.337714810528607690e-01
1.616759975938524552e-01
1.256968189636957500e-01
1.475259298394965835e-01
9.998525584130366073e-02
1.376402572347745767e-01
1.473987099170298021e-01
1.130338313928859056e-01
1.458817927388137425e-01
1.429335606704488226e-01
1.207218252255921886e-01
1.582223584829709484e-01
1.618432575427355691e-01
1.647799499037010396e-01
1.181508104025874722e-01
1.607581042604381838e-01
