1.791460316152226895e-01
2.836598409585436298e-01
2.869934301072797900e-01
2.443601690252943937e-01
2.696208011930478765e-01
2.595314851458848104e-01
3.390854592978488902e-01
3.230456542713922574e-01
2.523743723538869888e-01
2.502364623381799769e-01
3.156106955413953696e-01
3.540545466490168103e-01
3.306481875851240426e-01
2.290401105699068351e-01
2.237177071995372912e-01
2.796382541181233194e-01
2.834378119613977232e-01
2.752188712231743439e-01
2.758084086219153575e-01
3.043213059537454579e-01
2.741059130740948202e-01
2.983064433454382658e-01
2.452845534324862298e-01
3.009281083201691409e-01
2.781945808403386011e-01
2.606501917754052156e-01
2.720114611154645368e-01
1.951593631718736011e-01
2.778572267697078657e-01
2.922034064043550483e-01
2.887591678309788801e-01
2.141406845148210725e-01
2.537391159027735932e-01
2.307507632916222517e-01
3.058605078461547055e-01
2.565905042429435512e-01
3.029889777766751613e-01
2.434153101406371089e-01
3.166075614184346021e-01
2.503960866821013931e-01
2.517295855523626891e-01
2.343014172764130432e-01
2.211144982319166452e-01
3.045969298154130867e-01
2.748196485938857458e-01
3.057973422069530378e-01
2.848166061811019389e-01
3.333995177115550712e-01
2.247183170946523423e-01
2.661633681193991685e-01
2.846362494906223284e-01
1.794677865443665421e-01
2.504735591988763721e-01
2.242691666484094848e-01
2.167269795953290779e-01
2.541798059062827519e-01
3.012079659656315411e-01
2.473685909894193791e-01
2.820662891019108942e-01
2.514173158437028599e-01
2.544905742872974885e-01
3.324588116295177365e-01
2.904706460771436793e-01
3.000137637660798551e-01
2.633765047971376450e-01
2.802052877696338817e-01
2.826693837855302482e-01
3.026819109675058517e-01
2.375490118565787567e-01
2.820982035599467475e-01
2.896440203855024653e-01
2.125422460132751767e-01
2.661069933820502942e-01
3.599236723445814468e-01
2.912524643538605407e-01
2.506135527973781252e-01
2.762014176925640108e-01
2.920290029965219025e-01
2.203357880067721153e-01
2.545073438400967669e-01
2.661228910033294204e-01
3.109723112873594153e-01
2.004090002487537991e-01
2.505353726030575823e-01
3.361517090066130087e-01
2.851577302818863457e-01
2.834244323949723920e-01
3.388073511297234330e-01
1.874148487698889254e-01
2.142462236965456679e-01
2.078544773903033271e-01
3.088498939740016991e-01
1.941043368885389531e-01
2.724025597480725369e-01
2.467809449512317621e-01
2.532303000134928928e-01
3.174647979788982055e-01
2.822309057470926419e-01
2.735345536409000688e-01
2.291158960524806720e-01
2.223271971802694702e-01
2.582383782311049591e-01
2.347210368374473277e-01
2.177684707257420138e-01
2.589362246369095177e-01
2.590026825970705993e-01
2.526017608274999104e-01
2.477331714433919085e-01
3.291433643353983141e-01
2.567232184150898266e-01
2.719312984897090946e-01
2.379740637655988200e-01
3.092455157224331952e-01
2.394388875931508509e-01
2.691586851485963106e-01
3.380942023257927920e-01
2.424808269927233306e-01
2.562097643174923722e-01
2.266219030463380024e-01
3.225426665051878139e-01
2.286442449759328033e-01
2.730390152405041126e-01
3.168902728376831734e-01
2.157433537608724472e-01
2.533394850045847524e-01
2.684431173121055170e-01
3.179862306434448893e-01
1.962850518997026061e-01
2.424750923570296868e-01
2.673587616929956057e-01
3.168359459655694099e-01
2.684445478935001961e-01
2.938786869359024667e-01
3.041789240353632850e-01
2.086777267989284868e-01
3.039981945261931440e-01
1.953170441247234768e-01
3.235118253127409749e-01
2.415921434370366661e-01
3.055649131039575028e-01
2.475526122263219664e-01
2.631430193030135367e-01
2.872544066482411451e-01
2.592652956391858776e-01
2.663968439079275607e-01
2.710170098348109735e-01
3.354724868035460217e-01
2.815981746675431108e-01
2.957661615735221461e-01
2.247723039866126593e-01
2.464951058153853070e-01
3.461436621558632853e-01
2.366912337109824682e-01
2.508006827454819510e-01
2.138782598575618699e-01
2.586590756226765375e-01
3.000673021360096282e-01
2.694401616357567919e-01
2.737697173937244655e-01
2.314634487378016414e-01
2.913690737606024483e-01
1.911824830278208154e-01
2.304536917875530944e-01
2.439258795225885401e-01
3.180920716631189804e-01
2.458155334890274046e-01
2.488450328484561325e-01
2.993010468885926034e-01
2.419529464081127124e-01
2.447044769004728115e-01
2.149215564657769306e-01
2.990738512742501798e-01
3.065893922779883152e-01
2.363889098797591626e-01
3.081390744238217683e-01
2.924693120632102517e-01
3.160680125509485183e-01
2.008733943423840484e-01
2.470604570312343040e-01
2.765086585096401262e-01
2.882660991686675223e-01
2.346547647243085177e-01
2.735789074203555105e-01
2.316028114399074078e-01
3.135590429004381785e-01
2.737449749458766846e-01
3.180316547817778616e-01
2.718162289199702597e-01
2.635776555819276390e-01
3.364769347681441092e-01
2.490394019061692166e-01
3.256924465186277207e-01
2.582233043119316340e-01
2.191915460438388641e-01
2.464175482300054176e-01
3.148329324698118659e-01
2.568731382459211177e-01
2.519878712780615482e-01
2.948106677207730231e-01
3.057216713754837834e-01
2.999485468491674411e-01
2.499524438563957840e-01
2.645080824977916745e-01
2.972026513763586508e-01
2.527702006414579428e-01
3.373716501945060453e-01
2.239841803599730008e-01
2.452136170556227790e-01
2.676744111769041590e-01
3.103590860808927987e-01
3.145650441928767305e-01
3.145956034862706918e-01
2.370919861667770689e-01
1.753039041016476729e-01
2.518905943751367227e-01
3.061550372710143408e-01
2.985888330221667664e-01
2.914042500366502697e-01
3.463882707357104351e-01
2.942893432257599473e-01
2.918680989596020847e-01
2.063454854068181854e-01
2.094442035032059446e-01
2.677610886948515456e-01
2.806388866706576168e-01
3.286869749351605252e-01
2.718961586437935729e-01
2.302301440561976831e-01
2.663060244239862651e-01
1.814063483171791391e-01
2.177397500688668108e-01
2.284755379022300747e-01
2.518968511251232778e-01
2.794681250006753048e-01
2.873560814772243011e-01
3.583608132012577330e-01
3.126427866989993642e-01
2.464740457029763188e-01
2.783657307358029520e-01
2.687562530487104251e-01
2.999618756334300751e-01
2.401359576092582659e-01
2.007041661778699304e-01
2.679036614993548504e-01
2.901344525270544983e-01
2.383791350893444405e-01
3.198489039969320546e-01
2.559600876561798355e-01
2.823893448823825425e-01
2.425758689043190641e-01
1.990227813968064308e-01
2.853577099944631934e-01
3.361841411800616242e-01
2.452360662161283400e-01
2.816389418890334895e-01
3.168582850617016056e-01
2.929161680536511714e-01
2.544171956229661635e-01
2.254555274481252758e-01
2.927240250446790371e-01
3.205732112429405256e-01
2.465726160696835034e-01
2.927537598450793421e-01
2.168924023751857555e-01
3.128769976634873107e-01
2.824362044110694803e-01
2.676278919499104902e-01
2.524513234452939736e-01
2.820235993054642787e-01
2.741726089813730227e-01
2.915271608957415439e-01
2.181566075893294210e-01
2.764065020743328716e-01
2.343309009777037599e-01
2.826248980361135144e-01
2.483212757704423013e-01
2.582722867733835970e-01
2.665955490538931549e-01
1.793611865917288384e-01
2.803335957869128037e-01
2.812338528510537894e-01
2.600668182571611586e-01
2.115436760526628879e-01
2.767761006406543878e-01
3.252172921142960638e-01
2.913415961098786977e-01
2.868402446840815356e-01
3.173926387646693326e-01
3.160052937723966671e-01
2.702867444178753686e-01
2.973655181371591127e-01
1.944352242676824494e-01
2.249644163824346121e-01
2.601330135638972862e-01
2.819224758906682671e-01
2.305828146368174847e-01
2.789714925929818179e-01
2.540159611966631981e-01
2.460782805849857091e-01
3.286913405324418669e-01
2.585138432482819715e-01
3.508955948892209520e-01
2.702875553713259826e-01
2.440222733320366322e-01
2.372248326305262112e-01
2.173419014344329936e-01
3.185660757785920838e-01
2.639060873020161457e-01
2.567061598103144715e-01
2.405705677451822899e-01
2.824457460595080072e-01
2.615670348711218174e-01
2.604698043417313924e-01
2.850067953184473590e-01
2.160314203691187651e-01
2.771940272352956258e-01
2.917441457503469615e-01
2.858392055936351817e-01
2.190366973290260866e-01
2.591413130242589125e-01
2.444331260062971578e-01
2.770512070296737295e-01
2.674009871652131554e-01
2.802299156742633079e-01
2.484876693982032148e-01
2.079022900762083070e-01
2.272768779462392696e-01
2.794306952495023699e-01
2.683716667581412807e-01
2.332470513127042344e-01
2.887295620616928127e-01
2.586921697261312381e-01
2.622609371701519754e-01
3.102630906004050226e-01
2.178470654633938297e-01
2.706675275755490162e-01
2.181869176586158088e-01
2.754929244341752792e-01
2.873849080220122754e-01
2.908412697533360181e-01
2.710334282723995125e-01
2.684336036999320219e-01
2.908286842721551912e-01
2.295640008872777971e-01
3.061624517565036396e-01
2.807837462354637603e-01
2.538770184775991368e-01
3.113866604577396613e-01
2.774264907115969181e-01
2.672075035194168557e-01
2.691251447361968085e-01
2.238699430702157933e-01
2.861427599989442294e-01
2.157428212585761063e-01
2.996083503256707359e-01
2.599515758628992423e-01
2.689766369008004809e-01
2.556946598754236133e-01
1.999144984615508491e-01
2.747638212053398199e-01
2.777986499579445656e-01
2.747123551192936497e-01
2.905495755958857340e-01
2.349866366749791824e-01
2.764382416848303881e-01
2.778568967614570839e-01
2.775233754630398453e-01
2.273930378792333451e-01
3.375483147442087661e-01
2.904724757105345279e-01
3.011522283000311884e-01
3.183680715709998332e-01
2.975640884775084816e-01
1.964787533304143408e-01
3.217026813191711243e-01
2.748968986040118967e-01
2.836561975745439668e-01
2.752407833777594237e-01
3.046271170662114280e-01
2.956745446021644130e-01
2.025591569819987503e-01
2.618683177926304784e-01
2.289604783320610681e-01
2.585873799491946734e-01
2.860750736171093211e-01
2.814635596885097235e-01
2.797239318541145381e-01
2.317646099587797881e-01
1.851492884916534909e-01
2.941289792364354949e-01
2.278928592754226601e-01
3.180315962368956417e-01
2.264790218391327103e-01
2.939687300569554518e-01
2.964741596976890881e-01
2.586052969708381721e-01
2.356626833911433794e-01
2.390354916014055253e-01
2.498432628941466005e-01
2.723561334940304834e-01
3.316351825765920802e-01
2.368880609208660892e-01
2.842218633858524246e-01
2.487782983934568315e-01
2.144868721339959206e-01
2.218333868846591173e-01
3.093859211476663873e-01
3.035173159016303357e-01
2.871176646485073536e-01
2.439730752412887782e-01
2.982096500869659828e-01
2.296181017213866082e-01
3.213314309392180101e-01
2.776302127303337253e-01
2.457063502482044470e-01
2.565064744743040803e-01
2.122717756854568816e-01
2.881786667294560234e-01
3.059308605918145685e-01
2.742822373444951944e-01
3.329501369391655863e-01
2.203753006506078971e-01
3.246995014404501223e-01
2.114129791586755180e-01
2.052052751975779188e-01
2.211251904817423397e-01
2.893050771642732277e-01
2.725671064727849258e-01
2.989702955540715634e-01
2.454562883955193064e-01
2.954894211712457697e-01
2.614146696560456506e-01
3.087261618240379479e-01
2.445664635861511949e-01
3.073684291134303193e-01
2.782808531926114215e-01
3.141389599654952347e-01
2.879102749903977299e-01
2.131571927323140381e-01
2.381302817219226042e-01
3.055177807978880500e-01
2.136482557088330014e-01
2.285979863690541791e-01
3.019093575159141896e-01
2.518498914097238028e-01
3.303796862615691055e-01
2.888617154464933057e-01
2.840979483842513975e-01
2.647782193999965172e-01
2.762693805006827819e-01
2.241063238520614731e-01
2.581185300503322511e-01
3.206620155195333832e-01
2.783059278405800585e-01
2.924283282043981247e-01
2.681667147867127787e-01
3.266200930836643535e-01
2.099487356121006731e-01
2.585840008578597637e-01
2.076174976059663724e-01
2.422782617219840229e-01
2.815228536206065280e-01
2.668524933449080150e-01
2.324162816965569811e-01
3.146343755026992373e-01
2.476371543664983577e-01
2.665366261295622485e-01
3.227433632480262160e-01
2.787490747643044942e-01
2.679553907484573672e-01
3.054017781512485818e-01
2.585657593759844719e-01
2.012702879910815978e-01
2.765160211391126110e-01
2.664392566579615318e-01
2.290216614469851031e-01
2.901532817469802406e-01
2.290357626611401465e-01
2.807961294446678635e-01
3.365205518120661932e-01
2.915301003004802105e-01
2.018839423532393373e-01
2.697303538955776459e-01
2.510328292918077575e-01
2.325203934307014941e-01
2.797089549687469257e-01
2.660303112180922858e-01
2.254309164884475691e-01
2.301972553749451200e-01
2.425516415465405196e-01
2.651055214568469043e-01
2.027384579763364114e-01
2.325059573467241625e-01
1.580849603707727979e-01
2.814150319455724913e-01
2.926133657273854993e-01
2.800532082031705894e-01
2.691088895782156043e-01
2.954536441940970315e-01
2.334547801239784115e-01
2.883514942234679523e-01
3.246677976355463180e-01
2.658516983471868045e-01
2.877504008517215994e-01
2.865104268298505064e-01
1.949600318955499456e-01
2.756884036859279519e-01
2.526142903293464581e-01
2.502340285286119848e-01
3.029398908270281576e-01
2.640126438980241463e-01
3.140634991115060504e-01
2.367028883224861768e-01
2.265268135812090466e-01
2.924505971046721386e-01
2.696639775669911754e-01
2.398777663348291844e-01
3.088295147678333241e-01
2.983170270034907201e-01
2.424227426493360538e-01
2.658939093874975179e-01
2.394617203398339278e-01
2.264113752569887617e-01
2.963261607613016935e-01
2.719555390891648106e-01
2.562805798577376670e-01
2.802015280145315201e-01
3.309902113541441926e-01
2.594759831595884192e-01
2.784202354737052576e-01
2.797591761463421034e-01
2.842462123542348618e-01
2.744783585504518841e-01
2.865761948169662232e-01
2.868832568943741057e-01
2.346648142909391332e-01
2.843964362007141977e-01
2.729932952491566089e-01
2.791795658820306891e-01
2.188136795378685662e-01
2.748751044751887029e-01
2.685531527217772663e-01
2.178522751947748748e-01
3.438065059999009798e-01
2.707910830803587632e-01
2.510125068271576443e-01
3.017855200294076723e-01
3.354575753013934736e-01
2.624010918450582763e-01
3.168844038916424632e-01
3.293384413429500390e-01
3.154432540414449093e-01
2.436773754856378926e-01
2.251552910360537507e-01
2.541468934356579390e-01
2.362766644207407452e-01
2.641185330474199455e-01
3.187668155601218745e-01
3.150548040629224666e-01
2.330268961627548208e-01
2.935610273172434281e-01
2.746937154082231269e-01
2.685360313136553878e-01
2.748300566184951887e-01
2.492206755760913439e-01
2.210530635147471001e-01
3.085486989063792596e-01
2.853897904384332662e-01
3.337053078421287067e-01
2.880834695390356304e-01
2.417315246565374109e-01
3.000323840202009373e-01
2.826736850226023723e-01
2.140835567195625289e-01
2.661526106884390397e-01
2.479856150203426091e-01
2.533694297990887745e-01
2.811159303643783192e-01
2.428614599239162786e-01
3.259450499283516045e-01
2.904998131079450929e-01
2.607478522672054821e-01
2.521716140945977624e-01
2.663316085554940371e-01
2.085606072997109317e-01
2.572889625973216465e-01
2.656499616808744579e-01
3.030655384897157911e-01
2.283881208406321472e-01
2.882593302840605887e-01
2.899332440287213375e-01
2.851195213072585388e-01
2.772209323330562802e-01
2.711396456237331609e-01
2.630153491587539638e-01
2.903263793125059888e-01
2.185906488046328311e-01
2.457235112368823526e-01
2.159316118406628404e-01
3.356070137212598947e-01
2.177526616404055759e-01
2.662591324868849307e-01
3.090981917563441761e-01
2.967617731743526499e-01
1.902798556349790393e-01
2.856924237039081826e-01
2.109312043059252406e-01
2.426552332996466388e-01
3.034898186250014063e-01
2.845730888871169650e-01
2.569558826244005001e-01
2.922676781154950887e-01
2.632689721883197387e-01
3.402510062269020752e-01
3.274421810896381291e-01
3.092570139711096067e-01
2.370413900388135819e-01
2.465182431898155224e-01
2.580818362876870498e-01
3.085249494596422060e-01
2.091913659429798789e-01
2.136737538582064722e-01
1.611082490389248723e-01
2.692448113567080803e-01
2.998600388375737280e-01
3.015581601232241726e-01
2.803616780131988340e-01
2.233522804416699925e-01
2.438468323561799322e-01
3.355293823475387627e-01
2.318689649559707577e-01
2.471411314791236158e-01
2.511260331548947344e-01
3.036871267592511914e-01
2.622663398863231965e-01
2.477999772103998133e-01
2.654808965464340309e-01
2.701224412468624658e-01
2.920957882750899182e-01
2.884221971159495190e-01
2.675712700079694861e-01
2.367795886274825234e-01
2.906013265123632561e-01
3.027943559252641581e-01
2.597752473977388288e-01
2.716716970161414113e-01
2.242011484160335577e-01
2.363108900503371745e-01
2.347488422738219782e-01
2.156576556746875040e-01
3.078855757176589547e-01
2.993691523672428745e-01
2.629755608521827104e-01
2.345276444787132708e-01
2.226069403716131323e-01
2.470232708690130730e-01
2.415563533861831980e-01
2.989283918656229222e-01
2.802337464983600257e-01
2.463376926378385567e-01
2.769271148332340116e-01
2.294558042503020978e-01
2.337219707022145099e-01
2.894199831805885359e-01
2.768621150651052742e-01
2.764988329975527348e-01
2.517658468884881873e-01
2.517539767887846391e-01
2.840902528346930245e-01
2.436964843108768153e-01
3.070650229935703024e-01
2.962189379826412061e-01
3.379745296166953850e-01
2.934446018751202256e-01
3.094536217992084892e-01
2.902613984211416254e-01
2.740931052307743476e-01
2.919222542207511872e-01
2.586874918268572965e-01
2.346208184611554282e-01
2.355818301887564747e-01
3.062481127114891621e-01
2.770513739261222796e-01
2.072709909159962394e-01
2.393483118919316477e-01
2.755191797603467330e-01
2.729923824436356061e-01
2.374509323083421330e-01
2.909192961143409750e-01
2.576740872586232300e-01
3.167912264190028693e-01
2.174836392311499111e-01
2.375752521640771553e-01
2.287276589607094290e-01
2.235305304678157357e-01
3.159083981521226825e-01
2.509174172059741026e-01
1.841324923339815456e-01
2.633039759640027344e-01
2.541068930102562407e-01
2.486194488616728093e-01
2.442387546274734089e-01
2.820102103559436468e-01
2.506909279929708800e-01
2.794023849714514784e-01
3.051414855810035687e-01
3.422419147380269533e-01
2.461908505762258059e-01
2.612847365261546373e-01
2.504107404415165106e-01
3.006632620766567232e-01
2.489262984647011290e-01
2.694662194709449565e-01
2.354666505163326984e-01
2.350635200131961644e-01
3.004469467355323498e-01
2.775072781609890793e-01
1.983275650552018265e-01
2.672667900106681094e-01
2.761040735094411613e-01
2.590200648398971461e-01
2.771745173685890573e-01
2.643510445276340826e-01
2.959552296005986127e-01
2.453812428926911982e-01
2.489022211664139728e-01
2.238669192638817196e-01
2.621390620149637307e-01
2.993688987417253422e-01
2.016701902626543974e-01
2.656262414882086809e-01
2.853033660481266720e-01
3.105333206188534145e-01
1.956085011151807163e-01
2.121517127133097924e-01
3.160603959664366469e-01
2.754680162928250242e-01
2.891471286233278093e-01
2.081390616538205118e-01
3.058313227742577300e-01
2.468749224956535981e-01
2.740279130689485809e-01
3.322079178330503146e-01
2.970691301961023156e-01
3.106720177836498897e-01
2.101677844030614417e-01
2.277503695324783473e-01
2.726867514188963670e-01
2.356785825878471297e-01
2.709832399942404546e-01
3.022098562736399985e-01
2.796239738270720476e-01
2.361442271216374067e-01
2.706098114529382204e-01
3.357197358009506027e-01
2.990625205739208536e-01
3.012955854863094141e-01
2.463505168779751286e-01
2.892788065214246251e-01
2.564898137624497809e-01
2.937396482074964288e-01
2.292223965255547613e-01
2.678069087920097457e-01
2.432438627226846117e-01
3.087595292059538421e-01
2.443891303289487116e-01
2.846141467789954360e-01
3.024792829995437415e-01
2.701255352527568432e-01
3.105710428894641328e-01
2.001325543385972239e-01
2.647913015968525463e-01
3.420128633557709685e-01
2.624500359793718873e-01
2.673188599731847193e-01
3.051840115125814545e-01
2.514998617149099003e-01
2.446882858679015060e-01
2.788909956206306884e-01
2.479721473903281348e-01
2.931162869488438405e-01
2.686743850775845099e-01
2.765217680640057463e-01
2.771455021975973709e-01
2.654063325031605913e-01
1.835349523016038542e-01
2.315183949181763845e-01
2.374630783563846659e-01
2.137098219913897701e-01
2.388436398203474809e-01
2.703030228763744769e-01
3.005110876971286982e-01
3.185248909744293755e-01
2.694334264622550990e-01
2.387489090212549236e-01
2.905909355736527866e-01
3.475499666639141338e-01
2.455228907229777824e-01
2.637223251986919315e-01
2.853517498447544209e-01
2.605697414454427596e-01
3.102663839117025812e-01
2.735808465873940665e-01
2.500089415303148876e-01
2.841697247757919986e-01
3.105071727339302479e-01
2.822198449212008908e-01
2.438505431239588184e-01
2.633733696664641855e-01
1.975010808353393488e-01
2.308981063056710636e-01
3.059373104921307984e-01
2.854845669787181572e-01
2.850466685748585527e-01
2.988045784907432112e-01
2.588989842603144909e-01
2.765906998288427121e-01
3.194596890917910104e-01
2.634711026962501812e-01
2.834213066668009873e-01
2.962847336745931814e-01
3.191151990353294776e-01
2.309825269038351947e-01
2.222145718810275006e-01
2.662062867102212849e-01
2.887152360923696537e-01
2.395502243409749488e-01
2.717102713401132186e-01
2.658814554577581535e-01
3.210511674837819851e-01
2.887892167911009778e-01
3.277184633354184307e-01
2.447001866649416157e-01
2.213337446475106274e-01
2.108755136313635592e-01
3.285583809645414854e-01
2.520090933698306834e-01
2.885654501333598798e-01
2.702695944603903944e-01
2.699302844179244376e-01
2.098557604440891844e-01
2.767294569129632453e-01
2.424979349307574139e-01
2.522816645887147602e-01
2.857998636808832260e-01
2.787188667188744140e-01
2.817292594097918212e-01
2.405325445226693948e-01
2.844305569278905432e-01
3.095715191605185046e-01
2.975610248445139661e-01
2.240077673726712515e-01
2.602154399527014661e-01
2.798962292491982695e-01
2.306301469401975390e-01
3.109683312682499090e-01
2.665095361796310791e-01
2.569904969504582803e-01
3.160873923119004725e-01
2.300904243169394903e-01
2.670111257036927865e-01
3.043977926776087473e-01
3.176538959578807941e-01
2.417157446692410061e-01
2.694390414423808999e-01
2.357961559797996376e-01
3.359925389174715504e-01
2.549765836530435426e-01
2.423124990002810120e-01
2.778438556233622236e-01
3.324420715885291200e-01
2.358139002748097235e-01
3.177294137180515232e-01
2.225638786104737477e-01
2.509684927516314112e-01
2.534551734451742644e-01
2.447876022043228295e-01
2.821498720542220950e-01
2.433124845075997078e-01
2.712106694551159602e-01
2.787935103500265299e-01
2.948783251524216831e-01
3.022234475994559078e-01
2.225958333686469670e-01
2.909467095652221724e-01
2.868872755665184959e-01
2.919623341685169127e-01
2.673319479366073614e-01
2.853854252848739836e-01
2.785862060228369019e-01
2.282459507544782884e-01
2.187599311576094996e-01
2.620561331341075828e-01
2.405324945404696546e-01
1.829728366955183927e-01
1.933638997748451382e-01
3.123410113209332817e-01
3.290619563474821430e-01
3.114026619509945859e-01
2.359045962377441241e-01
2.512363245199613071e-01
2.626547722173909194e-01
2.391808217449079565e-01
2.670946717838929563e-01
2.454385959207053269e-01
2.507163813922920759e-01
2.515497565375545141e-01
2.772285659527642387e-01
2.705835153899125989e-01
2.250088849964399784e-01
2.711504219288407014e-01
2.573197985263080967e-01
3.071650021530301644e-01
3.218591606853867804e-01
2.001561609783885642e-01
2.628683939521012647e-01
2.972784334053597544e-01
1.777654649599741954e-01
2.854530131854722819e-01
2.848242000019256537e-01
2.039736440084861380e-01
2.473108024285761986e-01
2.074245249728235152e-01
2.721210921166670182e-01
2.563154919601670634e-01
2.774691642101451139e-01
3.438641451461729726e-01
2.076946354588557198e-01
1.891603298092415786e-01
2.531748121033908783e-01
2.826725152509015349e-01
2.543581698740002839e-01
2.202000291297563916e-01
2.520508046597939034e-01
3.056641851646075825e-01
2.981269648942936334e-01
2.140453338282443663e-01
2.886255961055603225e-01
2.159712142062069073e-01
2.588349961859129356e-01
2.988598867568642570e-01
2.050476481847345323e-01
2.372558840214031850e-01
2.689751973690475140e-01
2.472655059196981198e-01
3.392628339308582652e-01
2.689538141512193281e-01
2.682564821544901057e-01
2.404009984841791736e-01
2.295804689977350710e-01
2.754163405630163375e-01
2.403533001868899122e-01
2.908849606482146744e-01
3.094931842560031954e-01
2.314054770717939857e-01
2.870692771458992487e-01
2.787120967960581286e-01
2.368476339441484280e-01
2.633124730202398012e-01
2.260969627876633914e-01
2.685282468522589006e-01
2.602268868806649760e-01
3.114272128467552303e-01
2.580404911470165485e-01
2.601090015244045262e-01
2.123295031821509637e-01
2.843639900991486447e-01
2.697472048937747946e-01
2.933854278903234580e-01
3.237628710608065896e-01
1.840623961105045947e-01
2.682460303833655857e-01
2.548695088236686002e-01
3.288075323257750870e-01
2.574379991717676286e-01
3.066697326502517695e-01
2.543011097109245111e-01
1.861328789365552239e-01
2.592325397482890259e-01
2.342913309230778285e-01
2.197976038664224974e-01
1.789314307536743476e-01
2.317544182612386039e-01
3.035547314172814537e-01
2.402204298301240104e-01
2.405043927591365427e-01
2.506977282428930476e-01
2.438958788935125244e-01
3.102644376545068972e-01
2.836585415816128553e-01
2.424916504953689711e-01
2.676504637879646986e-01
2.622779394180657087e-01
2.131898512525589595e-01
2.623254195069847361e-01
2.578048708023761293e-01
3.228112406079334806e-01
2.374198360663872520e-01
2.330506925153719433e-01
2.636341294583974260e-01
2.739388783201000543e-01
2.972836026141200683e-01
2.851704770386823129e-01
2.973377621922568825e-01
1.757801463062511615e-01
2.559294652812125204e-01
2.744247715399507070e-01
2.917433702047695920e-01
3.520370337539454608e-01
2.979438706834384165e-01
2.871832743677850130e-01
2.401747867738092679e-01
2.602910071920805923e-01
2.684158916401618855e-01
2.610287284677373920e-01
3.086912214774473195e-01
3.178696455781447883e-01
2.552301373162170761e-01
2.356478301300696243e-01
2.745934132296177221e-01
2.301297446166726546e-01
2.957884481551820155e-01
2.884314684144203000e-01
2.817415740013812786e-01
1.994842589102229502e-01
3.410899696452375784e-01
2.667467558247413328e-01
2.153677289304432585e-01
2.188462559043952704e-01
2.494766427257115449e-01
2.764477733383277069e-01
2.929697088837857066e-01
2.548005479123505168e-01
2.475836544706149778e-01
3.027242072044696308e-01
2.712948860833435671e-01
2.599424030401401575e-01
2.825998813513408980e-01
2.568028304233683223e-01
2.498909526752318977e-01
2.644178045205000105e-01
2.720229375963417739e-01
3.106611938866949418e-01
2.469287635229558686e-01
2.399654646989755891e-01
2.333328265366605703e-01
2.709089764003513312e-01
3.271055258588080883e-01
2.202636045430537426e-01
2.316964496278703933e-01
2.440930297250173409e-01
2.974750076838596491e-01
3.231418294709071382e-01
2.946997499405863974e-01
2.819618490752180962e-01
2.967807297432841218e-01
2.336095806996208724e-01
2.654957906314816540e-01
3.182154157663339422e-01
3.516514936913315292e-01
2.380721543467226864e-01
2.725620723719009431e-01
2.965648645141059636e-01
2.009702441339225321e-01
2.801603033215425698e-01
2.530241074888279207e-01
3.168387528782156681e-01
2.654794788549537099e-01
3.128505773220876529e-01
2.957471378804464313e-01
3.088532575009823589e-01
2.496582949671257434e-01
2.514836122742569180e-01
1.835432124937419474e-01
2.419267445543301087e-01
2.836939205889525972e-01
2.617384505055834198e-01
2.995959796577689627e-01
2.844706276918273491e-01
2.287452914308722163e-01
2.566599509098428933e-01
3.000455780936669981e-01
2.501714763215919790e-01
2.420530678176132378e-01
3.100360125807276046e-01
2.716123415543903463e-01
2.975761129866082988e-01
3.272725976927240432e-01
2.031522974518998326e-01
2.553253466700263763e-01
2.040332355869133862e-01
2.659584345465267896e-01
3.104833015912135119e-01
2.901009851711741083e-01
2.394756222803545720e-01
2.056230377985331925e-01
2.955262552584363989e-01
2.857174200375229844e-01
2.499580196266111831e-01
2.769597826270987495e-01
3.124997160302894761e-01
2.637987776205799051e-01
2.111918965226580180e-01
2.715905468037048132e-01
2.447526315916871975e-01
2.366631590742915292e-01
2.579060895946457266e-01
2.607760517376456200e-01
3.124894703404866303e-01
3.321267746300927692e-01
2.545896852098322727e-01
2.664669635998665465e-01
3.037283240067518153e-01
2.981966736989810074e-01
2.893325851471760246e-01
2.919249143830666693e-01
1.692492824429098763e-01
2.966930543773149132e-01
3.008374919754021048e-01
2.768206669038342782e-01
2.687666989766344661e-01
3.492731494669621961e-01
2.798354191377429023e-01
2.443506635479802125e-01
3.308280111282311808e-01
2.892741251254222212e-01
3.044649116209657835e-01
2.664120375063936952e-01
2.987052296463442169e-01
2.970130810590454473e-01
3.154239661462322486e-01
1.859971719451183891e-01
2.081022315185486748e-01
2.671302911126648416e-01
2.316080644110942444e-01
2.886262130046864383e-01
2.421338938656587836e-01
2.337478441097949611e-01
2.918286259358136014e-01
2.988808112107503856e-01
2.790024820184150989e-01
2.660194759557522048e-01
3.033879818258437555e-01
2.745453099047664436e-01
2.615967663998482462e-01
2.627621207821677074e-01
2.857888433511006632e-01
2.855531510248928151e-01
2.099983531206749132e-01
2.365831192569683439e-01
2.715253704168989479e-01
2.917221338137883646e-01
2.616464931252054371e-01
2.327179833830352873e-01
2.245269259377916382e-01
2.548548934212336858e-01
2.370020609183897675e-01
3.030149974541576641e-01
2.156888137751326318e-01
2.725103616505514248e-01
2.548461648760051435e-01
2.235205974748823432e-01
2.400327782983760205e-01
3.131499920327205366e-01
3.071900181854846368e-01
2.676833352214073036e-01
2.880595779684985147e-01
2.895115619695769471e-01
2.574362880875846749e-01
2.458637134238205180e-01
2.404936909982745008e-01
2.318384072160324105e-01
2.182926471004676683e-01
1.879408050552370535e-01
2.106637961329121678e-01
2.617795882609907920e-01
2.733471387202782710e-01
2.379537103474431148e-01
2.591556615169382516e-01
2.880547225761307950e-01
2.715791827282874604e-01
2.991974558382027860e-01
2.132803829344831203e-01
2.754980816898102702e-01
2.450894151954972067e-01
2.432419739434853734e-01
2.553719575637585226e-01
2.105741178752132958e-01
2.896818107292312705e-01
2.613694488534252791e-01
2.528435615406624537e-01
2.188592698642200518e-01
3.251656910153007951e-01
1.942888919402815939e-01
2.562298332104839815e-01
2.430380365261420039e-01
2.720194682603091496e-01
2.427156157849190143e-01
2.990986925766302429e-01
3.024497063911167349e-01
3.142330812987887967e-01
3.129308451198307695e-01
3.137492257681196439e-01
1.823363705625357933e-01
2.787313245023974595e-01
2.685017686047477259e-01
3.071369693198519601e-01
2.881754994690186034e-01
2.328843813898314741e-01
1.880007021833348668e-01
2.142262555629869392e-01
2.866361416788661964e-01
3.381750022668076339e-01
2.399325430008296678e-01
2.203290219600812505e-01
2.603310052859504897e-01
2.976868005152163432e-01
3.048163242565117281e-01
2.163109539675531212e-01
2.574926306012949029e-01
3.058157495394567271e-01
3.042353832475445108e-01
2.240527249638106788e-01
2.874977679964094146e-01
2.530665594387476180e-01
2.537669882330888527e-01
2.109736708340362310e-01
2.740200117382479705e-01
3.336798534796596161e-01
2.401122257416524186e-01
2.388319912085500873e-01
2.595689826447651893e-01
2.993737280362198661e-01
2.595297541210251357e-01
3.300750179792624195e-01
2.713459704132336614e-01
2.356984949169530219e-01
2.565302910472725406e-01
2.901265792179969494e-01
2.303351756733693079e-01
2.875480820589279007e-01
3.443211254041482206e-01
2.712403160314589279e-01
2.920828270470050003e-01
2.568980333073336286e-01
2.499354829919012977e-01
2.806459310916337158e-01
2.633363514095301006e-01
2.505747637715751153e-01
3.100694451461102341e-01
2.783637478558874667e-01
2.127589740135065466e-01
2.857535838071241230e-01
2.704321515448238622e-01
2.890370847583209057e-01
2.675633258066075215e-01
2.527622396473808153e-01
2.896444937369341832e-01
2.448782555151036711e-01
2.664714878630919381e-01
2.916332336127871461e-01
2.966528273388159831e-01
2.004125035733058668e-01
2.161722628455778339e-01
2.796158893989943994e-01
2.596657503665382172e-01
3.078037402573383097e-01
3.176317534989215319e-01
2.900251397377934248e-01
2.411657018370575445e-01
2.393788814660072484e-01
2.611612521296524103e-01
2.817607296025159136e-01
2.153865073850703971e-01
2.691724463193621575e-01
2.664226481481107300e-01
2.377150419108479129e-01
2.840427300701943159e-01
3.116451534666421219e-01
1.715634668913496585e-01
2.818152217071773213e-01
2.744531118902256983e-01
1.996167868982576532e-01
2.682176733806612701e-01
2.695284725926510583e-01
2.518488301063781520e-01
2.557437153553701048e-01
3.113009315849441516e-01
2.930655197583990623e-01
3.225765607001310764e-01
2.789983444523125855e-01
2.516965558015323845e-01
2.519170912685326780e-01
2.054145512326233103e-01
3.380876854732284831e-01
3.043515468061139262e-01
3.146166066662123284e-01
2.878070408545584935e-01
2.533921406668805942e-01
2.236302114048313028e-01
2.163646309290920278e-01
2.347916795345006136e-01
2.917007408643219613e-01
2.850601081466556108e-01
3.279105607195533789e-01
2.784035807513254857e-01
2.508056342095785207e-01
2.930664898645459204e-01
2.621985985531602448e-01
3.037104933163516374e-01
3.442811549085532663e-01
2.808177093983143524e-01
3.144841870192373601e-01
2.257857942190868439e-01
2.430466928942087712e-01
3.318011336623727936e-01
1.979493293816394772e-01
2.512558998689620182e-01
2.955755673707055609e-01
2.980906983910979191e-01
2.984629220791517046e-01
2.926504245138005222e-01
2.377747675085567503e-01
2.217634040880344382e-01
1.803050931103325205e-01
3.184143972919937227e-01
3.036140944296066291e-01
2.735953308811450158e-01
2.971376197974188171e-01
1.829597135574175526e-01
2.328544472181411640e-01
2.590773544855599075e-01
2.421888325940147468e-01
2.305138695267789084e-01
3.207296176084055706e-01
2.601359414060273600e-01
3.127563597849555843e-01
2.410462502079117053e-01
3.031075158331999475e-01
2.774526406012917668e-01
2.732652385818677976e-01
2.092896462619233955e-01
3.141313681811467307e-01
2.986591903961184347e-01
2.913572067358594642e-01
2.674100866011981936e-01
2.081007182685728762e-01
2.769490847633478414e-01
2.907708936204072003e-01
3.247078416013576829e-01
2.711878318552946587e-01
2.942867416789902157e-01
3.268246767907615480e-01
2.039251639427980267e-01
3.177068871742382838e-01
3.330166684541288058e-01
2.322287034422307328e-01
2.665042095073019701e-01
3.063646376961707274e-01
2.709805585789263893e-01
2.087800790603351331e-01
2.948849009996293291e-01
2.983490578237545376e-01
2.812604898904482176e-01
2.452251799817796729e-01
2.213972074305010085e-01
3.023626879349025631e-01
1.964833366213180332e-01
2.964080640244661780e-01
2.317296424462977067e-01
2.414881906704377246e-01
2.556521754352690801e-01
2.745562482636806911e-01
2.667059415057612126e-01
2.274943189213480543e-01
2.975570430504535513e-01
3.205578169161867885e-01
2.370779898556379106e-01
2.801856558980082568e-01
1.772886920100552877e-01
2.740093549514220350e-01
2.399638179477068811e-01
2.161225521084032541e-01
2.941712727726503718e-01
3.282195186440779455e-01
2.766255860265263156e-01
3.065424191820418365e-01
3.387410698637124407e-01
2.865077133869581294e-01
2.751812048504276298e-01
2.922555790435331091e-01
2.967981581636929822e-01
2.511377225041751537e-01
2.063782460399237462e-01
2.908253706069660605e-01
3.007493185211819187e-01
2.652807204485834180e-01
2.297998960687132608e-01
2.755050132602960833e-01
2.772309037540620635e-01
2.360580327076717000e-01
2.845917991985811857e-01
2.664030447563571768e-01
2.431606591847479404e-01
2.819862309457720206e-01
3.028021473348172510e-01
2.624210917712277991e-01
2.387116878062012504e-01
2.233486532561717863e-01
2.443989672140344793e-01
2.139901984005044278e-01
2.269811890468208804e-01
2.674576924765277308e-01
2.723265014040616161e-01
2.400415511415775194e-01
2.937349770941555804e-01
2.874942688095967758e-01
2.661627910060541113e-01
2.213365880468842750e-01
3.212756413421039570e-01
2.799188923772840121e-01
2.629795682098139409e-01
2.549926829537759176e-01
2.181959367437454334e-01
2.637729866738149909e-01
2.878101287082176496e-01
2.041396988126669698e-01
2.364096233736929231e-01
3.063755846663337445e-01
3.194220253520548281e-01
2.850625081129785632e-01
2.278104775931502624e-01
2.551313945990672516e-01
3.232894101451560531e-01
2.919497210039693758e-01
2.510119038928214086e-01
2.732384901276292410e-01
1.801855079632158352e-01
3.168654782161563488e-01
2.695300473303118283e-01
3.233746595464211948e-01
2.577771806717290559e-01
2.652166014044560205e-01
2.420697431982682113e-01
3.032006521078595140e-01
3.115943818168436241e-01
2.485231284023104448e-01
2.890395058260128991e-01
2.684171741528340038e-01
2.676697895619936096e-01
3.004966698425175498e-01
2.365808737405093454e-01
2.401590660845115965e-01
2.437660471750296154e-01
2.319615735529349243e-01
2.824791590742269931e-01
2.628220582057298471e-01
3.449869803227282872e-01
2.628590859714502459e-01
2.631807249038359275e-01
2.146880906143970869e-01
2.082212262287846394e-01
2.771776405871838600e-01
2.796402104414946188e-01
3.340585915834478614e-01
2.161496197882308012e-01
2.794655192240034780e-01
2.216073726841639169e-01
2.900638082793426387e-01
2.818706070637187477e-01
2.523460795042112292e-01
3.240783740728524487e-01
2.546403764081932586e-01
2.145429741275287627e-01
1.936475612681228253e-01
2.407480215961957104e-01
2.169406172552210132e-01
2.485192819217509064e-01
2.433215740676295535e-01
2.922280545945477592e-01
2.763264997564454650e-01
1.645081035632890432e-01
2.925393116900853463e-01
2.905978385480342263e-01
3.065510754981336516e-01
3.039135748728874487e-01
2.645586785915090000e-01
3.194586838236327386e-01
3.287927485145253348e-01
2.753188608757611289e-01
2.512957928555150655e-01
2.912769608283234946e-01
2.740976973076524326e-01
2.787929105835753596e-01
3.131203645448863426e-01
2.911144233751419841e-01
2.448204457801607947e-01
2.604153991984176075e-01
2.885377811808994553e-01
2.212242260249654147e-01
2.638740600402108560e-01
3.042246120157269806e-01
2.720146756716210756e-01
2.269244672163972243e-01
2.815180186313953059e-01
2.497723012119644204e-01
3.011146018244204026e-01
2.998759097315844002e-01
3.188117231754495351e-01
2.629466368392756603e-01
3.192883088064940034e-01
3.080604046861695200e-01
2.532030150830064108e-01
2.575793968567521297e-01
3.263828726866637719e-01
2.230547398073455256e-01
2.675295453933771439e-01
2.914395181860560124e-01
2.217924863917830891e-01
3.126831705868159950e-01
2.429113107438461150e-01
2.427303145961469677e-01
2.975628166306412137e-01
2.782866931538743316e-01
3.342160807554400148e-01
2.325261935269799241e-01
2.597147485131511280e-01
1.752748877133830097e-01
2.322957883310669547e-01
2.342386600513337858e-01
2.354540239483971231e-01
3.121739384636409431e-01
2.726959631466120970e-01
3.133980886355866025e-01
2.427080380048543817e-01
2.952513027733345563e-01
2.805315837115957001e-01
2.889863597371785109e-01
3.070240147589521906e-01
2.904413708138949279e-01
3.336246271583139245e-01
2.348622037225847892e-01
2.750278017325868407e-01
2.536536431177153772e-01
2.145125778553593487e-01
1.981745240068784886e-01
2.733417271781720115e-01
2.417856818869714430e-01
3.553751138401468612e-01
2.353782150316429123e-01
3.083539656258107442e-01
3.124844707260611143e-01
2.032159270813938823e-01
3.000833258884028076e-01
3.056617510907664315e-01
3.219007465801316803e-01
2.148718302480349118e-01
2.559600708357812615e-01
2.747299399910343443e-01
2.716046254786619873e-01
2.719414127119244573e-01
2.977036222796732856e-01
2.344447772535332153e-01
2.651195333410209520e-01
2.699462423537555278e-01
2.760676737292473981e-01
3.015529972712823192e-01
2.320186207784564192e-01
2.957178441628670607e-01
3.128734895561927076e-01
2.843825551972352650e-01
2.266247860398922231e-01
3.013829368163981060e-01
2.508701395450278482e-01
2.532617771561091469e-01
2.675814245239970246e-01
3.040361783110426819e-01
3.062104758711876040e-01
2.617514856993577999e-01
2.351373123958431233e-01
2.729919244960545277e-01
2.439285726416665079e-01
2.424998567171865738e-01
3.133151501064866395e-01
2.501371503838888954e-01
2.762920197579777359e-01
2.928824098853196611e-01
2.684349749482393688e-01
3.075722640358032334e-01
3.245778903279165073e-01
2.319431892024893527e-01
2.877432852931825491e-01
2.575594661719864398e-01
2.394254062452656207e-01
3.272022543986295995e-01
1.889765144628613724e-01
2.438263008987307523e-01
2.521183671046365316e-01
2.438256076616840407e-01
2.710668958912104687e-01
2.439197418562676078e-01
2.677717970742267695e-01
2.241581041718886391e-01
3.110504535639785351e-01
3.014888710106934377e-01
2.962507838979253627e-01
3.115461299647622195e-01
2.588520436309323935e-01
2.687419039463215253e-01
2.173069068832111927e-01
2.986697532691233725e-01
2.420456558751320486e-01
2.939209065928685138e-01
2.558752386179846128e-01
2.497070640541972086e-01
3.030099026750999180e-01
2.704594764341318180e-01
2.460512405708299155e-01
2.694065008570716291e-01
2.332192247155685239e-01
2.396767408939684540e-01
2.251313866317127821e-01
2.923260288613616642e-01
2.601251020601966779e-01
2.625955160387750675e-01
2.410960810966100709e-01
2.880031433990373757e-01
3.038051202093074998e-01
2.776088059000440533e-01
3.053634979757499646e-01
2.781443042373810681e-01
1.582338988394961787e-01
2.054682008453063702e-01
2.539708761204927945e-01
2.548722679862568397e-01
2.536190251551079800e-01
2.447504724793038711e-01
2.170533115623507758e-01
2.717263303160750709e-01
3.575760974076319654e-01
2.988577754507704687e-01
3.171828536362438222e-01
2.598798618159430251e-01
2.058989511268042305e-01
2.902511313352323929e-01
2.612852024267868778e-01
2.807025147046801061e-01
2.329939507249949859e-01
2.777172300314051379e-01
2.722476852826254956e-01
2.846480206421176384e-01
2.160828625358950650e-01
2.314533759748854669e-01
2.822588225444252474e-01
2.598797851440627360e-01
3.376884838185459370e-01
2.194274887484148895e-01
2.538115443762358203e-01
3.119706815095120156e-01
1.919137441556398871e-01
2.150614266618369186e-01
3.134163654816228828e-01
2.657129562325007410e-01
3.056783537233802028e-01
3.195244428661500602e-01
2.828871568006555148e-01
2.505974894691943011e-01
2.435792197237949541e-01
3.245707411654194519e-01
2.276556344322882008e-01
2.690854660275624477e-01
2.979059543869305715e-01
2.833319805376042777e-01
2.757046921203006318e-01
2.509083047600488836e-01
2.854394418917393095e-01
2.197548808363163353e-01
2.792716153254373168e-01
2.467465830968303686e-01
3.426302686420855670e-01
2.775264744633989533e-01
2.996214614907903862e-01
3.422812829124086687e-01
2.693074045027074037e-01
2.725655442841894982e-01
2.014752761972840311e-01
2.823354713758008949e-01
2.912519057387248367e-01
2.429085277671625409e-01
2.742582631834320495e-01
2.464818888317513168e-01
2.916860354152010504e-01
3.043934751369694602e-01
2.633856376519825293e-01
2.195725334786224892e-01
3.087264389062033265e-01
2.619821054381270553e-01
2.529487399596609953e-01
2.439818953042575123e-01
2.712248942184026790e-01
2.439759263174876291e-01
2.619528817271805088e-01
2.707315231178792359e-01
2.033890946470007233e-01
3.254673743926008167e-01
1.911521565103376785e-01
2.696794577505839952e-01
3.052440358027930234e-01
2.608626057633572914e-01
2.886390651425240206e-01
2.071167507676034969e-01
2.511990632306659310e-01
2.721314490761765903e-01
1.869920996178647266e-01
3.233224792558321847e-01
2.455970730098733512e-01
2.625421655382898511e-01
2.928937577467358722e-01
2.631230442478389442e-01
2.746711798748758260e-01
2.565443956238785961e-01
2.895460427851044294e-01
2.443462959121793787e-01
2.640538261698409661e-01
1.893827538353170525e-01
2.809770068895496853e-01
3.255183347303469699e-01
2.887196511874464688e-01
2.531054719673506703e-01
2.468504118050037499e-01
2.992074380927202126e-01
3.063967669821678896e-01
2.631521527293594898e-01
2.776788022721153326e-01
2.553299287033564124e-01
2.147280237794294555e-01
3.389841716015967732e-01
2.657104152060220104e-01
2.464730050714437626e-01
2.503470743097208628e-01
2.899083253063058363e-01
2.792010194866223483e-01
2.221941555800118206e-01
3.042790757132843860e-01
2.611611915423265318e-01
2.877212047769153180e-01
2.809531373249667952e-01
2.721060955842339868e-01
2.622814896890103831e-01
3.373811766863357153e-01
2.413460484794855421e-01
2.437996406946956740e-01
2.595220600686761747e-01
3.287720187256395477e-01
2.591138656223305747e-01
2.397735517736825916e-01
2.947138275127386686e-01
2.689734037263849520e-01
3.287152050873485276e-01
2.641024960787941578e-01
3.308255372346488032e-01
2.803219819786660905e-01
2.896121079542655630e-01
2.954879208459089690e-01
3.032564736415833129e-01
2.869510354906913974e-01
2.644011308936658478e-01
2.007040169984621314e-01
2.398454213251395850e-01
2.921076019480156050e-01
3.222142352104222507e-01
2.516150385839575065e-01
2.407568872765483980e-01
2.392910750290238586e-01
2.642652562598130084e-01
2.477450693823850247e-01
2.595937277672374366e-01
2.069616799350635361e-01
3.213838192676137240e-01
3.114276180815080397e-01
1.794232811259071358e-01
2.732229243247678019e-01
2.888031561130630642e-01
2.709257910922489576e-01
2.026598728034345598e-01
2.904661357485768258e-01
2.872247087974980073e-01
3.265526231059927564e-01
2.926992513090255210e-01
2.876509112772400734e-01
2.197615120919029219e-01
3.625812723963868778e-01
2.164243983594885679e-01
2.429832403902225102e-01
2.767937455889477594e-01
2.746316319058931255e-01
3.086466730074456377e-01
1.930893551052600410e-01
2.178393145422618249e-01
2.250770312587572763e-01
2.485692908499172460e-01
3.101010818875869490e-01
2.434593382712055276e-01
2.875817263225946552e-01
2.379745755777928351e-01
3.119765683174778870e-01
2.728755854774552181e-01
2.216228465763478983e-01
2.563675508995065799e-01
2.791617404950341164e-01
2.749833847489353000e-01
2.569756669215486067e-01
2.756398585663038525e-01
2.022348720522325616e-01
2.762109173444988186e-01
2.836148347389648716e-01
2.658672005209015143e-01
2.604491033314945136e-01
2.285225738556124764e-01
2.371209428281053910e-01
3.045132533280001663e-01
1.782456478926952026e-01
2.210911746084988638e-01
3.040185582599265746e-01
2.954877708463052866e-01
2.717887525816322092e-01
3.423320640557038219e-01
2.820629488179811073e-01
2.852196804143778963e-01
2.859501539708275697e-01
2.682664448536261070e-01
2.976013137408530795e-01
2.829284787735114048e-01
2.744978470523080083e-01
2.617004399248302193e-01
2.414295807645503167e-01
2.417646738778698734e-01
2.984331202832598562e-01
2.926323040293335453e-01
2.805855653586125653e-01
2.912985612210532427e-01
2.446534872515836734e-01
2.873967465028086088e-01
2.665188640812867216e-01
3.150895925719684465e-01
2.212758215053038935e-01
2.179878696123603576e-01
2.733020966891518411e-01
2.276357706496021649e-01
2.371920013270866212e-01
2.504407505047930305e-01
2.449237157857737934e-01
2.493918436398199767e-01
3.438713053951270582e-01
2.456535708077246249e-01
3.112696788062881414e-01
3.328830138034077901e-01
3.121400635634674625e-01
1.896992424539855615e-01
2.310597183801175458e-01
3.030799247030614985e-01
2.716824190271809325e-01
2.768068163176038987e-01
2.692238705352179018e-01
2.957933584255424964e-01
1.965923235989570639e-01
2.645423729224962162e-01
2.604127595686333563e-01
3.033793055439757413e-01
2.741864800260813695e-01
2.621719425522971436e-01
3.075001583697835050e-01
2.651678462566846584e-01
2.598192457799656796e-01
3.233146704518746195e-01
2.809035438362009196e-01
2.599321695332054705e-01
3.401565902626332849e-01
2.676884836442546267e-01
2.435956857830540168e-01
2.200802826765901055e-01
2.427992533678209330e-01
2.802273171025161935e-01
2.852123348671241065e-01
2.224543406270574342e-01
2.524920789124343035e-01
2.331114496715074313e-01
2.128304375829088158e-01
2.082980239128889577e-01
2.492649980765372364e-01
2.647395924509454157e-01
2.979064059962491240e-01
2.967898369959622862e-01
2.317462243996799287e-01
2.010077591057828350e-01
2.719405811624673319e-01
2.607554459603254049e-01
2.269002136542537518e-01
3.371036890779219308e-01
3.070127797430788341e-01
2.507025952433909466e-01
2.804580697074889328e-01
2.581151740846454046e-01
2.222944031002595522e-01
3.337780656001583801e-01
2.477490212014502036e-01
2.776180204394353424e-01
2.428048407062774749e-01
2.859890571824370009e-01
2.832967475523162637e-01
2.633723590845714613e-01
2.762101067648706776e-01
2.510777765857321597e-01
2.411496034407816236e-01
2.440789585847719101e-01
2.511198562463601291e-01
2.713856433940071700e-01
2.549065002637906363e-01
3.412281838032223402e-01
2.474573987934849950e-01
2.960861213962702743e-01
2.613531008109865605e-01
2.663000366509896688e-01
2.907230444085120435e-01
2.515810469607247524e-01
2.022931084957101389e-01
2.644850838289331540e-01
2.400871712282577619e-01
2.129413710245868230e-01
2.392205242238314711e-01
2.371806563612215424e-01
2.242331216563258345e-01
3.051424304915069663e-01
2.521189026772787667e-01
2.780524186703704492e-01
2.429606419414645224e-01
3.021355611349622050e-01
2.972061585318622190e-01
2.977755401051794815e-01
2.103182991149387393e-01
3.083157359686438670e-01
3.456142608671499694e-01
1.802749523271596488e-01
2.924035676223044611e-01
2.922448511120422365e-01
2.729004669978372655e-01
3.099368482165325012e-01
3.110367880478357994e-01
3.074413591752690467e-01
2.876770165417672498e-01
2.722598898886973151e-01
2.531880048642489722e-01
1.923248850446380998e-01
2.134153433199473815e-01
2.519074113492851819e-01
2.860256062064613913e-01
3.286350016503166716e-01
3.054703856276946294e-01
2.638824173066368628e-01
3.264403831644276943e-01
2.732384190019672698e-01
2.708030842430123597e-01
2.699214030292699795e-01
3.298855092404461287e-01
3.472403446611038724e-01
2.700637779694241569e-01
2.552336454720117165e-01
2.634435512889831132e-01
2.689533878387299071e-01
3.406106240834035903e-01
2.808359812831414115e-01
1.812503946082903994e-01
3.171710127899878273e-01
2.008509976541509034e-01
2.655742987363221563e-01
2.683078146753485882e-01
3.078518078707319638e-01
2.140863666783057451e-01
2.836374212254539340e-01
2.516457671245561634e-01
2.508138581777259457e-01
2.947916922058548272e-01
2.459994712928350868e-01
2.822502996886401272e-01
2.589259522261537216e-01
3.247801460385741912e-01
2.723469714304569411e-01
2.966949732786743898e-01
2.649745042303556231e-01
3.549198726457135078e-01
2.157186152825433523e-01
2.863199331684742055e-01
3.141429317332029014e-01
2.663634878835233200e-01
2.727602099444389472e-01
2.946839023546782843e-01
2.238629762924057576e-01
2.685093955618176875e-01
3.075431892385761534e-01
1.957563325757337436e-01
2.928506953999765461e-01
2.205789434291949569e-01
2.670582035414436062e-01
2.522280765473293718e-01
2.930936456281561520e-01
2.593001453421752145e-01
2.455703560990891154e-01
3.451631293348239593e-01
2.695888628232346873e-01
2.892059022266933455e-01
2.286587038657605375e-01
2.502021154358646804e-01
3.292975965813074724e-01
2.821449360758905289e-01
3.004118924786246536e-01
2.736371817439367526e-01
2.607340022062774043e-01
2.085560130995043338e-01
2.749045540720104763e-01
1.973156864156786761e-01
2.682027673963276460e-01
3.052688142613980138e-01
2.997076210226937154e-01
2.952850495584142809e-01
2.570431492628725278e-01
2.431125873520007807e-01
2.976910790025522058e-01
2.138026561714558016e-01
2.386020917235870953e-01
3.075854510741760084e-01
3.194030153121819593e-01
2.350136349265532776e-01
2.593158984029159675e-01
2.483673209011022509e-01
3.336727698416169785e-01
3.177698703049993134e-01
3.076569759069361365e-01
2.675047448302390607e-01
2.757021751182757718e-01
2.739686304093030267e-01
2.490273693367077434e-01
2.395048508009361976e-01
2.904945209680397933e-01
2.636618051404054919e-01
2.458666001594562722e-01
2.632692237343555730e-01
2.798096438769053784e-01
2.932700419890672539e-01
