4.817308553820985884e-01
4.628388384629689156e-01
3.567921909084645904e-01
4.694928564613244371e-01
4.557371770636446939e-01
3.706865172718174506e-01
4.658091388240476194e-01
4.927109027174801370e-01
4.239603444255006792e-01
3.758431889612333654e-01
4.714331498145948873e-01
4.949272801898396690e-01
5.248812694397462231e-01
5.097332514806807158e-01
4.302047254354591233e-01
3.690630299175284290e-01
4.878309236603150523e-01
4.461176441209385168e-01
4.016319495595680467e-01
4.446928951818260312e-01
5.127420336568943027e-01
4.854780631228687859e-01
3.497149224399080936e-01
3.730040578542037633e-01
5.737267405689374655e-01
3.837192617253783467e-01
4.962448008915018027e-01
4.994715668626949490e-01
4.436705980549394690e-01
4.448652259161808287e-01
5.457430250972395980e-01
4.555216357984652187e-01
4.275456979821459780e-01
4.865453700656502400e-01
4.213907395176376136e-01
4.757456000136721652e-01
3.755477754396970291e-01
4.373415445667757639e-01
5.058723528554245341e-01
5.288561920354513113e-01
4.698677455473712072e-01
5.071640695018243550e-01
4.501199678568381657e-01
3.234679662546456336e-01
4.346327187549102189e-01
5.216515978856663960e-01
4.149971637557076098e-01
3.992564051855791440e-01
5.662893329139059295e-01
4.633195801696951555e-01
4.700557581327842738e-01
4.384258568708712112e-01
3.603326778470757330e-01
4.162105942649313439e-01
3.468351594392030668e-01
3.864354036954469329e-01
3.648409625544550283e-01
4.163293030428197317e-01
4.962023063368622422e-01
4.907128038968986972e-01
3.300760215069091785e-01
4.211194989085591533e-01
5.007569972060851304e-01
3.545425331573452965e-01
4.141780882565912481e-01
3.698229376121183742e-01
3.593039611742053774e-01
4.416162616941171626e-01
4.935307619562216974e-01
4.754707639232602645e-01
5.582678515033082656e-01
3.922307994184559554e-01
4.281016664476908207e-01
4.710779840332112167e-01
4.214285613857274293e-01
3.938478605014198441e-01
3.874593698287329135e-01
4.407444151260068721e-01
5.122791082264634976e-01
5.032555174906184758e-01
3.816060728812826208e-01
4.847478725952957812e-01
3.545053383708717809e-01
3.894587377432962016e-01
4.322509661204513853e-01
5.152762159481049098e-01
4.398359524852155089e-01
5.399851979408482050e-01
4.324211391068788490e-01
4.653832065387233374e-01
4.676519341179260492e-01
4.443229606618561145e-01
4.352096118847288420e-01
4.187111732349586002e-01
3.873177820198021593e-01
4.664387931503654050e-01
5.168419253949696479e-01
4.315726976929900038e-01
4.789474446889543380e-01
4.022654865584172068e-01
4.869263026700166308e-01
5.408325733446506245e-01
4.498503735419531746e-01
4.322295969130309778e-01
3.684087872654213669e-01
4.544336909630096732e-01
4.485908353731802856e-01
3.984954880477433181e-01
5.091452465118735393e-01
4.594703555804758865e-01
4.555883086676338900e-01
5.431252481613346728e-01
3.618763229097302636e-01
4.165556551433459154e-01
5.371950710250802397e-01
4.871304259635541589e-01
4.175383498320983100e-01
4.278269011238789998e-01
5.009040149511505557e-01
3.793294721799902458e-01
4.617624088774938684e-01
4.811689613769131735e-01
4.290224275209642002e-01
4.757563493205824168e-01
4.527201196116170112e-01
4.844587236114615836e-01
3.923366688856123607e-01
4.648497490788077169e-01
3.777057849036750126e-01
4.445761794493606200e-01
4.367865256090285309e-01
4.371844072457881092e-01
3.662977110409867953e-01
3.185106986849569055e-01
3.752528173947802803e-01
4.846145119914406219e-01
5.319250118631072555e-01
4.668254782464883457e-01
4.988872142379690011e-01
5.146457087278724085e-01
4.366489624661332725e-01
4.502570940362318197e-01
5.371467013368169674e-01
4.710152331018470639e-01
4.405491620690201726e-01
4.749713276230436709e-01
4.412711431619175118e-01
4.899698098161989201e-01
4.830168510183694419e-01
3.963626671723298744e-01
4.053450436991791195e-01
4.947989014665060692e-01
4.996836592630595764e-01
4.061389604895793148e-01
4.991128291967351083e-01
5.356701628267868109e-01
3.954608603172549697e-01
4.173823535411388952e-01
4.565374452077962109e-01
3.657514528150322408e-01
4.478887158789957024e-01
4.555522798117487837e-01
4.480578852727932770e-01
4.066254925633180917e-01
4.629088802239238465e-01
4.444653164223485997e-01
5.080176560051622436e-01
5.456494111083460830e-01
4.299880326696854382e-01
3.622283328740065755e-01
4.575440186696299039e-01
5.094661708856830229e-01
4.207944545915828227e-01
4.708576267176147190e-01
3.862134826395208220e-01
3.444511176637984340e-01
4.598515248365994679e-01
4.812730567988052766e-01
3.594872761544990469e-01
4.752637061848102307e-01
4.589270349071904453e-01
3.677023499762902548e-01
4.291859963606235451e-01
5.189965933583434721e-01
4.361004534912280572e-01
4.255503808270148514e-01
3.812327993083128863e-01
3.857999678745726579e-01
4.335095375239486071e-01
3.724540484953873243e-01
4.253905254048033768e-01
4.415558017290165949e-01
4.096931786141858045e-01
4.726973409933936110e-01
3.819499083131128181e-01
4.832731255868175646e-01
5.015973249397858158e-01
4.352025011063929694e-01
4.709952988410510688e-01
4.356983098914141150e-01
4.308327287111990422e-01
4.991316714668259658e-01
4.285540971172532299e-01
4.190304518514142984e-01
4.153515824444403703e-01
5.237914174271766088e-01
4.052733633262463608e-01
4.744144648770767247e-01
3.653870618206488396e-01
4.858946676412634336e-01
5.180127975246888727e-01
4.636796040470305136e-01
4.620652257034679744e-01
3.742316146402395738e-01
3.754915428046827208e-01
5.092225441145782350e-01
4.957132363726109991e-01
4.588684967933581715e-01
4.292355780198841009e-01
4.245222703274547094e-01
4.869932569616980955e-01
4.490191649558876730e-01
4.550204792143389687e-01
4.395218980323194469e-01
4.795423920789617656e-01
4.620955309448332993e-01
4.379114667631361923e-01
4.774584313211691633e-01
4.966175846905055979e-01
4.087986883637402258e-01
4.994694341990254527e-01
4.804338983762198589e-01
4.911552533723496095e-01
5.046211241687476035e-01
3.932584597088100153e-01
4.921619566150507996e-01
4.522853099615328776e-01
4.801887540768083329e-01
4.534163527366086854e-01
4.061892311988478110e-01
3.078146651159695546e-01
3.941741971190817484e-01
4.254486064734861461e-01
4.965681462202816698e-01
4.874468450185572288e-01
4.510834843968771768e-01
4.706200884156706565e-01
4.311508352630207264e-01
4.618094946241614873e-01
4.512456926580687977e-01
4.279075050448699069e-01
4.382965335573369425e-01
4.359015626692131495e-01
4.242674046359065088e-01
3.892328917434359492e-01
4.343248109637184995e-01
4.075828646767825636e-01
4.824816581790730696e-01
4.859263602692994177e-01
4.290187139064148836e-01
4.329240566363654064e-01
4.972495507333363207e-01
5.382839089709353653e-01
4.741603957454521012e-01
5.794084090604766368e-01
4.006433909509955482e-01
4.331993407975126553e-01
5.046762215250156780e-01
4.758336796801951318e-01
4.366564738540217316e-01
4.581845439183805935e-01
4.923534021736708510e-01
3.219713549288010790e-01
4.393051109973705737e-01
4.312495836020407980e-01
3.903563944203644054e-01
4.161436644923164896e-01
4.338911473935392338e-01
4.117052345174219141e-01
4.317382482910483987e-01
5.020329483929223402e-01
4.921870425727060128e-01
3.411520406384287440e-01
3.870426855699567459e-01
5.363461817809762611e-01
4.028138386544361516e-01
4.370395036084771534e-01
3.805492543955431017e-01
2.921995091655570920e-01
4.323939121165410460e-01
4.462324588953135440e-01
4.911271982180392959e-01
4.174919394200765077e-01
4.679655814868678987e-01
4.143218389659157896e-01
5.109444172145065632e-01
4.727991714447662974e-01
4.738070481941866752e-01
4.641653865560347314e-01
3.938122089928749459e-01
4.222704549847453581e-01
4.385412312188481376e-01
4.816139636783546840e-01
4.022004992103269672e-01
4.287016720045810914e-01
5.058776740399678618e-01
5.403317812119428076e-01
3.482524554080477230e-01
5.495075707257351949e-01
4.879424162167924628e-01
4.494366901506919310e-01
5.403880824253267656e-01
4.708892063944550288e-01
4.625314242681012322e-01
4.606018662233421490e-01
4.919111058695405658e-01
3.809574718532215409e-01
5.070741107347024323e-01
4.039977302296995920e-01
4.606474496575160837e-01
4.694003323439071007e-01
3.860734192324304925e-01
4.120446810004940730e-01
4.465429940147775945e-01
4.121280184424112591e-01
3.426670312551003406e-01
3.348521434937614671e-01
5.043412724190998730e-01
4.191515869316129184e-01
4.222043234823389390e-01
3.736992669531896127e-01
4.659036115084018159e-01
4.522525572600103461e-01
4.492615836997765344e-01
4.527470748120342448e-01
5.233790703941419986e-01
4.835182763340229450e-01
4.910666937963918954e-01
4.546540603743873810e-01
3.232436461118366466e-01
4.005516396361958331e-01
4.246893934623378608e-01
4.564101271485856426e-01
4.251779321665054012e-01
3.018602212968399812e-01
4.955769117300356519e-01
4.589941430928765609e-01
4.314802434345841320e-01
3.260004879203304284e-01
4.300992763433957866e-01
5.248976962108317101e-01
5.252245849002948885e-01
4.679013502666765079e-01
4.631895825952396795e-01
5.090343160797273780e-01
4.134857081349489483e-01
5.215885150240644474e-01
4.006219501963458329e-01
4.269886889282290543e-01
3.308893683570301447e-01
5.180902153325269710e-01
4.952786293867753042e-01
4.716283685257637859e-01
3.654206964707211180e-01
4.741119368519515209e-01
5.774373725595683959e-01
3.880419457922676951e-01
5.069351723606247972e-01
4.146807464267490695e-01
5.334668156540713913e-01
4.579460487391396328e-01
4.259961088803934093e-01
4.042115573460148825e-01
4.138000682251648521e-01
5.201803547720188492e-01
4.395828559826644444e-01
4.437111375934350566e-01
5.283256049643899610e-01
4.305806677590120479e-01
3.838580246380574046e-01
5.545434197104653906e-01
3.210669825515406473e-01
4.535070406166551438e-01
5.069943585004336173e-01
4.109335704302602421e-01
4.628867775035989118e-01
4.402975590225467473e-01
4.971035133719169941e-01
5.107705367177602929e-01
4.406482639284478031e-01
4.286297072375435668e-01
4.747012280662643025e-01
4.792603962431823961e-01
4.523660527728182168e-01
5.252875012204301086e-01
4.200684744302500273e-01
4.778146247824124337e-01
4.631311296877006489e-01
4.424473168425129277e-01
3.857578831163097077e-01
5.752404809543857356e-01
4.977872394425282288e-01
4.287442119066418589e-01
5.279987500792991950e-01
4.920108210563669537e-01
5.174951594695004209e-01
3.920851981736073744e-01
4.589928447769445752e-01
5.233880162442415829e-01
4.826823035156576069e-01
4.826474118671857938e-01
4.121729678222407212e-01
3.619505125633599718e-01
4.863593464045243842e-01
4.180832248455487177e-01
5.112622382770806162e-01
4.328284010543386739e-01
4.547617706290448814e-01
4.203004273617622077e-01
4.628369224043956676e-01
4.431113790927016516e-01
4.703029038802709061e-01
3.432448357924808846e-01
4.598304654173885897e-01
4.437125153503079233e-01
3.977820006858662216e-01
4.679157212638161978e-01
5.196380803882707511e-01
4.163467331232211244e-01
3.506619411112525952e-01
5.180714611462176045e-01
4.359526258434315849e-01
3.778643429867105663e-01
4.388135814072309793e-01
4.800036763150412056e-01
5.303846507812940425e-01
4.957452472426164269e-01
4.687118306174270499e-01
3.900342256060775337e-01
5.288873165681243771e-01
4.561410876134842085e-01
4.744563334931271581e-01
4.130492740298189469e-01
4.289415934518532314e-01
4.776083822851181493e-01
4.283566714717729207e-01
3.635304361870603795e-01
4.969927534391394008e-01
4.683478967825986938e-01
4.672069311301875194e-01
4.571549062718034961e-01
4.460542333431846140e-01
4.825111215774868789e-01
4.706489519813614186e-01
4.655376825252944273e-01
5.333358051919132592e-01
4.649537675574040296e-01
4.729044804688982140e-01
3.395118179752034671e-01
5.023501717170506531e-01
4.266831133104699303e-01
4.770921463097821391e-01
4.688461540477297795e-01
3.841348038770986406e-01
4.771374906579580744e-01
3.241824320009151772e-01
5.440715032089895598e-01
4.152073768778754559e-01
5.002280210772502844e-01
4.569756949667088675e-01
4.808648496419755669e-01
5.146421242785063077e-01
4.389228863700121996e-01
3.958781134568287730e-01
5.912141620230395578e-01
4.447257849885122294e-01
4.329225601367712173e-01
3.036480964689104445e-01
4.122308109433279188e-01
3.743012519342308053e-01
4.713744954945461307e-01
4.653224835334625054e-01
4.691262490900431348e-01
4.140417409489756118e-01
4.935332941529522177e-01
3.960537179910966765e-01
4.096552285027475482e-01
4.208600270666235654e-01
4.859250858842358300e-01
4.584033982038236976e-01
4.203015136230553450e-01
2.986273912003330477e-01
4.249636357255817121e-01
4.160747838406421706e-01
4.398117987495606118e-01
5.304855092267248828e-01
5.143959035998683094e-01
4.000189448638051259e-01
3.547356915746046058e-01
3.751896448434816067e-01
3.752895161501277332e-01
3.929767690821451276e-01
4.755601128041779257e-01
4.826667421047522444e-01
5.155545217829262672e-01
5.008387017440004696e-01
4.559419720599270920e-01
4.157376636557504890e-01
4.655839531528811470e-01
5.259351145188976284e-01
3.791638582236798172e-01
4.784454977521700458e-01
3.669159160351038729e-01
4.673680001387061078e-01
4.541931303268375020e-01
3.728771606510206116e-01
3.886881175890867235e-01
4.728168509573789091e-01
4.926820862897209330e-01
5.040596431892784279e-01
5.075471809205925888e-01
4.412205808605665358e-01
4.408796197615451051e-01
4.786154840109470565e-01
4.237855679128665898e-01
4.308513410206215588e-01
3.962449064227084872e-01
5.349994508742333954e-01
4.665997865961907798e-01
4.497190097437012701e-01
4.070865376444836592e-01
3.741832300022547297e-01
4.683076801412911494e-01
5.417082218237396773e-01
4.128685390958357626e-01
4.691144948119904678e-01
4.961506404699057571e-01
4.095855173444624686e-01
4.687978047637911261e-01
4.836917680781382400e-01
4.665738939492701798e-01
4.598190988123008194e-01
3.700611905177240146e-01
4.421271710382999598e-01
4.161453216716312076e-01
3.628653668673587074e-01
4.673912836798027048e-01
4.016550924944268242e-01
4.834865336960896820e-01
5.697762504614267698e-01
4.457606508332601636e-01
3.451826944440400391e-01
4.074816579032643493e-01
4.141347993765212010e-01
3.738033727219534086e-01
4.758206333023534684e-01
3.775049383599789476e-01
4.402323763358119146e-01
4.800127225863897173e-01
4.637359175002279676e-01
4.817648724247048930e-01
3.768524277268790468e-01
4.710588518289152149e-01
5.022725991265872825e-01
4.434251907459800801e-01
4.989048884603318190e-01
4.529246163782160162e-01
5.124503166900961082e-01
3.924294651355229036e-01
4.726456971407069774e-01
4.533433559476808816e-01
3.707214414688741466e-01
4.502949287133191647e-01
4.533766779786551071e-01
3.772343601695706816e-01
4.492026447413273171e-01
4.829569662738525393e-01
4.784037803217393581e-01
4.617292444794340867e-01
4.536891599805792930e-01
4.231280094645274437e-01
4.873669462740790048e-01
5.151360945400894620e-01
5.012010456530202607e-01
4.593812421203746776e-01
4.492338711111031335e-01
4.755950384533506603e-01
4.820990610770651275e-01
4.859716968513833613e-01
4.871395876546149029e-01
3.712864616676706531e-01
4.040651126037902441e-01
3.780753353333743960e-01
5.012972254401366623e-01
5.212956177122076706e-01
5.787086172079493052e-01
3.866443875568036925e-01
3.934604456436781028e-01
4.835683423634046796e-01
4.721950030191581216e-01
4.628719403300082802e-01
4.389547732491255183e-01
4.659136174773779171e-01
3.693495131616629790e-01
3.538588130078068050e-01
5.099020620414006499e-01
4.614080148745856591e-01
3.705843161276320408e-01
3.719534068135997851e-01
5.035463266643790403e-01
4.186669562923309162e-01
4.223307109183329633e-01
4.521947198555080760e-01
5.246691268360387239e-01
5.331474351653333610e-01
4.883765831962468829e-01
4.579237382290937131e-01
4.276443612479272072e-01
3.481495687503746161e-01
3.666911216325380307e-01
3.668601352359200929e-01
3.472303177249183581e-01
5.149944332185399931e-01
4.299910744458855238e-01
4.844067622711836774e-01
3.237642750853897966e-01
4.092503468830927527e-01
4.445004613822782780e-01
4.349710352219604559e-01
3.904638032613289012e-01
4.724288370574034612e-01
4.586823216180589968e-01
3.054699353826455521e-01
5.311401655415883827e-01
3.796639896606528453e-01
4.071953730220320145e-01
3.748817869676446257e-01
4.641273261131315109e-01
4.557156032730890760e-01
4.079442683012525772e-01
4.796975565875365444e-01
3.802867494211625843e-01
5.213807025626850944e-01
5.331712300625122136e-01
4.330784236111843155e-01
3.686948780127176639e-01
4.634555246143023943e-01
4.841082742662068950e-01
4.038475110460171269e-01
4.140811010053807029e-01
5.019502065458025797e-01
5.305534426566568262e-01
5.224367994404935933e-01
5.014819467257829455e-01
4.097808499861542164e-01
4.213230253779798318e-01
4.189893532420762012e-01
4.461192713949803101e-01
5.175527613868673438e-01
4.492310332863764799e-01
4.795058796372382859e-01
4.484786999338337132e-01
4.381999837812784460e-01
4.469782946096162446e-01
4.981348260563698838e-01
4.808859031552673025e-01
4.708917452829358141e-01
5.466402790031675840e-01
5.211629337248309124e-01
3.727470357393233846e-01
4.213392648030832022e-01
4.727344333549838851e-01
4.152901704465771227e-01
5.271164622598680793e-01
4.793619269330502419e-01
4.928091313641672633e-01
4.488273462304749883e-01
4.481618200065717317e-01
4.757808759800675746e-01
4.242718521693262246e-01
4.149536275772285343e-01
3.370943762663197729e-01
5.114654975020185290e-01
4.420169125534305077e-01
2.922321125989748580e-01
4.397171499783264492e-01
3.658152256418620851e-01
2.985215448292342089e-01
3.858531556043860444e-01
4.585137140672511102e-01
3.952221154792305291e-01
3.654772095127777343e-01
5.082982110791652852e-01
4.810516255785907136e-01
3.939589310441600767e-01
3.977134718177683936e-01
4.161952977807179543e-01
4.568465076343912745e-01
3.338328348380017463e-01
3.787290140122654414e-01
4.147220007204571735e-01
4.955023413970665591e-01
5.071682563002767319e-01
4.363143164978945943e-01
4.565798377058331581e-01
4.577069877404523757e-01
4.590407685175443286e-01
4.344717942676229461e-01
4.567492249214034628e-01
5.053715903554752975e-01
5.450580415860661887e-01
4.199956608363865640e-01
4.051592330591372026e-01
4.885870057979864733e-01
5.735646255438149321e-01
3.890551375514003651e-01
4.271636055330431669e-01
4.701086388861678844e-01
4.933446546206747829e-01
4.339518267741641067e-01
4.248431055212673613e-01
5.231922722706899842e-01
4.646696506767853396e-01
4.690451402917685253e-01
4.435793553875093109e-01
5.344436321631025333e-01
4.824003134434222129e-01
3.879951968175528454e-01
4.145452695112827879e-01
4.441979219774440102e-01
5.024011296118354730e-01
4.050021825339896187e-01
3.944806467695327612e-01
4.254676105537452124e-01
4.770747550110434609e-01
3.886673273754722713e-01
3.128045661417876433e-01
4.635731942005722472e-01
4.257281701102542670e-01
3.736739151051134966e-01
3.550358618777916808e-01
3.554380511538309806e-01
4.103467416279413804e-01
3.824546191713112386e-01
5.430404944840903081e-01
4.342409014815363233e-01
3.767888985219960407e-01
5.037874461872701159e-01
4.978618490620435599e-01
3.710195996296237753e-01
3.775669429806540189e-01
4.312291263067229430e-01
5.524315896215490351e-01
3.957129109053472704e-01
4.260634655955463646e-01
4.553094355737777876e-01
3.960031083981961353e-01
4.166901356310684923e-01
5.318015033134161351e-01
4.392475941185918220e-01
3.604227227126590716e-01
4.357500833703778498e-01
4.129843531455020256e-01
3.781463781408677116e-01
4.333773427566761649e-01
4.050675026351825414e-01
3.666180967904881793e-01
4.204494728949333404e-01
3.787678379860377476e-01
4.003015558334545032e-01
4.351196604031760673e-01
4.563969619655712240e-01
5.042439275241747954e-01
4.945650368801756125e-01
4.360511288121665663e-01
4.756006378319154737e-01
4.057697738427617495e-01
3.772547673096373622e-01
4.056000031853329579e-01
4.483460263725079220e-01
4.887267747283843833e-01
5.936884840886814674e-01
4.790404047047194247e-01
4.390660486931965978e-01
4.861646955574492335e-01
4.191668349464039989e-01
4.033395895713369206e-01
5.495640419722278569e-01
3.982548641131120060e-01
4.504113631313484412e-01
4.446176512993309515e-01
4.445932067253595132e-01
3.334406590137950488e-01
4.301185694487944522e-01
4.384374989665493216e-01
4.352690512490558494e-01
3.956486366784592867e-01
4.254531731514996640e-01
4.997602056468340992e-01
4.582214215448273675e-01
4.804228859768635007e-01
4.796787172113222697e-01
4.698530997864702741e-01
4.223839155357650976e-01
4.243250741346112354e-01
5.040854720371470421e-01
4.653263111716429146e-01
4.535537266424691238e-01
4.930291441362008031e-01
5.053157430909613890e-01
3.889346043762554883e-01
4.353130652972760362e-01
5.337959481126373085e-01
5.223898934521231663e-01
3.251906078249822141e-01
4.576378307167659476e-01
4.972942263493106418e-01
4.831063623773462212e-01
5.054346979179820121e-01
4.441042427931300995e-01
4.051025514552830109e-01
5.511993560608107190e-01
3.959731828265004028e-01
4.671901426581627215e-01
4.543388024156518323e-01
5.268133012529364612e-01
4.523582148195876562e-01
4.441269385672149128e-01
4.036671911602509044e-01
3.986391225330591648e-01
4.311470453127322910e-01
3.739438467202725325e-01
4.336791586411000710e-01
5.228484732805795954e-01
4.989854307746370843e-01
4.618540306025173958e-01
3.161004479005982137e-01
4.498180650255154123e-01
4.462315353260520312e-01
3.738114340192245644e-01
5.037641325895583222e-01
3.849997877210395991e-01
4.461472417399429125e-01
4.474977114893944896e-01
4.087056328569846908e-01
3.573100047956593306e-01
4.342055342947399033e-01
4.919962255043905941e-01
4.767903071776116719e-01
4.467420108414542623e-01
4.295971243201731626e-01
4.148103682789230362e-01
4.342449668396992091e-01
3.689775672679253549e-01
5.126241417600992945e-01
4.255512432117525279e-01
3.513308035372171290e-01
4.290923947580460585e-01
4.596529748324121867e-01
4.855441854172029559e-01
4.768495554228610600e-01
3.843136442153511911e-01
4.751599039014378634e-01
3.472844735226610080e-01
4.241686784048173675e-01
4.217493216506511544e-01
5.036692588154969563e-01
4.514408698892468097e-01
4.976766247799964682e-01
5.301001021187601303e-01
5.123274779007496171e-01
4.884090663473982796e-01
4.299255578599603944e-01
4.621422009051508462e-01
4.176120710913258094e-01
4.746607311661439899e-01
4.360668924222705911e-01
4.299521508736735553e-01
4.116207705613291745e-01
4.945897177517640242e-01
4.347762565794975331e-01
3.786694411906565971e-01
4.251524987317616411e-01
4.174189315923618748e-01
3.570927954663060122e-01
4.328649092607664839e-01
4.609600869416523583e-01
4.942089072681540296e-01
5.461161122031767956e-01
4.188939807205791510e-01
4.330085403430641855e-01
4.968781763834670406e-01
4.846182274254081657e-01
4.673824149339794731e-01
4.939575815145816895e-01
4.748165074839486022e-01
4.876179019222011135e-01
4.999725223557634490e-01
4.806673872152683602e-01
4.252039513040093976e-01
4.044467167509780414e-01
5.144430876702771327e-01
5.283322407438892920e-01
3.637041703761096367e-01
5.171525190958934370e-01
4.271639592260789708e-01
4.974203789646605145e-01
3.952759845629031932e-01
4.858041484275676947e-01
5.254669296333114303e-01
4.985351767695888614e-01
5.391496585834990585e-01
4.373189537556211315e-01
4.005709629944460559e-01
2.956516161506483886e-01
5.346789655070878222e-01
5.197097901291065636e-01
5.468095484587190969e-01
5.002282112698904770e-01
4.478784788336701572e-01
4.561160982621313975e-01
4.765742291406930842e-01
4.176555764198807141e-01
4.259889682133039535e-01
3.673550058437932142e-01
5.178416975027377855e-01
4.025216134108712818e-01
4.523057529867510196e-01
4.399366269019057141e-01
3.885598238143180838e-01
5.022926401930191131e-01
3.772631581953032609e-01
5.173123845542063615e-01
3.013554475729085524e-01
4.039541561568238404e-01
5.490489429114767672e-01
4.379989496382545311e-01
4.742244497263991554e-01
4.083785166267787092e-01
3.737408301603402649e-01
5.119762054495829995e-01
5.531190460049172364e-01
3.771576298489072721e-01
3.325264802733815528e-01
3.827717376996924159e-01
4.607163810075234900e-01
4.969882648304075889e-01
5.550373953000473648e-01
3.644762284459212576e-01
4.068600274450394072e-01
4.136261056937985403e-01
5.008563369361939133e-01
4.252499732308252511e-01
3.509160878190019095e-01
4.744888937626401959e-01
3.534787757061045310e-01
4.787560530738743658e-01
3.732037971859324399e-01
4.090862925907378655e-01
4.468504370504124412e-01
4.322481420431684707e-01
3.696072299557000562e-01
4.379343675081463494e-01
5.101896830356943413e-01
5.165199832013445125e-01
4.719897807606716622e-01
3.827567442408494336e-01
4.077942667544608990e-01
4.275903684093124713e-01
4.486128751135839976e-01
4.176521075534844751e-01
5.086298643259027363e-01
4.571110268467797333e-01
4.406866636724314223e-01
4.574859779748161048e-01
3.426570002296074891e-01
4.704109224103130704e-01
3.392145397803814078e-01
3.254993390720881674e-01
4.248749167679224947e-01
4.392322022494109524e-01
4.793180112307921514e-01
3.263298626026561733e-01
3.962577990492064939e-01
4.432129755803529969e-01
4.172551857239240047e-01
4.345824675636250078e-01
4.254805166014956619e-01
4.680774721544829209e-01
5.018451663351093384e-01
5.014598132621991278e-01
5.294372696526639110e-01
4.213442772489783827e-01
4.199972782579067809e-01
4.511827233815218219e-01
4.717478044824914840e-01
4.894506552421893919e-01
3.962813249836970586e-01
4.393692043291838045e-01
4.519851259134448074e-01
4.537403403734668883e-01
3.752962832368753054e-01
4.636649405745110197e-01
4.388690805658972405e-01
4.092192969744468112e-01
3.569862660930288034e-01
5.019452092133046550e-01
3.697111722527550159e-01
4.561563869299506968e-01
3.688014540416182374e-01
3.893082846967999555e-01
4.650959241352857765e-01
4.929721963032184240e-01
4.213262575793840226e-01
5.279520651792087849e-01
4.101487720143053850e-01
3.959714822019775315e-01
4.460409542302617991e-01
4.206822615059571113e-01
4.770027820392288564e-01
4.007648155902902576e-01
4.399400727008344614e-01
4.321941257658186708e-01
5.300143965679019464e-01
4.697935270502275884e-01
5.467909538986321927e-01
4.617861370484408479e-01
4.143878236478310551e-01
4.716097258813168325e-01
4.871291498242527607e-01
3.973250083189417969e-01
4.384010390157934700e-01
4.548710668449956751e-01
4.736079920548860733e-01
5.121111601366798993e-01
4.712510718570839252e-01
4.274351579708480786e-01
4.288169151339016327e-01
5.064468426436969928e-01
4.573183975408278146e-01
3.396188354428689715e-01
4.258920171642129882e-01
4.532447872424231194e-01
4.562558901927861732e-01
3.738819756608999789e-01
4.345531353439922029e-01
4.763596438796174892e-01
5.114894101933726844e-01
5.437523520276974498e-01
5.471081747944014362e-01
3.865589295037125117e-01
4.613998606882738773e-01
4.500448620735397753e-01
4.926797559209590283e-01
4.734892848886211869e-01
4.200861666909002090e-01
4.211212309804371889e-01
3.666879097955900724e-01
3.498143632774669554e-01
3.273400951648675061e-01
3.759158195090742671e-01
4.484878241374994912e-01
4.322532959927629093e-01
5.376666242144002572e-01
4.961250824250562075e-01
4.833816921599562999e-01
4.449356895062060446e-01
5.085785319819120520e-01
4.401119070204191353e-01
5.144896354025660923e-01
3.928517343519788430e-01
3.740506590320701874e-01
4.023423097969019424e-01
4.675506467146618994e-01
5.181192269747783019e-01
4.422015969230530530e-01
5.429081705330274232e-01
5.734363270231960241e-01
4.473899018034516173e-01
3.674776894858152732e-01
4.796597202762263867e-01
4.005868359670899936e-01
3.887224679949452533e-01
5.509196294817741979e-01
3.972114556137414931e-01
3.334974420864613709e-01
4.500285448187247295e-01
4.621298463102011533e-01
4.749435808260575875e-01
4.917086524508579304e-01
4.848800475873689675e-01
3.710080029651168232e-01
4.571610390454526329e-01
4.718456247818920701e-01
3.817387729246451977e-01
4.871278158480814025e-01
5.036257489068426407e-01
4.416429094559744528e-01
4.205203875043764250e-01
4.665882260121502201e-01
4.917620094283947085e-01
3.530147820143718640e-01
4.491164151694959639e-01
4.354530374528815528e-01
4.220315442287370100e-01
4.626460358488264646e-01
4.172146498280984162e-01
3.658231979068422568e-01
4.867743694643789643e-01
4.833199972555406454e-01
5.180746046760656975e-01
3.719555337635980230e-01
4.331632455250453151e-01
4.386594131436175603e-01
4.808947475276471040e-01
4.690885400176424413e-01
4.503046564863474877e-01
4.007082054492666634e-01
3.603797717809608114e-01
4.298690219774683463e-01
4.494159110374998933e-01
3.873505897336672610e-01
3.782851817779715464e-01
4.498433639349911362e-01
3.810217757568790109e-01
3.867298825758499481e-01
4.197930152455315311e-01
4.959235127404379995e-01
5.379145121083042103e-01
5.719274254947975811e-01
4.535054100625506845e-01
4.194136361954701187e-01
5.304900034212856053e-01
4.466304546862949754e-01
3.397723349543788629e-01
5.172102998927238238e-01
4.867190129541403287e-01
4.041585487583757019e-01
4.376924168948850835e-01
4.668155074855917519e-01
3.671672685326897168e-01
4.192329320218191602e-01
4.211341577998929386e-01
4.321604276145832868e-01
4.770551415855512345e-01
4.898498535911513518e-01
4.062747479797073624e-01
4.088281056163967087e-01
4.969825770207500493e-01
3.832584718283847947e-01
4.648038036565137476e-01
5.083079553421143704e-01
4.371931658254762931e-01
3.635527071959149259e-01
4.454210531922493943e-01
4.717292153095651308e-01
4.786700256933780206e-01
5.157255876169744013e-01
3.974038279616846636e-01
4.863283911732463882e-01
4.420068859395263061e-01
4.326009985855791551e-01
5.225707937838627304e-01
4.049344711528358176e-01
5.292251072317508687e-01
4.544745232987628114e-01
4.059263989939720374e-01
4.425223499271030425e-01
4.505409389663823094e-01
4.853095221486229960e-01
5.135168733779273964e-01
4.301930321689828030e-01
3.628490516567025037e-01
3.931385555593943648e-01
5.099082141348943997e-01
4.158450747211994147e-01
4.509442947005588564e-01
4.237044013316974556e-01
3.321744364908784108e-01
4.700914476546050880e-01
4.770248072193249977e-01
4.075260283294909192e-01
4.546036048492902437e-01
4.532459309048540996e-01
4.409145461339960548e-01
4.745559076392161790e-01
4.879138543569256359e-01
3.974524531633820135e-01
5.124536203681541169e-01
4.711316701646740546e-01
3.750013330542191214e-01
5.044495897249940963e-01
5.562865727182130238e-01
4.606027270684599495e-01
4.442104066983521005e-01
4.277531128401807492e-01
3.680651426397976711e-01
3.927971964160559271e-01
4.404665806952963170e-01
4.571367669999487071e-01
4.467984794959361516e-01
3.821744111342263994e-01
4.427917755583601900e-01
3.458680826863614888e-01
4.399552007811966536e-01
5.952272606626435314e-01
4.294381591083300531e-01
4.190519499268979264e-01
3.992320506590998908e-01
4.460960989191686266e-01
4.682875435972047029e-01
5.428471790069947511e-01
4.803917121596862350e-01
4.137573495636778231e-01
4.612985053790875645e-01
5.037192160203456393e-01
4.996277842944055192e-01
4.230499856914230472e-01
4.873056345694527502e-01
3.855573318218781798e-01
4.569663873149886202e-01
4.480392879220430613e-01
4.697361726156297212e-01
5.897975258325504067e-01
3.789104067863515168e-01
4.138175500123942863e-01
5.661370952045802207e-01
4.637537139367423067e-01
4.044733804545344591e-01
4.541894928300672651e-01
4.794979911631295222e-01
4.146622489845872561e-01
3.188493046827636235e-01
4.744313466108673882e-01
3.720024323612399764e-01
4.149047498528117273e-01
4.193140990049321615e-01
4.880831780541409759e-01
4.797882165938763266e-01
5.042859768695072686e-01
3.883188666452075943e-01
4.920428327854323713e-01
4.342545237257769419e-01
4.756149675803046928e-01
3.887268147311272459e-01
4.834426067972346086e-01
3.839450832625969645e-01
5.094058464102010353e-01
4.411049227837607889e-01
5.116455788254521408e-01
3.939166382711702385e-01
3.880273112994553908e-01
4.211156692438863258e-01
4.433285224798784729e-01
4.715185932360984600e-01
3.805766175192544232e-01
4.755909630563940893e-01
4.720377080303968520e-01
5.422484326970529178e-01
4.035368153193487073e-01
4.395615531996406311e-01
3.755118621891632147e-01
4.452764192212974037e-01
4.217612784052781616e-01
4.148104969043475143e-01
3.910908292157371791e-01
4.777767977706454117e-01
4.048315596255790960e-01
4.826429820016471250e-01
3.921402608211375651e-01
3.454845304859500699e-01
4.705460260624275137e-01
4.676957295699512018e-01
4.654562475687964995e-01
5.140213761697276507e-01
5.375355956529717094e-01
4.963925904739840966e-01
4.027669304526175220e-01
4.234441967662504469e-01
4.362106009047578281e-01
4.500123186845046419e-01
4.448143425542592233e-01
4.750472136130689527e-01
5.289351041438947743e-01
3.899457199273015928e-01
4.388738918333762729e-01
4.430957674003621061e-01
4.906064496980360179e-01
4.816083764554899282e-01
4.151254404302229806e-01
4.307061613927843924e-01
3.937479377901142996e-01
3.741001785704624050e-01
3.171498635690849222e-01
4.790636784115938074e-01
3.429151717558876489e-01
4.391586372739278432e-01
4.625270196080282226e-01
4.207549609975432814e-01
5.054325461537743092e-01
5.307887016633680011e-01
3.685330679527635822e-01
4.592174636421791911e-01
5.058400125348143650e-01
3.972793669506611280e-01
3.773414359416189523e-01
4.611668290276716431e-01
4.350335793021661290e-01
3.624670732019638630e-01
4.247215367929321750e-01
5.753980267666903847e-01
3.778912354013513886e-01
4.485869816690915002e-01
4.151315381329328535e-01
4.292727189404901833e-01
5.251834356264576398e-01
4.394613903244119490e-01
4.161280230027487592e-01
4.712911797629546484e-01
5.487415108807515152e-01
3.696882347730451324e-01
4.070319985240239413e-01
4.445118115721876650e-01
4.542634992666057525e-01
4.686700515130279299e-01
3.857399964277232751e-01
4.346105835221468761e-01
5.188836211158653899e-01
4.135222249744658352e-01
5.664619195044904298e-01
4.351973325421614192e-01
4.755080477428292318e-01
4.898582991695329403e-01
4.809103049390419105e-01
5.600957292708459434e-01
4.609552832718500359e-01
4.791002087566379464e-01
4.935521855960281479e-01
4.395563035010870423e-01
5.041633982788655821e-01
3.945542223585549735e-01
4.158920555002894037e-01
4.742839931875798554e-01
5.098410040927175979e-01
3.700421371749085808e-01
4.673358570196685102e-01
5.202115906695747860e-01
4.498964888537565487e-01
4.719874100045357013e-01
3.929630791624783015e-01
4.664663437000731161e-01
4.467042554687021272e-01
5.077274800600188875e-01
4.822604125881209125e-01
5.272466184124926514e-01
3.991292249093225664e-01
4.071501146611306576e-01
4.798498968813507126e-01
4.214051060766931811e-01
4.721506123186530735e-01
4.840704610801055408e-01
5.250435971428129012e-01
4.863226977828762898e-01
5.370861675102069910e-01
4.865347582002901849e-01
6.220754952498749324e-01
5.070611898118689842e-01
5.135298635833157599e-01
3.869283902799800501e-01
3.719751158496286125e-01
5.330884008713561162e-01
4.471960596964812407e-01
5.510010126651162521e-01
3.913052821885705801e-01
4.160930330681039679e-01
4.767898924310235986e-01
3.506013327033796201e-01
3.891889802510196672e-01
4.620046138537844960e-01
4.166600379090187323e-01
4.553491998650160966e-01
5.695501452941421627e-01
4.896223033504333855e-01
2.806582196968434584e-01
3.729867183632925576e-01
4.695936378068447103e-01
4.424652166478651449e-01
4.759394098738923273e-01
5.344203821149337008e-01
5.189480310282934550e-01
4.450887772849546065e-01
3.736296109736474413e-01
5.695547080876282031e-01
4.176072613069671813e-01
4.221125236948575221e-01
3.801157851224179485e-01
4.093080647627413970e-01
5.141985436820241118e-01
4.333515273151217206e-01
5.674573712623408595e-01
4.223419861741448678e-01
4.787772592172854225e-01
3.827217139271654744e-01
5.475310572559699551e-01
4.580283581934095904e-01
4.668645768718502342e-01
4.694537781111927099e-01
4.518227619082919588e-01
3.563430348635344136e-01
4.306057141835300528e-01
4.236567165043375605e-01
3.654693929117519557e-01
5.164561939938249191e-01
4.792898463108352658e-01
4.888583166166211580e-01
4.185375106819964053e-01
4.824591708523293110e-01
4.657296342065598838e-01
4.162216131460946822e-01
4.364125853580008707e-01
4.937248798249346815e-01
4.011975293417288091e-01
5.518539152655522750e-01
4.745787264879022804e-01
3.200080203395561651e-01
5.336946032406115759e-01
4.388062498084823737e-01
4.655123787517060352e-01
4.452878878951337382e-01
3.648118916342095730e-01
3.671402456284941218e-01
4.912833321358440197e-01
4.728922357433829049e-01
3.968528672935329182e-01
4.162095493549925473e-01
5.371333931055479738e-01
3.163656302374602269e-01
4.345530403161917410e-01
3.137890834484069469e-01
3.646700971407804692e-01
4.102203529646232250e-01
4.800542603619692983e-01
4.044618532925153831e-01
4.600737646196983999e-01
4.039894218969006245e-01
4.927861586986266307e-01
4.299802238897861284e-01
3.662202638533207377e-01
5.264217469758846191e-01
3.609448558630208304e-01
4.740500203836490734e-01
4.512888698435802426e-01
4.275458542728617362e-01
5.023438602168956990e-01
4.176772764475010224e-01
5.044310932173028394e-01
4.876663353614977270e-01
3.973830153927462305e-01
5.055658406323199072e-01
3.689390093662996972e-01
5.439255963334052035e-01
5.110554917638013839e-01
4.773422098784966816e-01
4.237900584253085357e-01
5.425651468636484287e-01
4.416571394799282957e-01
4.227677715058655306e-01
4.329219088783625713e-01
4.453587100647151686e-01
4.493223771058761917e-01
3.619501485412883746e-01
3.335442109231219199e-01
4.796863985791296470e-01
5.348022930245240891e-01
3.885672974487150433e-01
4.664538683200338820e-01
3.746320622669403466e-01
3.243754544261854278e-01
5.359105182773706844e-01
5.490961331106927190e-01
5.356097157949484266e-01
4.441362850642567861e-01
4.055468443757944130e-01
3.761477172038006911e-01
4.820341817071192025e-01
3.702169100300007898e-01
3.645957223711535633e-01
3.717717861845594163e-01
4.339127225624994644e-01
4.415754113560595440e-01
4.387896513589272240e-01
4.507338102100694743e-01
4.265235144501905440e-01
4.473350483010560263e-01
4.623991130625466628e-01
4.634266226091848795e-01
4.414760433841575238e-01
5.233328636308949289e-01
4.439727317051322952e-01
5.433432483120975709e-01
4.857573362537680461e-01
4.445059855512837332e-01
4.568905778145312957e-01
4.700485204245090642e-01
3.508150324685304078e-01
4.634587882256453462e-01
4.458794710032962794e-01
4.814327998202249659e-01
4.527792774325893888e-01
4.653917344751276053e-01
4.280013515359333831e-01
4.169262436922567816e-01
4.414752048854639344e-01
3.324429569860320455e-01
4.144621787083256903e-01
5.131170549447349183e-01
4.255011905977944542e-01
3.953948517751794678e-01
4.198408361457047211e-01
4.115134360390841906e-01
4.340710205862697291e-01
5.641548634285713515e-01
5.296133696156153370e-01
4.365106783643631916e-01
4.138724201589057961e-01
4.627110835612178175e-01
4.694120949807337739e-01
4.418574128180924321e-01
5.029462812686252837e-01
4.564586510227002236e-01
4.142034713231650400e-01
5.040327164603438659e-01
4.576139399442546996e-01
4.236576649519800952e-01
4.444966152858543795e-01
3.881160920852793073e-01
4.731146101342276755e-01
3.971010478614087624e-01
4.037087407812092188e-01
4.374446922670311988e-01
4.030380494285692450e-01
3.916295908100811962e-01
3.836045464803947147e-01
4.129770074559911408e-01
4.886155420922621562e-01
4.817014546885569071e-01
3.982596793385471678e-01
5.564155685706123622e-01
4.685009155304481476e-01
4.719934201959883335e-01
4.401128133473662940e-01
4.106696217344449340e-01
3.988870458012869769e-01
4.218895522163785827e-01
4.257393415163208683e-01
4.483085456307425165e-01
5.029479419621480929e-01
4.683638566955605209e-01
4.482723877401311174e-01
3.892441963282690098e-01
3.081795436109984188e-01
4.967056682226773656e-01
3.937404015631211229e-01
4.092700575608123614e-01
4.175230559040691292e-01
4.824608907592761176e-01
4.446464932815490378e-01
4.220344534669701053e-01
4.265761137100679834e-01
3.850289788516398914e-01
3.786334235131736392e-01
3.895654878377288188e-01
4.174636666150961517e-01
5.027301371431016630e-01
4.532307278968977227e-01
4.195214577688602953e-01
4.493885387576004309e-01
4.808620699747060412e-01
4.542942250206097876e-01
4.774529916249041772e-01
3.772394597232059388e-01
4.293166943802732005e-01
4.988681736777775821e-01
4.864568587668006150e-01
3.837163669562567714e-01
4.222107152256303619e-01
4.794772761355574620e-01
3.661332148192841807e-01
5.226937185849513945e-01
4.531271046603961294e-01
4.370422896851843819e-01
4.530990006810965420e-01
4.070573852749037047e-01
3.768601051151364567e-01
4.450107576866771941e-01
3.885777884601287480e-01
2.987004820495956503e-01
4.389419768397954114e-01
4.147871983361892667e-01
4.852988303485400445e-01
4.136841450002687326e-01
4.546329385423503178e-01
4.125879786388724768e-01
4.595405880753226091e-01
4.673135034422672418e-01
5.267118347794580435e-01
3.641476771046188721e-01
3.522524143392544160e-01
3.481655682728203582e-01
4.846405869754827345e-01
4.626674191263738245e-01
4.305892034506174082e-01
3.872650026850003036e-01
5.042718217177291073e-01
4.964577717447691274e-01
5.387882237651584472e-01
3.146803123849384320e-01
5.097956739321882758e-01
3.828162325468507099e-01
4.773749914483623180e-01
4.228466862484900890e-01
3.908868565527034988e-01
4.999485588656896184e-01
4.739744378599237695e-01
4.490190432415557820e-01
5.595925324172429383e-01
4.551105326052161670e-01
4.526753465374951935e-01
4.444031291762420288e-01
4.046675562870199472e-01
4.173426557503840950e-01
4.177748847598790061e-01
4.877449905517904361e-01
4.720727644307922688e-01
4.580800615997950853e-01
5.082838579653747857e-01
4.636569379798596846e-01
4.339653505936820199e-01
4.455514637406754463e-01
4.167822358330364740e-01
5.449099731467318408e-01
4.621592826669742582e-01
4.042643418814572676e-01
3.645960067647222580e-01
4.786998769899656336e-01
4.293762137254820699e-01
4.972026048275537957e-01
4.460649155251645848e-01
3.833207242132372627e-01
4.290875125634958653e-01
3.750545358931134943e-01
4.315138991760854026e-01
4.859290845999637565e-01
4.378568648620290715e-01
3.353342142742196663e-01
3.983567893396693926e-01
3.767122617970802834e-01
4.895453308764182720e-01
5.105952365113161084e-01
3.905342885017688559e-01
4.035901523668609103e-01
4.667864045754341884e-01
5.954977969391291870e-01
5.463655506866458289e-01
4.155273803505894481e-01
4.890496204692909021e-01
3.960931819374301499e-01
4.428941192680720396e-01
4.308603634410330119e-01
5.066362176646224125e-01
4.256023596337939474e-01
4.479143992209423386e-01
4.447960547370983786e-01
4.617924740076238543e-01
4.459258347571067871e-01
4.833796159020373184e-01
4.915004505836575444e-01
4.742469756162941974e-01
4.780970351968554799e-01
3.596066653893240650e-01
5.393637117521817848e-01
4.652622422880597353e-01
4.618160612070602578e-01
4.944380030699253581e-01
4.947306820628317170e-01
5.153782946709726254e-01
4.939608278574036393e-01
4.681242308941884200e-01
3.980867346212096924e-01
4.279820685775701516e-01
4.908552039775591069e-01
4.634076042707517273e-01
4.547683718692973054e-01
4.081880974181742450e-01
4.412620096768657962e-01
4.063609327523679537e-01
4.503984671980418297e-01
4.423845264937620314e-01
4.283065036894879163e-01
4.554470628026259238e-01
4.971097892731088930e-01
4.713010242117415816e-01
5.028840555211798735e-01
4.235474482794332474e-01
5.032254367563923081e-01
4.255280435245925030e-01
5.161620117275431685e-01
4.604077953858649042e-01
4.231888537442766718e-01
3.999756312162380256e-01
4.022146281714370497e-01
4.607120176276502388e-01
3.378677730076082852e-01
4.378377403419827507e-01
4.532822734544242338e-01
4.339142052818537598e-01
4.190584425576910910e-01
5.174090732284314376e-01
3.948900035744122849e-01
4.687565714299899433e-01
4.113020503376503267e-01
5.178329705526559801e-01
4.180472183753547455e-01
2.861011623288858274e-01
4.800173707244147492e-01
5.398373246315280038e-01
4.648189965943429480e-01
5.174476231786149238e-01
4.186174846089288915e-01
4.044301815620346963e-01
4.743559800345139577e-01
4.236590459101659545e-01
3.752588703347821686e-01
3.935024260731405654e-01
5.006416248256393420e-01
3.044752556027123802e-01
4.149753565095931074e-01
4.549968446374260678e-01
3.632478285444296073e-01
4.734729665023756917e-01
4.300124670591713993e-01
4.402674651781173232e-01
5.232656716267256591e-01
4.529318390626757007e-01
4.277021513779271089e-01
4.786307241393570333e-01
4.306466391998853283e-01
3.295756945132382043e-01
3.908795252754843630e-01
4.326014419117579779e-01
3.507644062175367394e-01
4.396243633134505613e-01
4.704450681751142782e-01
4.142003280389457975e-01
4.557184243452921946e-01
4.232742686546445698e-01
3.862143723658498784e-01
5.249989622031626668e-01
4.624026116732365410e-01
4.466267437017518160e-01
4.405600502371842531e-01
3.650950329287070417e-01
4.892948569546752835e-01
4.127355247024236951e-01
5.183039496892695164e-01
4.479842094647610851e-01
4.380737406383001242e-01
4.110066961725163948e-01
4.921373654292894306e-01
4.227761553758873081e-01
4.072563123739512125e-01
4.421375288046361374e-01
4.346686676731124077e-01
5.025011006590009988e-01
4.760713277899893958e-01
4.272691022304048736e-01
5.014903130397670994e-01
4.100942963108122341e-01
3.827861365114360592e-01
4.544835975925106686e-01
5.011802578241989492e-01
4.447123916706904878e-01
4.434271463544423031e-01
5.451803374328182406e-01
4.660664433388498340e-01
4.216359215402941674e-01
4.451933941144525231e-01
4.006052103968903433e-01
4.203386664050950960e-01
4.086315726798910308e-01
3.741326794914436316e-01
4.401306757285032845e-01
4.757404429661745704e-01
4.459063182644196766e-01
4.688920917988824155e-01
4.822193863301544314e-01
4.169644017666165881e-01
4.308685564715565852e-01
3.654249863700014256e-01
4.657339502840739387e-01
3.982739146774580963e-01
5.159214942809722260e-01
4.581165730600531005e-01
4.419616225774248841e-01
5.394480762715856415e-01
4.476700455728821471e-01
3.941535164326835927e-01
4.426757765916253251e-01
5.145703657076612370e-01
3.830341706962965276e-01
3.504408411114570132e-01
4.192867063300717012e-01
4.775699597505320138e-01
4.467488476181558088e-01
4.431204883232595648e-01
4.210210852215349742e-01
4.606262827319789199e-01
3.746058990508889242e-01
4.762276448268907836e-01
4.502565206857737645e-01
3.990266489062682109e-01
4.451092252436544827e-01
3.925466051775580723e-01
3.461670273525358499e-01
4.385379598217814534e-01
3.807898834446253877e-01
4.936975929360273851e-01
3.945678584056184768e-01
4.385032000416333453e-01
4.994629165008434568e-01
4.267555753271438101e-01
3.966207308397791675e-01
4.767184629198774060e-01
2.669679927356458649e-01
4.764944681378334712e-01
4.287935424876285762e-01
3.979756656398768522e-01
4.206957952289290259e-01
4.326904267441671337e-01
4.969926740089758432e-01
4.534434692861995519e-01
4.517689554981242361e-01
4.701948366449775762e-01
3.196174092216015339e-01
4.444620079207844410e-01
4.595899243714391957e-01
4.617742368678432463e-01
3.934441841118540562e-01
3.779639252524535920e-01
3.746313256531739189e-01
5.061364627570726915e-01
4.903671810139818010e-01
5.258161482164810385e-01
4.893904175352475905e-01
4.556546495177132283e-01
4.202087670587398294e-01
4.199185980916610994e-01
4.655259844235378197e-01
4.435453599509391887e-01
4.599298851829863866e-01
3.696540919444945561e-01
4.560457728071661276e-01
4.648577886110130120e-01
5.548121448579973469e-01
2.922095496609301013e-01
3.407384212774493548e-01
4.766979419513758254e-01
3.509166273167050321e-01
4.285819258252275832e-01
3.826840478180774108e-01
3.869759492896909792e-01
4.817893494093574147e-01
4.564150131392735732e-01
3.963160955430106158e-01
4.602709066500923485e-01
4.235636072592208201e-01
4.652719088197631581e-01
4.724544901442098710e-01
4.653797981611718648e-01
5.443172885307934195e-01
4.235030337135896050e-01
3.009071337893710063e-01
3.736794655454182545e-01
4.683657514208210415e-01
4.409392512581045143e-01
4.570416739693793917e-01
3.791681575162119122e-01
3.750903018166352187e-01
3.935645867038062296e-01
4.152498354756873344e-01
5.375754746207894730e-01
4.421863874182683229e-01
4.668960593384210433e-01
4.664733285899726467e-01
4.165816664246461132e-01
5.389155762353440293e-01
4.328519714730891810e-01
4.498234119539969988e-01
4.874811632334506983e-01
4.429645361811379023e-01
4.782992744832386678e-01
3.943838064235504204e-01
4.862825648902985853e-01
5.537415050594989285e-01
4.369515943718066397e-01
3.868239571799386711e-01
4.757256642388733581e-01
4.234871423747771924e-01
4.819598186474275958e-01
4.570072478059883925e-01
4.997204749873394580e-01
4.535426198009220311e-01
5.555395173083291782e-01
5.478009632911965410e-01
3.840299112971587991e-01
4.320843136003185703e-01
4.417404403874670704e-01
4.494868997556513146e-01
4.462199963020572202e-01
4.396064661398771944e-01
3.749629875219389064e-01
5.553314921521241843e-01
5.052433478280727863e-01
3.638764370335137999e-01
3.908706756442216768e-01
5.214723569183865592e-01
4.414183758811302538e-01
4.711900603738526372e-01
4.070533273630567717e-01
4.866745489233971766e-01
4.250762624939135037e-01
4.107203427425180076e-01
4.331256688985108405e-01
5.532774663414429250e-01
3.939761246814481033e-01
3.671835387318918009e-01
4.866951422941044880e-01
5.114182566180522915e-01
4.187815085429379969e-01
4.819356612957578778e-01
4.591633804419354981e-01
4.169646604487476371e-01
4.228371290280285577e-01
3.599444174903697058e-01
4.522040872851128546e-01
4.598234816091822941e-01
4.382653775451023082e-01
3.915090829580112897e-01
4.282488302026641325e-01
4.016940364916716799e-01
3.790475060633938797e-01
4.361054000352992954e-01
4.854049833175702044e-01
5.058378772033648163e-01
4.184253460368485555e-01
4.798424035905546337e-01
5.482982438709320672e-01
3.953973485304757007e-01
4.890147332753602138e-01
4.525023335059440432e-01
4.371377172057843707e-01
4.280862469914312740e-01
5.134503940005967770e-01
4.556717643624093039e-01
3.664839922209471856e-01
4.956876686153126599e-01
5.546579720344173570e-01
4.909705672883363792e-01
4.761766123767017245e-01
5.090712434284568877e-01
4.244192578594142562e-01
4.977465669074112586e-01
4.638845665536289742e-01
4.192924293822559156e-01
4.467457171309889286e-01
4.422983787824525947e-01
4.370735688422920928e-01
4.015036274668673522e-01
4.473762222870195648e-01
4.707541207760996826e-01
4.326691389694483636e-01
4.294794155266213331e-01
4.525363152028970548e-01
3.841725504369460920e-01
5.164396759032588990e-01
3.739175943054944273e-01
5.443419724566652684e-01
4.761550031051752230e-01
4.838530447737453000e-01
5.150833691193887898e-01
4.140914585441646256e-01
4.017932226796628314e-01
4.146437953334739523e-01
3.656661933608648107e-01
4.811521824463585451e-01
4.458897673393978356e-01
4.138455187159068016e-01
3.980712963052351894e-01
3.987996592914774818e-01
4.813853594671885228e-01
4.927651023226324312e-01
4.540890034663578323e-01
4.487570389138157978e-01
5.012205790169710351e-01
3.825915028696813547e-01
3.243559918442127099e-01
4.234601209209352124e-01
3.646292553399286263e-01
5.205614369906339522e-01
4.163116842142302598e-01
4.731321796920523459e-01
4.618968064576985944e-01
4.739636861508719767e-01
4.777102009130219096e-01
4.114693468291624190e-01
4.691791226422936667e-01
4.482225822120726733e-01
4.115060352860674953e-01
3.913279254038166677e-01
4.071104703720420104e-01
3.333035863371615060e-01
3.929980538795644351e-01
4.975733016642291950e-01
4.504252997956306181e-01
4.194502100084795404e-01
4.385795662855397903e-01
4.532255635375902481e-01
4.598220226606324346e-01
4.670710118502610642e-01
4.946332401397264822e-01
5.055326322893468616e-01
4.943359240299171065e-01
3.021668740738054915e-01
4.869452262349058258e-01
3.817516849737181417e-01
3.596429333347161972e-01
4.063671539672309985e-01
5.038054386339532176e-01
4.342292728664804979e-01
4.718253775600374511e-01
3.565263835555133043e-01
5.060998865696137994e-01
4.825676259557771242e-01
4.556738163956806642e-01
4.433983098175551252e-01
4.543648120104774590e-01
2.925393871709693339e-01
3.627064989247356097e-01
