0 1 -1.000000
0 29 1.000000
0 30 1.000000
0 870 1.000000
1 0 -1.000000
1 2 1.000000
1 31 1.000000
1 871 1.000000
2 1 1.000000
2 3 1.000000
2 32 -1.000000
2 872 1.000000
3 2 1.000000
3 4 1.000000
3 33 1.000000
3 873 -1.000000
4 3 1.000000
4 5 -1.000000
4 34 1.000000
4 874 1.000000
5 4 -1.000000
5 6 -1.000000
5 35 -1.000000
5 875 1.000000
6 5 -1.000000
6 7 -1.000000
6 36 1.000000
6 876 -1.000000
7 6 -1.000000
7 8 -1.000000
7 37 -1.000000
7 877 1.000000
8 7 -1.000000
8 9 -1.000000
8 38 1.000000
8 878 1.000000
9 8 -1.000000
9 10 1.000000
9 39 -1.000000
9 879 1.000000
10 9 1.000000
10 11 1.000000
10 40 -1.000000
10 880 1.000000
11 10 1.000000
11 12 -1.000000
11 41 1.000000
11 881 1.000000
12 11 -1.000000
12 13 1.000000
12 42 -1.000000
12 882 -1.000000
13 12 1.000000
13 14 -1.000000
13 43 1.000000
13 883 1.000000
14 13 -1.000000
14 15 1.000000
14 44 -1.000000
14 884 1.000000
15 14 1.000000
15 16 -1.000000
15 45 -1.000000
15 885 1.000000
16 15 -1.000000
16 17 1.000000
16 46 -1.000000
16 886 1.000000
17 16 1.000000
17 18 -1.000000
17 47 -1.000000
17 887 -1.000000
18 17 -1.000000
18 19 1.000000
18 48 -1.000000
18 888 1.000000
19 18 1.000000
19 20 -1.000000
19 49 1.000000
19 889 1.000000
20 19 -1.000000
20 21 1.000000
20 50 1.000000
20 890 1.000000
21 20 1.000000
21 22 1.000000
21 51 -1.000000
21 891 -1.000000
22 21 1.000000
22 23 -1.000000
22 52 1.000000
22 892 -1.000000
23 22 -1.000000
23 24 1.000000
23 53 -1.000000
23 893 -1.000000
24 23 1.000000
24 25 1.000000
24 54 -1.000000
24 894 1.000000
25 24 1.000000
25 26 1.000000
25 55 1.000000
25 895 1.000000
26 25 1.000000
26 27 -1.000000
26 56 1.000000
26 896 1.000000
27 26 -1.000000
27 28 1.000000
27 57 1.000000
27 897 -1.000000
28 27 1.000000
28 29 1.000000
28 58 1.000000
28 898 1.000000
29 0 1.000000
29 28 1.000000
29 59 -1.000000
29 899 -1.000000
30 0 1.000000
30 31 1.000000
30 59 1.000000
30 60 -1.000000
31 1 1.000000
31 30 1.000000
31 32 -1.000000
31 61 1.000000
32 2 -1.000000
32 31 -1.000000
32 33 1.000000
32 62 1.000000
33 3 1.000000
33 32 1.000000
33 34 1.000000
33 63 1.000000
34 4 1.000000
34 33 1.000000
34 35 -1.000000
34 64 1.000000
35 5 -1.000000
35 34 -1.000000
35 36 -1.000000
35 65 -1.000000
36 6 1.000000
36 35 -1.000000
36 37 1.000000
36 66 1.000000
37 7 -1.000000
37 36 1.000000
37 38 -1.000000
37 67 1.000000
38 8 1.000000
38 37 -1.000000
38 39 1.000000
38 68 1.000000
39 9 -1.000000
39 38 1.000000
39 40 1.000000
39 69 1.000000
40 10 -1.000000
40 39 1.000000
40 41 1.000000
40 70 1.000000
41 11 1.000000
41 40 1.000000
41 42 1.000000
41 71 -1.000000
42 12 -1.000000
42 41 1.000000
42 43 1.000000
42 72 1.000000
43 13 1.000000
43 42 1.000000
43 44 -1.000000
43 73 -1.000000
44 14 -1.000000
44 43 -1.000000
44 45 1.000000
44 74 1.000000
45 15 -1.000000
45 44 1.000000
45 46 1.000000
45 75 -1.000000
46 16 -1.000000
46 45 1.000000
46 47 1.000000
46 76 1.000000
47 17 -1.000000
47 46 1.000000
47 48 1.000000
47 77 -1.000000
48 18 -1.000000
48 47 1.000000
48 49 1.000000
48 78 1.000000
49 19 1.000000
49 48 1.000000
49 50 1.000000
49 79 1.000000
50 20 1.000000
50 49 1.000000
50 51 1.000000
50 80 -1.000000
51 21 -1.000000
51 50 1.000000
51 52 -1.000000
51 81 1.000000
52 22 1.000000
52 51 -1.000000
52 53 1.000000
52 82 1.000000
53 23 -1.000000
53 52 1.000000
53 54 -1.000000
53 83 1.000000
54 24 -1.000000
54 53 -1.000000
54 55 1.000000
54 84 -1.000000
55 25 1.000000
55 54 1.000000
55 56 1.000000
55 85 1.000000
56 26 1.000000
56 55 1.000000
56 57 -1.000000
56 86 -1.000000
57 27 1.000000
57 56 -1.000000
57 58 1.000000
57 87 1.000000
58 28 1.000000
58 57 1.000000
58 59 1.000000
58 88 1.000000
59 29 -1.000000
59 30 1.000000
59 58 1.000000
59 89 1.000000
60 30 -1.000000
60 61 1.000000
60 89 -1.000000
60 90 -1.000000
61 31 1.000000
61 60 1.000000
61 62 1.000000
61 91 1.000000
62 32 1.000000
62 61 1.000000
62 63 -1.000000
62 92 1.000000
63 33 1.000000
63 62 -1.000000
63 64 -1.000000
63 93 1.000000
64 34 1.000000
64 63 -1.000000
64 65 -1.000000
64 94 -1.000000
65 35 -1.000000
65 64 -1.000000
65 66 1.000000
65 95 -1.000000
66 36 1.000000
66 65 1.000000
66 67 1.000000
66 96 1.000000
67 37 1.000000
67 66 1.000000
67 68 -1.000000
67 97 1.000000
68 38 1.000000
68 67 -1.000000
68 69 1.000000
68 98 1.000000
69 39 1.000000
69 68 1.000000
69 70 -1.000000
69 99 -1.000000
70 40 1.000000
70 69 -1.000000
70 71 1.000000
70 100 1.000000
71 41 -1.000000
71 70 1.000000
71 72 1.000000
71 101 1.000000
72 42 1.000000
72 71 1.000000
72 73 1.000000
72 102 1.000000
73 43 -1.000000
73 72 1.000000
73 74 1.000000
73 103 1.000000
74 44 1.000000
74 73 1.000000
74 75 1.000000
74 104 1.000000
75 45 -1.000000
75 74 1.000000
75 76 1.000000
75 105 1.000000
76 46 1.000000
76 75 1.000000
76 77 1.000000
76 106 1.000000
77 47 -1.000000
77 76 1.000000
77 78 1.000000
77 107 -1.000000
78 48 1.000000
78 77 1.000000
78 79 -1.000000
78 108 -1.000000
79 49 1.000000
79 78 -1.000000
79 80 1.000000
79 109 1.000000
80 50 -1.000000
80 79 1.000000
80 81 1.000000
80 110 1.000000
81 51 1.000000
81 80 1.000000
81 82 1.000000
81 111 1.000000
82 52 1.000000
82 81 1.000000
82 83 1.000000
82 112 1.000000
83 53 1.000000
83 82 1.000000
83 84 1.000000
83 113 1.000000
84 54 -1.000000
84 83 1.000000
84 85 1.000000
84 114 1.000000
85 55 1.000000
85 84 1.000000
85 86 -1.000000
85 115 1.000000
86 56 -1.000000
86 85 -1.000000
86 87 1.000000
86 116 1.000000
87 57 1.000000
87 86 1.000000
87 88 1.000000
87 117 -1.000000
88 58 1.000000
88 87 1.000000
88 89 1.000000
88 118 1.000000
89 59 1.000000
89 60 -1.000000
89 88 1.000000
89 119 1.000000
90 60 -1.000000
90 91 -1.000000
90 119 -1.000000
90 120 1.000000
91 61 1.000000
91 90 -1.000000
91 92 1.000000
91 121 1.000000
92 62 1.000000
92 91 1.000000
92 93 1.000000
92 122 1.000000
93 63 1.000000
93 92 1.000000
93 94 1.000000
93 123 1.000000
94 64 -1.000000
94 93 1.000000
94 95 1.000000
94 124 1.000000
95 65 -1.000000
95 94 1.000000
95 96 1.000000
95 125 1.000000
96 66 1.000000
96 95 1.000000
96 97 1.000000
96 126 1.000000
97 67 1.000000
97 96 1.000000
97 98 -1.000000
97 127 -1.000000
98 68 1.000000
98 97 -1.000000
98 99 -1.000000
98 128 -1.000000
99 69 -1.000000
99 98 -1.000000
99 100 1.000000
99 129 1.000000
100 70 1.000000
100 99 1.000000
100 101 1.000000
100 130 -1.000000
101 71 1.000000
101 100 1.000000
101 102 1.000000
101 131 1.000000
102 72 1.000000
102 101 1.000000
102 103 -1.000000
102 132 1.000000
103 73 1.000000
103 102 -1.000000
103 104 1.000000
103 133 1.000000
104 74 1.000000
104 103 1.000000
104 105 1.000000
104 134 1.000000
105 75 1.000000
105 104 1.000000
105 106 -1.000000
105 135 -1.000000
106 76 1.000000
106 105 -1.000000
106 107 1.000000
106 136 1.000000
107 77 -1.000000
107 106 1.000000
107 108 1.000000
107 137 1.000000
108 78 -1.000000
108 107 1.000000
108 109 1.000000
108 138 -1.000000
109 79 1.000000
109 108 1.000000
109 110 -1.000000
109 139 1.000000
110 80 1.000000
110 109 -1.000000
110 111 -1.000000
110 140 -1.000000
111 81 1.000000
111 110 -1.000000
111 112 1.000000
111 141 -1.000000
112 82 1.000000
112 111 1.000000
112 113 -1.000000
112 142 1.000000
113 83 1.000000
113 112 -1.000000
113 114 -1.000000
113 143 1.000000
114 84 1.000000
114 113 -1.000000
114 115 1.000000
114 144 1.000000
115 85 1.000000
115 114 1.000000
115 116 1.000000
115 145 1.000000
116 86 1.000000
116 115 1.000000
116 117 -1.000000
116 146 1.000000
117 87 -1.000000
117 116 -1.000000
117 118 -1.000000
117 147 -1.000000
118 88 1.000000
118 117 -1.000000
118 119 -1.000000
118 148 1.000000
119 89 1.000000
119 90 -1.000000
119 118 -1.000000
119 149 -1.000000
120 90 1.000000
120 121 1.000000
120 149 1.000000
120 150 -1.000000
121 91 1.000000
121 120 1.000000
121 122 -1.000000
121 151 1.000000
122 92 1.000000
122 121 -1.000000
122 123 1.000000
122 152 1.000000
123 93 1.000000
123 122 1.000000
123 124 1.000000
123 153 1.000000
124 94 1.000000
124 123 1.000000
124 125 1.000000
124 154 1.000000
125 95 1.000000
125 124 1.000000
125 126 -1.000000
125 155 -1.000000
126 96 1.000000
126 125 -1.000000
126 127 -1.000000
126 156 1.000000
127 97 -1.000000
127 126 -1.000000
127 128 1.000000
127 157 -1.000000
128 98 -1.000000
128 127 1.000000
128 129 1.000000
128 158 1.000000
129 99 1.000000
129 128 1.000000
129 130 1.000000
129 159 -1.000000
130 100 -1.000000
130 129 1.000000
130 131 1.000000
130 160 1.000000
131 101 1.000000
131 130 1.000000
131 132 1.000000
131 161 1.000000
132 102 1.000000
132 131 1.000000
132 133 1.000000
132 162 1.000000
133 103 1.000000
133 132 1.000000
133 134 -1.000000
133 163 1.000000
134 104 1.000000
134 133 -1.000000
134 135 -1.000000
134 164 1.000000
135 105 -1.000000
135 134 -1.000000
135 136 -1.000000
135 165 1.000000
136 106 1.000000
136 135 -1.000000
136 137 -1.000000
136 166 -1.000000
137 107 1.000000
137 136 -1.000000
137 138 1.000000
137 167 -1.000000
138 108 -1.000000
138 137 1.000000
138 139 1.000000
138 168 -1.000000
139 109 1.000000
139 138 1.000000
139 140 1.000000
139 169 1.000000
140 110 -1.000000
140 139 1.000000
140 141 1.000000
140 170 -1.000000
141 111 -1.000000
141 140 1.000000
141 142 1.000000
141 171 1.000000
142 112 1.000000
142 141 1.000000
142 143 -1.000000
142 172 1.000000
143 113 1.000000
143 142 -1.000000
143 144 1.000000
143 173 1.000000
144 114 1.000000
144 143 1.000000
144 145 -1.000000
144 174 1.000000
145 115 1.000000
145 144 -1.000000
145 146 1.000000
145 175 1.000000
146 116 1.000000
146 145 1.000000
146 147 -1.000000
146 176 -1.000000
147 117 -1.000000
147 146 -1.000000
147 148 -1.000000
147 177 1.000000
148 118 1.000000
148 147 -1.000000
148 149 1.000000
148 178 -1.000000
149 119 -1.000000
149 120 1.000000
149 148 1.000000
149 179 -1.000000
150 120 -1.000000
150 151 -1.000000
150 179 1.000000
150 180 1.000000
151 121 1.000000
151 150 -1.000000
151 152 1.000000
151 181 1.000000
152 122 1.000000
152 151 1.000000
152 153 1.000000
152 182 1.000000
153 123 1.000000
153 152 1.000000
153 154 -1.000000
153 183 1.000000
154 124 1.000000
154 153 -1.000000
154 155 1.000000
154 184 -1.000000
155 125 -1.000000
155 154 1.000000
155 156 1.000000
155 185 -1.000000
156 126 1.000000
156 155 1.000000
156 157 1.000000
156 186 1.000000
157 127 -1.000000
157 156 1.000000
157 158 -1.000000
157 187 1.000000
158 128 1.000000
158 157 -1.000000
158 159 1.000000
158 188 1.000000
159 129 -1.000000
159 158 1.000000
159 160 1.000000
159 189 1.000000
160 130 1.000000
160 159 1.000000
160 161 -1.000000
160 190 1.000000
161 131 1.000000
161 160 -1.000000
161 162 1.000000
161 191 1.000000
162 132 1.000000
162 161 1.000000
162 163 1.000000
162 192 1.000000
163 133 1.000000
163 162 1.000000
163 164 -1.000000
163 193 1.000000
164 134 1.000000
164 163 -1.000000
164 165 1.000000
164 194 1.000000
165 135 1.000000
165 164 1.000000
165 166 1.000000
165 195 1.000000
166 136 -1.000000
166 165 1.000000
166 167 1.000000
166 196 1.000000
167 137 -1.000000
167 166 1.000000
167 168 1.000000
167 197 1.000000
168 138 -1.000000
168 167 1.000000
168 169 1.000000
168 198 -1.000000
169 139 1.000000
169 168 1.000000
169 170 -1.000000
169 199 1.000000
170 140 -1.000000
170 169 -1.000000
170 171 1.000000
170 200 -1.000000
171 141 1.000000
171 170 1.000000
171 172 1.000000
171 201 1.000000
172 142 1.000000
172 171 1.000000
172 173 -1.000000
172 202 1.000000
173 143 1.000000
173 172 -1.000000
173 174 1.000000
173 203 1.000000
174 144 1.000000
174 173 1.000000
174 175 1.000000
174 204 -1.000000
175 145 1.000000
175 174 1.000000
175 176 1.000000
175 205 1.000000
176 146 -1.000000
176 175 1.000000
176 177 1.000000
176 206 -1.000000
177 147 1.000000
177 176 1.000000
177 178 -1.000000
177 207 -1.000000
178 148 -1.000000
178 177 -1.000000
178 179 -1.000000
178 208 -1.000000
179 149 -1.000000
179 150 1.000000
179 178 -1.000000
179 209 -1.000000
180 150 1.000000
180 181 -1.000000
180 209 1.000000
180 210 1.000000
181 151 1.000000
181 180 -1.000000
181 182 1.000000
181 211 -1.000000
182 152 1.000000
182 181 1.000000
182 183 -1.000000
182 212 1.000000
183 153 1.000000
183 182 -1.000000
183 184 1.000000
183 213 1.000000
184 154 -1.000000
184 183 1.000000
184 185 1.000000
184 214 -1.000000
185 155 -1.000000
185 184 1.000000
185 186 1.000000
185 215 1.000000
186 156 1.000000
186 185 1.000000
186 187 -1.000000
186 216 1.000000
187 157 1.000000
187 186 -1.000000
187 188 1.000000
187 217 -1.000000
188 158 1.000000
188 187 1.000000
188 189 1.000000
188 218 1.000000
189 159 1.000000
189 188 1.000000
189 190 -1.000000
189 219 -1.000000
190 160 1.000000
190 189 -1.000000
190 191 1.000000
190 220 1.000000
191 161 1.000000
191 190 1.000000
191 192 -1.000000
191 221 -1.000000
192 162 1.000000
192 191 -1.000000
192 193 -1.000000
192 222 1.000000
193 163 1.000000
193 192 -1.000000
193 194 -1.000000
193 223 1.000000
194 164 1.000000
194 193 -1.000000
194 195 1.000000
194 224 -1.000000
195 165 1.000000
195 194 1.000000
195 196 -1.000000
195 225 1.000000
196 166 1.000000
196 195 -1.000000
196 197 1.000000
196 226 -1.000000
197 167 1.000000
197 196 1.000000
197 198 1.000000
197 227 1.000000
198 168 -1.000000
198 197 1.000000
198 199 1.000000
198 228 1.000000
199 169 1.000000
199 198 1.000000
199 200 1.000000
199 229 1.000000
200 170 -1.000000
200 199 1.000000
200 201 1.000000
200 230 1.000000
201 171 1.000000
201 200 1.000000
201 202 1.000000
201 231 1.000000
202 172 1.000000
202 201 1.000000
202 203 1.000000
202 232 -1.000000
203 173 1.000000
203 202 1.000000
203 204 -1.000000
203 233 1.000000
204 174 -1.000000
204 203 -1.000000
204 205 -1.000000
204 234 1.000000
205 175 1.000000
205 204 -1.000000
205 206 1.000000
205 235 -1.000000
206 176 -1.000000
206 205 1.000000
206 207 -1.000000
206 236 1.000000
207 177 -1.000000
207 206 -1.000000
207 208 1.000000
207 237 -1.000000
208 178 -1.000000
208 207 1.000000
208 209 -1.000000
208 238 1.000000
209 179 -1.000000
209 180 1.000000
209 208 -1.000000
209 239 1.000000
210 180 1.000000
210 211 -1.000000
210 239 1.000000
210 240 1.000000
211 181 -1.000000
211 210 -1.000000
211 212 1.000000
211 241 1.000000
212 182 1.000000
212 211 1.000000
212 213 1.000000
212 242 -1.000000
213 183 1.000000
213 212 1.000000
213 214 -1.000000
213 243 1.000000
214 184 -1.000000
214 213 -1.000000
214 215 1.000000
214 244 1.000000
215 185 1.000000
215 214 1.000000
215 216 -1.000000
215 245 1.000000
216 186 1.000000
216 215 -1.000000
216 217 1.000000
216 246 1.000000
217 187 -1.000000
217 216 1.000000
217 218 1.000000
217 247 -1.000000
218 188 1.000000
218 217 1.000000
218 219 1.000000
218 248 1.000000
219 189 -1.000000
219 218 1.000000
219 220 -1.000000
219 249 -1.000000
220 190 1.000000
220 219 -1.000000
220 221 -1.000000
220 250 -1.000000
221 191 -1.000000
221 220 -1.000000
221 222 -1.000000
221 251 -1.000000
222 192 1.000000
222 221 -1.000000
222 223 -1.000000
222 252 1.000000
223 193 1.000000
223 222 -1.000000
223 224 1.000000
223 253 -1.000000
224 194 -1.000000
224 223 1.000000
224 225 1.000000
224 254 -1.000000
225 195 1.000000
225 224 1.000000
225 226 -1.000000
225 255 -1.000000
226 196 -1.000000
226 225 -1.000000
226 227 1.000000
226 256 1.000000
227 197 1.000000
227 226 1.000000
227 228 1.000000
227 257 -1.000000
228 198 1.000000
228 227 1.000000
228 229 1.000000
228 258 -1.000000
229 199 1.000000
229 228 1.000000
229 230 1.000000
229 259 -1.000000
230 200 1.000000
230 229 1.000000
230 231 1.000000
230 260 -1.000000
231 201 1.000000
231 230 1.000000
231 232 1.000000
231 261 1.000000
232 202 -1.000000
232 231 1.000000
232 233 1.000000
232 262 -1.000000
233 203 1.000000
233 232 1.000000
233 234 -1.000000
233 263 1.000000
234 204 1.000000
234 233 -1.000000
234 235 1.000000
234 264 -1.000000
235 205 -1.000000
235 234 1.000000
235 236 1.000000
235 265 1.000000
236 206 1.000000
236 235 1.000000
236 237 -1.000000
236 266 1.000000
237 207 -1.000000
237 236 -1.000000
237 238 1.000000
237 267 1.000000
238 208 1.000000
238 237 1.000000
238 239 1.000000
238 268 -1.000000
239 209 1.000000
239 210 1.000000
239 238 1.000000
239 269 1.000000
240 210 1.000000
240 241 -1.000000
240 269 -1.000000
240 270 1.000000
241 211 1.000000
241 240 -1.000000
241 242 1.000000
241 271 1.000000
242 212 -1.000000
242 241 1.000000
242 243 1.000000
242 272 -1.000000
243 213 1.000000
243 242 1.000000
243 244 1.000000
243 273 1.000000
244 214 1.000000
244 243 1.000000
244 245 1.000000
244 274 1.000000
245 215 1.000000
245 244 1.000000
245 246 1.000000
245 275 1.000000
246 216 1.000000
246 245 1.000000
246 247 1.000000
246 276 1.000000
247 217 -1.000000
247 246 1.000000
247 248 -1.000000
247 277 -1.000000
248 218 1.000000
248 247 -1.000000
248 249 1.000000
248 278 -1.000000
249 219 -1.000000
249 248 1.000000
249 250 1.000000
249 279 1.000000
250 220 -1.000000
250 249 1.000000
250 251 1.000000
250 280 1.000000
251 221 -1.000000
251 250 1.000000
251 252 -1.000000
251 281 -1.000000
252 222 1.000000
252 251 -1.000000
252 253 -1.000000
252 282 -1.000000
253 223 -1.000000
253 252 -1.000000
253 254 1.000000
253 283 -1.000000
254 224 -1.000000
254 253 1.000000
254 255 -1.000000
254 284 -1.000000
255 225 -1.000000
255 254 -1.000000
255 256 -1.000000
255 285 -1.000000
256 226 1.000000
256 255 -1.000000
256 257 -1.000000
256 286 1.000000
257 227 -1.000000
257 256 -1.000000
257 258 1.000000
257 287 -1.000000
258 228 -1.000000
258 257 1.000000
258 259 1.000000
258 288 -1.000000
259 229 -1.000000
259 258 1.000000
259 260 1.000000
259 289 1.000000
260 230 -1.000000
260 259 1.000000
260 261 1.000000
260 290 1.000000
261 231 1.000000
261 260 1.000000
261 262 1.000000
261 291 1.000000
262 232 -1.000000
262 261 1.000000
262 263 -1.000000
262 292 -1.000000
263 233 1.000000
263 262 -1.000000
263 264 1.000000
263 293 -1.000000
264 234 -1.000000
264 263 1.000000
264 265 1.000000
264 294 -1.000000
265 235 1.000000
265 264 1.000000
265 266 1.000000
265 295 1.000000
266 236 1.000000
266 265 1.000000
266 267 -1.000000
266 296 1.000000
267 237 1.000000
267 266 -1.000000
267 268 1.000000
267 297 1.000000
268 238 -1.000000
268 267 1.000000
268 269 1.000000
268 298 1.000000
269 239 1.000000
269 240 -1.000000
269 268 1.000000
269 299 1.000000
270 240 1.000000
270 271 1.000000
270 299 1.000000
270 300 -1.000000
271 241 1.000000
271 270 1.000000
271 272 -1.000000
271 301 1.000000
272 242 -1.000000
272 271 -1.000000
272 273 1.000000
272 302 1.000000
273 243 1.000000
273 272 1.000000
273 274 1.000000
273 303 1.000000
274 244 1.000000
274 273 1.000000
274 275 1.000000
274 304 1.000000
275 245 1.000000
275 274 1.000000
275 276 -1.000000
275 305 -1.000000
276 246 1.000000
276 275 -1.000000
276 277 1.000000
276 306 1.000000
277 247 -1.000000
277 276 1.000000
277 278 1.000000
277 307 1.000000
278 248 -1.000000
278 277 1.000000
278 279 1.000000
278 308 -1.000000
279 249 1.000000
279 278 1.000000
279 280 1.000000
279 309 1.000000
280 250 1.000000
280 279 1.000000
280 281 1.000000
280 310 1.000000
281 251 -1.000000
281 280 1.000000
281 282 1.000000
281 311 -1.000000
282 252 -1.000000
282 281 1.000000
282 283 -1.000000
282 312 1.000000
283 253 -1.000000
283 282 -1.000000
283 284 -1.000000
283 313 1.000000
284 254 -1.000000
284 283 -1.000000
284 285 -1.000000
284 314 1.000000
285 255 -1.000000
285 284 -1.000000
285 286 1.000000
285 315 -1.000000
286 256 1.000000
286 285 1.000000
286 287 1.000000
286 316 1.000000
287 257 -1.000000
287 286 1.000000
287 288 1.000000
287 317 1.000000
288 258 -1.000000
288 287 1.000000
288 289 1.000000
288 318 1.000000
289 259 1.000000
289 288 1.000000
289 290 -1.000000
289 319 -1.000000
290 260 1.000000
290 289 -1.000000
290 291 1.000000
290 320 -1.000000
291 261 1.000000
291 290 1.000000
291 292 1.000000
291 321 1.000000
292 262 -1.000000
292 291 1.000000
292 293 1.000000
292 322 1.000000
293 263 -1.000000
293 292 1.000000
293 294 -1.000000
293 323 1.000000
294 264 -1.000000
294 293 -1.000000
294 295 1.000000
294 324 -1.000000
295 265 1.000000
295 294 1.000000
295 296 1.000000
295 325 1.000000
296 266 1.000000
296 295 1.000000
296 297 1.000000
296 326 1.000000
297 267 1.000000
297 296 1.000000
297 298 1.000000
297 327 1.000000
298 268 1.000000
298 297 1.000000
298 299 -1.000000
298 328 1.000000
299 269 1.000000
299 270 1.000000
299 298 -1.000000
299 329 1.000000
300 270 -1.000000
300 301 1.000000
300 329 -1.000000
300 330 -1.000000
301 271 1.000000
301 300 1.000000
301 302 1.000000
301 331 1.000000
302 272 1.000000
302 301 1.000000
302 303 1.000000
302 332 -1.000000
303 273 1.000000
303 302 1.000000
303 304 1.000000
303 333 -1.000000
304 274 1.000000
304 303 1.000000
304 305 1.000000
304 334 1.000000
305 275 -1.000000
305 304 1.000000
305 306 -1.000000
305 335 -1.000000
306 276 1.000000
306 305 -1.000000
306 307 -1.000000
306 336 1.000000
307 277 1.000000
307 306 -1.000000
307 308 1.000000
307 337 -1.000000
308 278 -1.000000
308 307 1.000000
308 309 1.000000
308 338 1.000000
309 279 1.000000
309 308 1.000000
309 310 -1.000000
309 339 1.000000
310 280 1.000000
310 309 -1.000000
310 311 -1.000000
310 340 -1.000000
311 281 -1.000000
311 310 -1.000000
311 312 -1.000000
311 341 -1.000000
312 282 1.000000
312 311 -1.000000
312 313 -1.000000
312 342 1.000000
313 283 1.000000
313 312 -1.000000
313 314 -1.000000
313 343 1.000000
314 284 1.000000
314 313 -1.000000
314 315 1.000000
314 344 1.000000
315 285 -1.000000
315 314 1.000000
315 316 1.000000
315 345 -1.000000
316 286 1.000000
316 315 1.000000
316 317 1.000000
316 346 1.000000
317 287 1.000000
317 316 1.000000
317 318 1.000000
317 347 1.000000
318 288 1.000000
318 317 1.000000
318 319 1.000000
318 348 1.000000
319 289 -1.000000
319 318 1.000000
319 320 -1.000000
319 349 1.000000
320 290 -1.000000
320 319 -1.000000
320 321 1.000000
320 350 1.000000
321 291 1.000000
321 320 1.000000
321 322 -1.000000
321 351 1.000000
322 292 1.000000
322 321 -1.000000
322 323 -1.000000
322 352 1.000000
323 293 1.000000
323 322 -1.000000
323 324 -1.000000
323 353 1.000000
324 294 -1.000000
324 323 -1.000000
324 325 -1.000000
324 354 1.000000
325 295 1.000000
325 324 -1.000000
325 326 1.000000
325 355 1.000000
326 296 1.000000
326 325 1.000000
326 327 -1.000000
326 356 1.000000
327 297 1.000000
327 326 -1.000000
327 328 -1.000000
327 357 1.000000
328 298 1.000000
328 327 -1.000000
328 329 -1.000000
328 358 1.000000
329 299 1.000000
329 300 -1.000000
329 328 -1.000000
329 359 1.000000
330 300 -1.000000
330 331 -1.000000
330 359 1.000000
330 360 1.000000
331 301 1.000000
331 330 -1.000000
331 332 1.000000
331 361 1.000000
332 302 -1.000000
332 331 1.000000
332 333 -1.000000
332 362 -1.000000
333 303 -1.000000
333 332 -1.000000
333 334 1.000000
333 363 1.000000
334 304 1.000000
334 333 1.000000
334 335 -1.000000
334 364 1.000000
335 305 -1.000000
335 334 -1.000000
335 336 1.000000
335 365 1.000000
336 306 1.000000
336 335 1.000000
336 337 1.000000
336 366 1.000000
337 307 -1.000000
337 336 1.000000
337 338 -1.000000
337 367 1.000000
338 308 1.000000
338 337 -1.000000
338 339 -1.000000
338 368 -1.000000
339 309 1.000000
339 338 -1.000000
339 340 1.000000
339 369 1.000000
340 310 -1.000000
340 339 1.000000
340 341 1.000000
340 370 1.000000
341 311 -1.000000
341 340 1.000000
341 342 -1.000000
341 371 1.000000
342 312 1.000000
342 341 -1.000000
342 343 1.000000
342 372 -1.000000
343 313 1.000000
343 342 1.000000
343 344 -1.000000
343 373 1.000000
344 314 1.000000
344 343 -1.000000
344 345 1.000000
344 374 1.000000
345 315 -1.000000
345 344 1.000000
345 346 -1.000000
345 375 1.000000
346 316 1.000000
346 345 -1.000000
346 347 -1.000000
346 376 -1.000000
347 317 1.000000
347 346 -1.000000
347 348 1.000000
347 377 -1.000000
348 318 1.000000
348 347 1.000000
348 349 -1.000000
348 378 -1.000000
349 319 1.000000
349 348 -1.000000
349 350 1.000000
349 379 1.000000
350 320 1.000000
350 349 1.000000
350 351 -1.000000
350 380 -1.000000
351 321 1.000000
351 350 -1.000000
351 352 1.000000
351 381 1.000000
352 322 1.000000
352 351 1.000000
352 353 1.000000
352 382 1.000000
353 323 1.000000
353 352 1.000000
353 354 -1.000000
353 383 1.000000
354 324 1.000000
354 353 -1.000000
354 355 1.000000
354 384 -1.000000
355 325 1.000000
355 354 1.000000
355 356 1.000000
355 385 -1.000000
356 326 1.000000
356 355 1.000000
356 357 -1.000000
356 386 1.000000
357 327 1.000000
357 356 -1.000000
357 358 -1.000000
357 387 -1.000000
358 328 1.000000
358 357 -1.000000
358 359 1.000000
358 388 1.000000
359 329 1.000000
359 330 1.000000
359 358 1.000000
359 389 -1.000000
360 330 1.000000
360 361 1.000000
360 389 1.000000
360 390 1.000000
361 331 1.000000
361 360 1.000000
361 362 1.000000
361 391 1.000000
362 332 -1.000000
362 361 1.000000
362 363 1.000000
362 392 -1.000000
363 333 1.000000
363 362 1.000000
363 364 1.000000
363 393 1.000000
364 334 1.000000
364 363 1.000000
364 365 -1.000000
364 394 1.000000
365 335 1.000000
365 364 -1.000000
365 366 -1.000000
365 395 1.000000
366 336 1.000000
366 365 -1.000000
366 367 1.000000
366 396 -1.000000
367 337 1.000000
367 366 1.000000
367 368 1.000000
367 397 1.000000
368 338 -1.000000
368 367 1.000000
368 369 1.000000
368 398 1.000000
369 339 1.000000
369 368 1.000000
369 370 1.000000
369 399 1.000000
370 340 1.000000
370 369 1.000000
370 371 -1.000000
370 400 1.000000
371 341 1.000000
371 370 -1.000000
371 372 1.000000
371 401 -1.000000
372 342 -1.000000
372 371 1.000000
372 373 -1.000000
372 402 1.000000
373 343 1.000000
373 372 -1.000000
373 374 1.000000
373 403 -1.000000
374 344 1.000000
374 373 1.000000
374 375 1.000000
374 404 1.000000
375 345 1.000000
375 374 1.000000
375 376 -1.000000
375 405 1.000000
376 346 -1.000000
376 375 -1.000000
376 377 -1.000000
376 406 1.000000
377 347 -1.000000
377 376 -1.000000
377 378 -1.000000
377 407 -1.000000
378 348 -1.000000
378 377 -1.000000
378 379 1.000000
378 408 -1.000000
379 349 1.000000
379 378 1.000000
379 380 1.000000
379 409 1.000000
380 350 -1.000000
380 379 1.000000
380 381 1.000000
380 410 1.000000
381 351 1.000000
381 380 1.000000
381 382 1.000000
381 411 1.000000
382 352 1.000000
382 381 1.000000
382 383 1.000000
382 412 -1.000000
383 353 1.000000
383 382 1.000000
383 384 1.000000
383 413 1.000000
384 354 -1.000000
384 383 1.000000
384 385 1.000000
384 414 1.000000
385 355 -1.000000
385 384 1.000000
385 386 -1.000000
385 415 1.000000
386 356 1.000000
386 385 -1.000000
386 387 1.000000
386 416 1.000000
387 357 -1.000000
387 386 1.000000
387 388 1.000000
387 417 -1.000000
388 358 1.000000
388 387 1.000000
388 389 1.000000
388 418 1.000000
389 359 -1.000000
389 360 1.000000
389 388 1.000000
389 419 1.000000
390 360 1.000000
390 391 -1.000000
390 419 1.000000
390 420 1.000000
391 361 1.000000
391 390 -1.000000
391 392 1.000000
391 421 -1.000000
392 362 -1.000000
392 391 1.000000
392 393 -1.000000
392 422 -1.000000
393 363 1.000000
393 392 -1.000000
393 394 1.000000
393 423 1.000000
394 364 1.000000
394 393 1.000000
394 395 1.000000
394 424 1.000000
395 365 1.000000
395 394 1.000000
395 396 1.000000
395 425 1.000000
396 366 -1.000000
396 395 1.000000
396 397 1.000000
396 426 1.000000
397 367 1.000000
397 396 1.000000
397 398 -1.000000
397 427 -1.000000
398 368 1.000000
398 397 -1.000000
398 399 -1.000000
398 428 1.000000
399 369 1.000000
399 398 -1.000000
399 400 1.000000
399 429 1.000000
400 370 1.000000
400 399 1.000000
400 401 -1.000000
400 430 -1.000000
401 371 -1.000000
401 400 -1.000000
401 402 1.000000
401 431 -1.000000
402 372 1.000000
402 401 1.000000
402 403 1.000000
402 432 1.000000
403 373 -1.000000
403 402 1.000000
403 404 -1.000000
403 433 -1.000000
404 374 1.000000
404 403 -1.000000
404 405 1.000000
404 434 1.000000
405 375 1.000000
405 404 1.000000
405 406 1.000000
405 435 1.000000
406 376 1.000000
406 405 1.000000
406 407 -1.000000
406 436 1.000000
407 377 -1.000000
407 406 -1.000000
407 408 1.000000
407 437 1.000000
408 378 -1.000000
408 407 1.000000
408 409 1.000000
408 438 -1.000000
409 379 1.000000
409 408 1.000000
409 410 1.000000
409 439 1.000000
410 380 1.000000
410 409 1.000000
410 411 -1.000000
410 440 -1.000000
411 381 1.000000
411 410 -1.000000
411 412 1.000000
411 441 1.000000
412 382 -1.000000
412 411 1.000000
412 413 1.000000
412 442 1.000000
413 383 1.000000
413 412 1.000000
413 414 -1.000000
413 443 1.000000
414 384 1.000000
414 413 -1.000000
414 415 -1.000000
414 444 1.000000
415 385 1.000000
415 414 -1.000000
415 416 1.000000
415 445 -1.000000
416 386 1.000000
416 415 1.000000
416 417 1.000000
416 446 1.000000
417 387 -1.000000
417 416 1.000000
417 418 1.000000
417 447 -1.000000
418 388 1.000000
418 417 1.000000
418 419 1.000000
418 448 1.000000
419 389 1.000000
419 390 1.000000
419 418 1.000000
419 449 1.000000
420 390 1.000000
420 421 -1.000000
420 449 -1.000000
420 450 -1.000000
421 391 -1.000000
421 420 -1.000000
421 422 1.000000
421 451 1.000000
422 392 -1.000000
422 421 1.000000
422 423 -1.000000
422 452 -1.000000
423 393 1.000000
423 422 -1.000000
423 424 -1.000000
423 453 1.000000
424 394 1.000000
424 423 -1.000000
424 425 -1.000000
424 454 1.000000
425 395 1.000000
425 424 -1.000000
425 426 1.000000
425 455 1.000000
426 396 1.000000
426 425 1.000000
426 427 1.000000
426 456 1.000000
427 397 -1.000000
427 426 1.000000
427 428 1.000000
427 457 1.000000
428 398 1.000000
428 427 1.000000
428 429 1.000000
428 458 1.000000
429 399 1.000000
429 428 1.000000
429 430 1.000000
429 459 1.000000
430 400 -1.000000
430 429 1.000000
430 431 1.000000
430 460 1.000000
431 401 -1.000000
431 430 1.000000
431 432 -1.000000
431 461 1.000000
432 402 1.000000
432 431 -1.000000
432 433 -1.000000
432 462 1.000000
433 403 -1.000000
433 432 -1.000000
433 434 1.000000
433 463 1.000000
434 404 1.000000
434 433 1.000000
434 435 -1.000000
434 464 -1.000000
435 405 1.000000
435 434 -1.000000
435 436 1.000000
435 465 -1.000000
436 406 1.000000
436 435 1.000000
436 437 1.000000
436 466 1.000000
437 407 1.000000
437 436 1.000000
437 438 -1.000000
437 467 1.000000
438 408 -1.000000
438 437 -1.000000
438 439 1.000000
438 468 -1.000000
439 409 1.000000
439 438 1.000000
439 440 1.000000
439 469 1.000000
440 410 -1.000000
440 439 1.000000
440 441 1.000000
440 470 1.000000
441 411 1.000000
441 440 1.000000
441 442 -1.000000
441 471 1.000000
442 412 1.000000
442 441 -1.000000
442 443 -1.000000
442 472 -1.000000
443 413 1.000000
443 442 -1.000000
443 444 1.000000
443 473 1.000000
444 414 1.000000
444 443 1.000000
444 445 -1.000000
444 474 1.000000
445 415 -1.000000
445 444 -1.000000
445 446 -1.000000
445 475 1.000000
446 416 1.000000
446 445 -1.000000
446 447 1.000000
446 476 1.000000
447 417 -1.000000
447 446 1.000000
447 448 1.000000
447 477 1.000000
448 418 1.000000
448 447 1.000000
448 449 -1.000000
448 478 1.000000
449 419 1.000000
449 420 -1.000000
449 448 -1.000000
449 479 1.000000
450 420 -1.000000
450 451 1.000000
450 479 1.000000
450 480 -1.000000
451 421 1.000000
451 450 1.000000
451 452 1.000000
451 481 -1.000000
452 422 -1.000000
452 451 1.000000
452 453 -1.000000
452 482 1.000000
453 423 1.000000
453 452 -1.000000
453 454 1.000000
453 483 -1.000000
454 424 1.000000
454 453 1.000000
454 455 1.000000
454 484 1.000000
455 425 1.000000
455 454 1.000000
455 456 1.000000
455 485 -1.000000
456 426 1.000000
456 455 1.000000
456 457 -1.000000
456 486 1.000000
457 427 1.000000
457 456 -1.000000
457 458 -1.000000
457 487 -1.000000
458 428 1.000000
458 457 -1.000000
458 459 -1.000000
458 488 -1.000000
459 429 1.000000
459 458 -1.000000
459 460 1.000000
459 489 1.000000
460 430 1.000000
460 459 1.000000
460 461 1.000000
460 490 1.000000
461 431 1.000000
461 460 1.000000
461 462 -1.000000
461 491 -1.000000
462 432 1.000000
462 461 -1.000000
462 463 -1.000000
462 492 1.000000
463 433 1.000000
463 462 -1.000000
463 464 -1.000000
463 493 1.000000
464 434 -1.000000
464 463 -1.000000
464 465 -1.000000
464 494 1.000000
465 435 -1.000000
465 464 -1.000000
465 466 -1.000000
465 495 1.000000
466 436 1.000000
466 465 -1.000000
466 467 1.000000
466 496 -1.000000
467 437 1.000000
467 466 1.000000
467 468 1.000000
467 497 1.000000
468 438 -1.000000
468 467 1.000000
468 469 1.000000
468 498 -1.000000
469 439 1.000000
469 468 1.000000
469 470 -1.000000
469 499 1.000000
470 440 1.000000
470 469 -1.000000
470 471 1.000000
470 500 1.000000
471 441 1.000000
471 470 1.000000
471 472 1.000000
471 501 1.000000
472 442 -1.000000
472 471 1.000000
472 473 1.000000
472 502 1.000000
473 443 1.000000
473 472 1.000000
473 474 -1.000000
473 503 1.000000
474 444 1.000000
474 473 -1.000000
474 475 -1.000000
474 504 1.000000
475 445 1.000000
475 474 -1.000000
475 476 -1.000000
475 505 1.000000
476 446 1.000000
476 475 -1.000000
476 477 -1.000000
476 506 -1.000000
477 447 1.000000
477 476 -1.000000
477 478 1.000000
477 507 -1.000000
478 448 1.000000
478 477 1.000000
478 479 -1.000000
478 508 -1.000000
479 449 1.000000
479 450 1.000000
479 478 -1.000000
479 509 1.000000
480 450 -1.000000
480 481 1.000000
480 509 1.000000
480 510 -1.000000
481 451 -1.000000
481 480 1.000000
481 482 1.000000
481 511 1.000000
482 452 1.000000
482 481 1.000000
482 483 1.000000
482 512 1.000000
483 453 -1.000000
483 482 1.000000
483 484 1.000000
483 513 -1.000000
484 454 1.000000
484 483 1.000000
484 485 1.000000
484 514 -1.000000
485 455 -1.000000
485 484 1.000000
485 486 -1.000000
485 515 -1.000000
486 456 1.000000
486 485 -1.000000
486 487 1.000000
486 516 -1.000000
487 457 -1.000000
487 486 1.000000
487 488 -1.000000
487 517 -1.000000
488 458 -1.000000
488 487 -1.000000
488 489 -1.000000
488 518 1.000000
489 459 1.000000
489 488 -1.000000
489 490 -1.000000
489 519 -1.000000
490 460 1.000000
490 489 -1.000000
490 491 1.000000
490 520 -1.000000
491 461 -1.000000
491 490 1.000000
491 492 -1.000000
491 521 -1.000000
492 462 1.000000
492 491 -1.000000
492 493 1.000000
492 522 1.000000
493 463 1.000000
493 492 1.000000
493 494 -1.000000
493 523 -1.000000
494 464 1.000000
494 493 -1.000000
494 495 1.000000
494 524 -1.000000
495 465 1.000000
495 494 1.000000
495 496 1.000000
495 525 1.000000
496 466 -1.000000
496 495 1.000000
496 497 -1.000000
496 526 -1.000000
497 467 1.000000
497 496 -1.000000
497 498 1.000000
497 527 -1.000000
498 468 -1.000000
498 497 1.000000
498 499 1.000000
498 528 -1.000000
499 469 1.000000
499 498 1.000000
499 500 1.000000
499 529 1.000000
500 470 1.000000
500 499 1.000000
500 501 1.000000
500 530 1.000000
501 471 1.000000
501 500 1.000000
501 502 1.000000
501 531 -1.000000
502 472 1.000000
502 501 1.000000
502 503 1.000000
502 532 1.000000
503 473 1.000000
503 502 1.000000
503 504 1.000000
503 533 1.000000
504 474 1.000000
504 503 1.000000
504 505 -1.000000
504 534 1.000000
505 475 1.000000
505 504 -1.000000
505 506 1.000000
505 535 -1.000000
506 476 -1.000000
506 505 1.000000
506 507 1.000000
506 536 1.000000
507 477 -1.000000
507 506 1.000000
507 508 1.000000
507 537 -1.000000
508 478 -1.000000
508 507 1.000000
508 509 -1.000000
508 538 1.000000
509 479 1.000000
509 480 1.000000
509 508 -1.000000
509 539 -1.000000
510 480 -1.000000
510 511 1.000000
510 539 1.000000
510 540 1.000000
511 481 1.000000
511 510 1.000000
511 512 1.000000
511 541 -1.000000
512 482 1.000000
512 511 1.000000
512 513 1.000000
512 542 1.000000
513 483 -1.000000
513 512 1.000000
513 514 1.000000
513 543 1.000000
514 484 -1.000000
514 513 1.000000
514 515 -1.000000
514 544 1.000000
515 485 -1.000000
515 514 -1.000000
515 516 1.000000
515 545 -1.000000
516 486 -1.000000
516 515 1.000000
516 517 1.000000
516 546 1.000000
517 487 -1.000000
517 516 1.000000
517 518 1.000000
517 547 -1.000000
518 488 1.000000
518 517 1.000000
518 519 1.000000
518 548 -1.000000
519 489 -1.000000
519 518 1.000000
519 520 1.000000
519 549 1.000000
520 490 -1.000000
520 519 1.000000
520 521 1.000000
520 550 1.000000
521 491 -1.000000
521 520 1.000000
521 522 -1.000000
521 551 -1.000000
522 492 1.000000
522 521 -1.000000
522 523 1.000000
522 552 -1.000000
523 493 -1.000000
523 522 1.000000
523 524 1.000000
523 553 1.000000
524 494 -1.000000
524 523 1.000000
524 525 -1.000000
524 554 1.000000
525 495 1.000000
525 524 -1.000000
525 526 1.000000
525 555 1.000000
526 496 -1.000000
526 525 1.000000
526 527 -1.000000
526 556 -1.000000
527 497 -1.000000
527 526 -1.000000
527 528 1.000000
527 557 1.000000
528 498 -1.000000
528 527 1.000000
528 529 1.000000
528 558 1.000000
529 499 1.000000
529 528 1.000000
529 530 1.000000
529 559 -1.000000
530 500 1.000000
530 529 1.000000
530 531 -1.000000
530 560 1.000000
531 501 -1.000000
531 530 -1.000000
531 532 -1.000000
531 561 -1.000000
532 502 1.000000
532 531 -1.000000
532 533 -1.000000
532 562 -1.000000
533 503 1.000000
533 532 -1.000000
533 534 1.000000
533 563 -1.000000
534 504 1.000000
534 533 1.000000
534 535 1.000000
534 564 1.000000
535 505 -1.000000
535 534 1.000000
535 536 -1.000000
535 565 1.000000
536 506 1.000000
536 535 -1.000000
536 537 -1.000000
536 566 -1.000000
537 507 -1.000000
537 536 -1.000000
537 538 -1.000000
537 567 -1.000000
538 508 1.000000
538 537 -1.000000
538 539 -1.000000
538 568 1.000000
539 509 -1.000000
539 510 1.000000
539 538 -1.000000
539 569 1.000000
540 510 1.000000
540 541 1.000000
540 569 1.000000
540 570 1.000000
541 511 -1.000000
541 540 1.000000
541 542 -1.000000
541 571 1.000000
542 512 1.000000
542 541 -1.000000
542 543 1.000000
542 572 1.000000
543 513 1.000000
543 542 1.000000
543 544 -1.000000
543 573 -1.000000
544 514 1.000000
544 543 -1.000000
544 545 -1.000000
544 574 1.000000
545 515 -1.000000
545 544 -1.000000
545 546 -1.000000
545 575 -1.000000
546 516 1.000000
546 545 -1.000000
546 547 1.000000
546 576 1.000000
547 517 -1.000000
547 546 1.000000
547 548 -1.000000
547 577 -1.000000
548 518 -1.000000
548 547 -1.000000
548 549 -1.000000
548 578 1.000000
549 519 1.000000
549 548 -1.000000
549 550 1.000000
549 579 -1.000000
550 520 1.000000
550 549 1.000000
550 551 1.000000
550 580 -1.000000
551 521 -1.000000
551 550 1.000000
551 552 1.000000
551 581 -1.000000
552 522 -1.000000
552 551 1.000000
552 553 -1.000000
552 582 1.000000
553 523 1.000000
553 552 -1.000000
553 554 1.000000
553 583 1.000000
554 524 1.000000
554 553 1.000000
554 555 1.000000
554 584 1.000000
555 525 1.000000
555 554 1.000000
555 556 1.000000
555 585 1.000000
556 526 -1.000000
556 555 1.000000
556 557 1.000000
556 586 1.000000
557 527 1.000000
557 556 1.000000
557 558 1.000000
557 587 -1.000000
558 528 1.000000
558 557 1.000000
558 559 1.000000
558 588 1.000000
559 529 -1.000000
559 558 1.000000
559 560 -1.000000
559 589 1.000000
560 530 1.000000
560 559 -1.000000
560 561 -1.000000
560 590 -1.000000
561 531 -1.000000
561 560 -1.000000
561 562 1.000000
561 591 1.000000
562 532 -1.000000
562 561 1.000000
562 563 1.000000
562 592 -1.000000
563 533 -1.000000
563 562 1.000000
563 564 1.000000
563 593 1.000000
564 534 1.000000
564 563 1.000000
564 565 1.000000
564 594 1.000000
565 535 1.000000
565 564 1.000000
565 566 1.000000
565 595 -1.000000
566 536 -1.000000
566 565 1.000000
566 567 1.000000
566 596 -1.000000
567 537 -1.000000
567 566 1.000000
567 568 -1.000000
567 597 -1.000000
568 538 1.000000
568 567 -1.000000
568 569 1.000000
568 598 1.000000
569 539 1.000000
569 540 1.000000
569 568 1.000000
569 599 1.000000
570 540 1.000000
570 571 1.000000
570 599 1.000000
570 600 1.000000
571 541 1.000000
571 570 1.000000
571 572 1.000000
571 601 -1.000000
572 542 1.000000
572 571 1.000000
572 573 -1.000000
572 602 1.000000
573 543 -1.000000
573 572 -1.000000
573 574 -1.000000
573 603 1.000000
574 544 1.000000
574 573 -1.000000
574 575 -1.000000
574 604 -1.000000
575 545 -1.000000
575 574 -1.000000
575 576 1.000000
575 605 1.000000
576 546 1.000000
576 575 1.000000
576 577 -1.000000
576 606 -1.000000
577 547 -1.000000
577 576 -1.000000
577 578 1.000000
577 607 1.000000
578 548 1.000000
578 577 1.000000
578 579 1.000000
578 608 1.000000
579 549 -1.000000
579 578 1.000000
579 580 -1.000000
579 609 1.000000
580 550 -1.000000
580 579 -1.000000
580 581 1.000000
580 610 1.000000
581 551 -1.000000
581 580 1.000000
581 582 -1.000000
581 611 1.000000
582 552 1.000000
582 581 -1.000000
582 583 1.000000
582 612 -1.000000
583 553 1.000000
583 582 1.000000
583 584 -1.000000
583 613 -1.000000
584 554 1.000000
584 583 -1.000000
584 585 1.000000
584 614 1.000000
585 555 1.000000
585 584 1.000000
585 586 1.000000
585 615 -1.000000
586 556 1.000000
586 585 1.000000
586 587 1.000000
586 616 1.000000
587 557 -1.000000
587 586 1.000000
587 588 1.000000
587 617 1.000000
588 558 1.000000
588 587 1.000000
588 589 1.000000
588 618 1.000000
589 559 1.000000
589 588 1.000000
589 590 1.000000
589 619 1.000000
590 560 -1.000000
590 589 1.000000
590 591 -1.000000
590 620 1.000000
591 561 1.000000
591 590 -1.000000
591 592 1.000000
591 621 1.000000
592 562 -1.000000
592 591 1.000000
592 593 1.000000
592 622 1.000000
593 563 1.000000
593 592 1.000000
593 594 1.000000
593 623 1.000000
594 564 1.000000
594 593 1.000000
594 595 1.000000
594 624 1.000000
595 565 -1.000000
595 594 1.000000
595 596 -1.000000
595 625 -1.000000
596 566 -1.000000
596 595 -1.000000
596 597 -1.000000
596 626 1.000000
597 567 -1.000000
597 596 -1.000000
597 598 1.000000
597 627 -1.000000
598 568 1.000000
598 597 1.000000
598 599 1.000000
598 628 1.000000
599 569 1.000000
599 570 1.000000
599 598 1.000000
599 629 -1.000000
600 570 1.000000
600 601 1.000000
600 629 1.000000
600 630 1.000000
601 571 -1.000000
601 600 1.000000
601 602 -1.000000
601 631 -1.000000
602 572 1.000000
602 601 -1.000000
602 603 1.000000
602 632 1.000000
603 573 1.000000
603 602 1.000000
603 604 -1.000000
603 633 1.000000
604 574 -1.000000
604 603 -1.000000
604 605 -1.000000
604 634 1.000000
605 575 1.000000
605 604 -1.000000
605 606 1.000000
605 635 1.000000
606 576 -1.000000
606 605 1.000000
606 607 1.000000
606 636 1.000000
607 577 1.000000
607 606 1.000000
607 608 1.000000
607 637 -1.000000
608 578 1.000000
608 607 1.000000
608 609 1.000000
608 638 1.000000
609 579 1.000000
609 608 1.000000
609 610 1.000000
609 639 1.000000
610 580 1.000000
610 609 1.000000
610 611 -1.000000
610 640 1.000000
611 581 1.000000
611 610 -1.000000
611 612 -1.000000
611 641 1.000000
612 582 -1.000000
612 611 -1.000000
612 613 1.000000
612 642 -1.000000
613 583 -1.000000
613 612 1.000000
613 614 1.000000
613 643 1.000000
614 584 1.000000
614 613 1.000000
614 615 1.000000
614 644 1.000000
615 585 -1.000000
615 614 1.000000
615 616 1.000000
615 645 -1.000000
616 586 1.000000
616 615 1.000000
616 617 1.000000
616 646 1.000000
617 587 1.000000
617 616 1.000000
617 618 1.000000
617 647 -1.000000
618 588 1.000000
618 617 1.000000
618 619 1.000000
618 648 -1.000000
619 589 1.000000
619 618 1.000000
619 620 1.000000
619 649 1.000000
620 590 1.000000
620 619 1.000000
620 621 1.000000
620 650 -1.000000
621 591 1.000000
621 620 1.000000
621 622 1.000000
621 651 -1.000000
622 592 1.000000
622 621 1.000000
622 623 1.000000
622 652 1.000000
623 593 1.000000
623 622 1.000000
623 624 1.000000
623 653 1.000000
624 594 1.000000
624 623 1.000000
624 625 -1.000000
624 654 1.000000
625 595 -1.000000
625 624 -1.000000
625 626 -1.000000
625 655 1.000000
626 596 1.000000
626 625 -1.000000
626 627 1.000000
626 656 1.000000
627 597 -1.000000
627 626 1.000000
627 628 1.000000
627 657 1.000000
628 598 1.000000
628 627 1.000000
628 629 1.000000
628 658 1.000000
629 599 -1.000000
629 600 1.000000
629 628 1.000000
629 659 -1.000000
630 600 1.000000
630 631 1.000000
630 659 1.000000
630 660 1.000000
631 601 -1.000000
631 630 1.000000
631 632 1.000000
631 661 -1.000000
632 602 1.000000
632 631 1.000000
632 633 1.000000
632 662 1.000000
633 603 1.000000
633 632 1.000000
633 634 -1.000000
633 663 -1.000000
634 604 1.000000
634 633 -1.000000
634 635 1.000000
634 664 1.000000
635 605 1.000000
635 634 1.000000
635 636 1.000000
635 665 -1.000000
636 606 1.000000
636 635 1.000000
636 637 1.000000
636 666 1.000000
637 607 -1.000000
637 636 1.000000
637 638 1.000000
637 667 1.000000
638 608 1.000000
638 637 1.000000
638 639 1.000000
638 668 1.000000
639 609 1.000000
639 638 1.000000
639 640 -1.000000
639 669 1.000000
640 610 1.000000
640 639 -1.000000
640 641 1.000000
640 670 1.000000
641 611 1.000000
641 640 1.000000
641 642 1.000000
641 671 1.000000
642 612 -1.000000
642 641 1.000000
642 643 -1.000000
642 672 -1.000000
643 613 1.000000
643 642 -1.000000
643 644 1.000000
643 673 1.000000
644 614 1.000000
644 643 1.000000
644 645 1.000000
644 674 -1.000000
645 615 -1.000000
645 644 1.000000
645 646 1.000000
645 675 1.000000
646 616 1.000000
646 645 1.000000
646 647 1.000000
646 676 1.000000
647 617 -1.000000
647 646 1.000000
647 648 1.000000
647 677 1.000000
648 618 -1.000000
648 647 1.000000
648 649 1.000000
648 678 1.000000
649 619 1.000000
649 648 1.000000
649 650 1.000000
649 679 1.000000
650 620 -1.000000
650 649 1.000000
650 651 1.000000
650 680 1.000000
651 621 -1.000000
651 650 1.000000
651 652 1.000000
651 681 1.000000
652 622 1.000000
652 651 1.000000
652 653 1.000000
652 682 1.000000
653 623 1.000000
653 652 1.000000
653 654 1.000000
653 683 1.000000
654 624 1.000000
654 653 1.000000
654 655 1.000000
654 684 -1.000000
655 625 1.000000
655 654 1.000000
655 656 -1.000000
655 685 1.000000
656 626 1.000000
656 655 -1.000000
656 657 -1.000000
656 686 1.000000
657 627 1.000000
657 656 -1.000000
657 658 -1.000000
657 687 1.000000
658 628 1.000000
658 657 -1.000000
658 659 -1.000000
658 688 -1.000000
659 629 -1.000000
659 630 1.000000
659 658 -1.000000
659 689 1.000000
660 630 1.000000
660 661 1.000000
660 689 1.000000
660 690 1.000000
661 631 -1.000000
661 660 1.000000
661 662 -1.000000
661 691 1.000000
662 632 1.000000
662 661 -1.000000
662 663 1.000000
662 692 1.000000
663 633 -1.000000
663 662 1.000000
663 664 1.000000
663 693 -1.000000
664 634 1.000000
664 663 1.000000
664 665 1.000000
664 694 1.000000
665 635 -1.000000
665 664 1.000000
665 666 1.000000
665 695 1.000000
666 636 1.000000
666 665 1.000000
666 667 1.000000
666 696 -1.000000
667 637 1.000000
667 666 1.000000
667 668 1.000000
667 697 1.000000
668 638 1.000000
668 667 1.000000
668 669 1.000000
668 698 -1.000000
669 639 1.000000
669 668 1.000000
669 670 -1.000000
669 699 1.000000
670 640 1.000000
670 669 -1.000000
670 671 1.000000
670 700 -1.000000
671 641 1.000000
671 670 1.000000
671 672 1.000000
671 701 1.000000
672 642 -1.000000
672 671 1.000000
672 673 1.000000
672 702 1.000000
673 643 1.000000
673 672 1.000000
673 674 1.000000
673 703 1.000000
674 644 -1.000000
674 673 1.000000
674 675 1.000000
674 704 1.000000
675 645 1.000000
675 674 1.000000
675 676 -1.000000
675 705 1.000000
676 646 1.000000
676 675 -1.000000
676 677 1.000000
676 706 1.000000
677 647 1.000000
677 676 1.000000
677 678 -1.000000
677 707 1.000000
678 648 1.000000
678 677 -1.000000
678 679 1.000000
678 708 -1.000000
679 649 1.000000
679 678 1.000000
679 680 1.000000
679 709 1.000000
680 650 1.000000
680 679 1.000000
680 681 1.000000
680 710 -1.000000
681 651 1.000000
681 680 1.000000
681 682 -1.000000
681 711 1.000000
682 652 1.000000
682 681 -1.000000
682 683 -1.000000
682 712 -1.000000
683 653 1.000000
683 682 -1.000000
683 684 1.000000
683 713 1.000000
684 654 -1.000000
684 683 1.000000
684 685 1.000000
684 714 -1.000000
685 655 1.000000
685 684 1.000000
685 686 1.000000
685 715 1.000000
686 656 1.000000
686 685 1.000000
686 687 1.000000
686 716 1.000000
687 657 1.000000
687 686 1.000000
687 688 1.000000
687 717 -1.000000
688 658 -1.000000
688 687 1.000000
688 689 1.000000
688 718 1.000000
689 659 1.000000
689 660 1.000000
689 688 1.000000
689 719 -1.000000
690 660 1.000000
690 691 1.000000
690 719 -1.000000
690 720 1.000000
691 661 1.000000
691 690 1.000000
691 692 -1.000000
691 721 1.000000
692 662 1.000000
692 691 -1.000000
692 693 1.000000
692 722 1.000000
693 663 -1.000000
693 692 1.000000
693 694 1.000000
693 723 -1.000000
694 664 1.000000
694 693 1.000000
694 695 -1.000000
694 724 1.000000
695 665 1.000000
695 694 -1.000000
695 696 1.000000
695 725 -1.000000
696 666 -1.000000
696 695 1.000000
696 697 -1.000000
696 726 1.000000
697 667 1.000000
697 696 -1.000000
697 698 1.000000
697 727 1.000000
698 668 -1.000000
698 697 1.000000
698 699 1.000000
698 728 1.000000
699 669 1.000000
699 698 1.000000
699 700 -1.000000
699 729 1.000000
700 670 -1.000000
700 699 -1.000000
700 701 1.000000
700 730 1.000000
701 671 1.000000
701 700 1.000000
701 702 -1.000000
701 731 -1.000000
702 672 1.000000
702 701 -1.000000
702 703 -1.000000
702 732 1.000000
703 673 1.000000
703 702 -1.000000
703 704 -1.000000
703 733 -1.000000
704 674 1.000000
704 703 -1.000000
704 705 -1.000000
704 734 -1.000000
705 675 1.000000
705 704 -1.000000
705 706 1.000000
705 735 1.000000
706 676 1.000000
706 705 1.000000
706 707 1.000000
706 736 1.000000
707 677 1.000000
707 706 1.000000
707 708 1.000000
707 737 -1.000000
708 678 -1.000000
708 707 1.000000
708 709 -1.000000
708 738 1.000000
709 679 1.000000
709 708 -1.000000
709 710 1.000000
709 739 -1.000000
710 680 -1.000000
710 709 1.000000
710 711 1.000000
710 740 -1.000000
711 681 1.000000
711 710 1.000000
711 712 1.000000
711 741 1.000000
712 682 -1.000000
712 711 1.000000
712 713 1.000000
712 742 -1.000000
713 683 1.000000
713 712 1.000000
713 714 1.000000
713 743 1.000000
714 684 -1.000000
714 713 1.000000
714 715 1.000000
714 744 1.000000
715 685 1.000000
715 714 1.000000
715 716 -1.000000
715 745 1.000000
716 686 1.000000
716 715 -1.000000
716 717 1.000000
716 746 1.000000
717 687 -1.000000
717 716 1.000000
717 718 1.000000
717 747 -1.000000
718 688 1.000000
718 717 1.000000
718 719 -1.000000
718 748 1.000000
719 689 -1.000000
719 690 -1.000000
719 718 -1.000000
719 749 1.000000
720 690 1.000000
720 721 -1.000000
720 749 -1.000000
720 750 1.000000
721 691 1.000000
721 720 -1.000000
721 722 1.000000
721 751 -1.000000
722 692 1.000000
722 721 1.000000
722 723 1.000000
722 752 1.000000
723 693 -1.000000
723 722 1.000000
723 724 1.000000
723 753 -1.000000
724 694 1.000000
724 723 1.000000
724 725 -1.000000
724 754 1.000000
725 695 -1.000000
725 724 -1.000000
725 726 1.000000
725 755 1.000000
726 696 1.000000
726 725 1.000000
726 727 -1.000000
726 756 -1.000000
727 697 1.000000
727 726 -1.000000
727 728 1.000000
727 757 -1.000000
728 698 1.000000
728 727 1.000000
728 729 1.000000
728 758 1.000000
729 699 1.000000
729 728 1.000000
729 730 -1.000000
729 759 -1.000000
730 700 1.000000
730 729 -1.000000
730 731 1.000000
730 760 -1.000000
731 701 -1.000000
731 730 1.000000
731 732 -1.000000
731 761 1.000000
732 702 1.000000
732 731 -1.000000
732 733 1.000000
732 762 1.000000
733 703 -1.000000
733 732 1.000000
733 734 1.000000
733 763 1.000000
734 704 -1.000000
734 733 1.000000
734 735 1.000000
734 764 1.000000
735 705 1.000000
735 734 1.000000
735 736 -1.000000
735 765 1.000000
736 706 1.000000
736 735 -1.000000
736 737 1.000000
736 766 1.000000
737 707 -1.000000
737 736 1.000000
737 738 1.000000
737 767 -1.000000
738 708 1.000000
738 737 1.000000
738 739 1.000000
738 768 -1.000000
739 709 -1.000000
739 738 1.000000
739 740 1.000000
739 769 1.000000
740 710 -1.000000
740 739 1.000000
740 741 1.000000
740 770 1.000000
741 711 1.000000
741 740 1.000000
741 742 -1.000000
741 771 -1.000000
742 712 -1.000000
742 741 -1.000000
742 743 1.000000
742 772 -1.000000
743 713 1.000000
743 742 1.000000
743 744 1.000000
743 773 1.000000
744 714 1.000000
744 743 1.000000
744 745 1.000000
744 774 1.000000
745 715 1.000000
745 744 1.000000
745 746 -1.000000
745 775 -1.000000
746 716 1.000000
746 745 -1.000000
746 747 1.000000
746 776 1.000000
747 717 -1.000000
747 746 1.000000
747 748 -1.000000
747 777 -1.000000
748 718 1.000000
748 747 -1.000000
748 749 1.000000
748 778 1.000000
749 719 1.000000
749 720 -1.000000
749 748 1.000000
749 779 1.000000
750 720 1.000000
750 751 1.000000
750 779 1.000000
750 780 1.000000
751 721 -1.000000
751 750 1.000000
751 752 1.000000
751 781 1.000000
752 722 1.000000
752 751 1.000000
752 753 1.000000
752 782 1.000000
753 723 -1.000000
753 752 1.000000
753 754 -1.000000
753 783 -1.000000
754 724 1.000000
754 753 -1.000000
754 755 -1.000000
754 784 -1.000000
755 725 1.000000
755 754 -1.000000
755 756 1.000000
755 785 -1.000000
756 726 -1.000000
756 755 1.000000
756 757 -1.000000
756 786 1.000000
757 727 -1.000000
757 756 -1.000000
757 758 1.000000
757 787 1.000000
758 728 1.000000
758 757 1.000000
758 759 -1.000000
758 788 1.000000
759 729 -1.000000
759 758 -1.000000
759 760 -1.000000
759 789 1.000000
760 730 -1.000000
760 759 -1.000000
760 761 1.000000
760 790 -1.000000
761 731 1.000000
761 760 1.000000
761 762 -1.000000
761 791 -1.000000
762 732 1.000000
762 761 -1.000000
762 763 -1.000000
762 792 -1.000000
763 733 1.000000
763 762 -1.000000
763 764 1.000000
763 793 1.000000
764 734 1.000000
764 763 1.000000
764 765 -1.000000
764 794 1.000000
765 735 1.000000
765 764 -1.000000
765 766 1.000000
765 795 -1.000000
766 736 1.000000
766 765 1.000000
766 767 1.000000
766 796 1.000000
767 737 -1.000000
767 766 1.000000
767 768 1.000000
767 797 1.000000
768 738 -1.000000
768 767 1.000000
768 769 1.000000
768 798 1.000000
769 739 1.000000
769 768 1.000000
769 770 1.000000
769 799 1.000000
770 740 1.000000
770 769 1.000000
770 771 1.000000
770 800 1.000000
771 741 -1.000000
771 770 1.000000
771 772 -1.000000
771 801 1.000000
772 742 -1.000000
772 771 -1.000000
772 773 1.000000
772 802 -1.000000
773 743 1.000000
773 772 1.000000
773 774 1.000000
773 803 -1.000000
774 744 1.000000
774 773 1.000000
774 775 -1.000000
774 804 1.000000
775 745 -1.000000
775 774 -1.000000
775 776 -1.000000
775 805 1.000000
776 746 1.000000
776 775 -1.000000
776 777 1.000000
776 806 -1.000000
777 747 -1.000000
777 776 1.000000
777 778 1.000000
777 807 -1.000000
778 748 1.000000
778 777 1.000000
778 779 1.000000
778 808 1.000000
779 749 1.000000
779 750 1.000000
779 778 1.000000
779 809 -1.000000
780 750 1.000000
780 781 1.000000
780 809 1.000000
780 810 -1.000000
781 751 1.000000
781 780 1.000000
781 782 1.000000
781 811 1.000000
782 752 1.000000
782 781 1.000000
782 783 1.000000
782 812 -1.000000
783 753 -1.000000
783 782 1.000000
783 784 -1.000000
783 813 -1.000000
784 754 -1.000000
784 783 -1.000000
784 785 1.000000
784 814 -1.000000
785 755 -1.000000
785 784 1.000000
785 786 1.000000
785 815 -1.000000
786 756 1.000000
786 785 1.000000
786 787 1.000000
786 816 1.000000
787 757 1.000000
787 786 1.000000
787 788 -1.000000
787 817 1.000000
788 758 1.000000
788 787 -1.000000
788 789 -1.000000
788 818 1.000000
789 759 1.000000
789 788 -1.000000
789 790 1.000000
789 819 1.000000
790 760 -1.000000
790 789 1.000000
790 791 1.000000
790 820 1.000000
791 761 -1.000000
791 790 1.000000
791 792 -1.000000
791 821 1.000000
792 762 -1.000000
792 791 -1.000000
792 793 1.000000
792 822 -1.000000
793 763 1.000000
793 792 1.000000
793 794 1.000000
793 823 -1.000000
794 764 1.000000
794 793 1.000000
794 795 1.000000
794 824 -1.000000
795 765 -1.000000
795 794 1.000000
795 796 1.000000
795 825 1.000000
796 766 1.000000
796 795 1.000000
796 797 1.000000
796 826 1.000000
797 767 1.000000
797 796 1.000000
797 798 -1.000000
797 827 -1.000000
798 768 1.000000
798 797 -1.000000
798 799 1.000000
798 828 1.000000
799 769 1.000000
799 798 1.000000
799 800 1.000000
799 829 1.000000
800 770 1.000000
800 799 1.000000
800 801 1.000000
800 830 -1.000000
801 771 1.000000
801 800 1.000000
801 802 1.000000
801 831 -1.000000
802 772 -1.000000
802 801 1.000000
802 803 1.000000
802 832 1.000000
803 773 -1.000000
803 802 1.000000
803 804 -1.000000
803 833 -1.000000
804 774 1.000000
804 803 -1.000000
804 805 -1.000000
804 834 -1.000000
805 775 1.000000
805 804 -1.000000
805 806 1.000000
805 835 1.000000
806 776 -1.000000
806 805 1.000000
806 807 1.000000
806 836 1.000000
807 777 -1.000000
807 806 1.000000
807 808 -1.000000
807 837 1.000000
808 778 1.000000
808 807 -1.000000
808 809 1.000000
808 838 1.000000
809 779 -1.000000
809 780 1.000000
809 808 1.000000
809 839 1.000000
810 780 -1.000000
810 811 -1.000000
810 839 -1.000000
810 840 1.000000
811 781 1.000000
811 810 -1.000000
811 812 -1.000000
811 841 1.000000
812 782 -1.000000
812 811 -1.000000
812 813 1.000000
812 842 1.000000
813 783 -1.000000
813 812 1.000000
813 814 1.000000
813 843 -1.000000
814 784 -1.000000
814 813 1.000000
814 815 -1.000000
814 844 1.000000
815 785 -1.000000
815 814 -1.000000
815 816 1.000000
815 845 1.000000
816 786 1.000000
816 815 1.000000
816 817 -1.000000
816 846 1.000000
817 787 1.000000
817 816 -1.000000
817 818 1.000000
817 847 -1.000000
818 788 1.000000
818 817 1.000000
818 819 -1.000000
818 848 1.000000
819 789 1.000000
819 818 -1.000000
819 820 -1.000000
819 849 1.000000
820 790 1.000000
820 819 -1.000000
820 821 1.000000
820 850 1.000000
821 791 1.000000
821 820 1.000000
821 822 1.000000
821 851 -1.000000
822 792 -1.000000
822 821 1.000000
822 823 1.000000
822 852 1.000000
823 793 -1.000000
823 822 1.000000
823 824 1.000000
823 853 1.000000
824 794 -1.000000
824 823 1.000000
824 825 1.000000
824 854 1.000000
825 795 1.000000
825 824 1.000000
825 826 1.000000
825 855 1.000000
826 796 1.000000
826 825 1.000000
826 827 1.000000
826 856 -1.000000
827 797 -1.000000
827 826 1.000000
827 828 1.000000
827 857 1.000000
828 798 1.000000
828 827 1.000000
828 829 1.000000
828 858 1.000000
829 799 1.000000
829 828 1.000000
829 830 1.000000
829 859 -1.000000
830 800 -1.000000
830 829 1.000000
830 831 1.000000
830 860 -1.000000
831 801 -1.000000
831 830 1.000000
831 832 -1.000000
831 861 1.000000
832 802 1.000000
832 831 -1.000000
832 833 1.000000
832 862 1.000000
833 803 -1.000000
833 832 1.000000
833 834 -1.000000
833 863 1.000000
834 804 -1.000000
834 833 -1.000000
834 835 1.000000
834 864 1.000000
835 805 1.000000
835 834 1.000000
835 836 -1.000000
835 865 -1.000000
836 806 1.000000
836 835 -1.000000
836 837 -1.000000
836 866 -1.000000
837 807 1.000000
837 836 -1.000000
837 838 -1.000000
837 867 1.000000
838 808 1.000000
838 837 -1.000000
838 839 1.000000
838 868 1.000000
839 809 1.000000
839 810 -1.000000
839 838 1.000000
839 869 -1.000000
840 810 1.000000
840 841 1.000000
840 869 1.000000
840 870 -1.000000
841 811 1.000000
841 840 1.000000
841 842 1.000000
841 871 1.000000
842 812 1.000000
842 841 1.000000
842 843 -1.000000
842 872 -1.000000
843 813 -1.000000
843 842 -1.000000
843 844 1.000000
843 873 1.000000
844 814 1.000000
844 843 1.000000
844 845 1.000000
844 874 1.000000
845 815 1.000000
845 844 1.000000
845 846 1.000000
845 875 -1.000000
846 816 1.000000
846 845 1.000000
846 847 1.000000
846 876 1.000000
847 817 -1.000000
847 846 1.000000
847 848 -1.000000
847 877 1.000000
848 818 1.000000
848 847 -1.000000
848 849 1.000000
848 878 -1.000000
849 819 1.000000
849 848 1.000000
849 850 -1.000000
849 879 -1.000000
850 820 1.000000
850 849 -1.000000
850 851 1.000000
850 880 -1.000000
851 821 -1.000000
851 850 1.000000
851 852 -1.000000
851 881 1.000000
852 822 1.000000
852 851 -1.000000
852 853 -1.000000
852 882 1.000000
853 823 1.000000
853 852 -1.000000
853 854 -1.000000
853 883 1.000000
854 824 1.000000
854 853 -1.000000
854 855 1.000000
854 884 1.000000
855 825 1.000000
855 854 1.000000
855 856 1.000000
855 885 1.000000
856 826 -1.000000
856 855 1.000000
856 857 -1.000000
856 886 1.000000
857 827 1.000000
857 856 -1.000000
857 858 1.000000
857 887 -1.000000
858 828 1.000000
858 857 1.000000
858 859 1.000000
858 888 1.000000
859 829 -1.000000
859 858 1.000000
859 860 -1.000000
859 889 -1.000000
860 830 -1.000000
860 859 -1.000000
860 861 1.000000
860 890 1.000000
861 831 1.000000
861 860 1.000000
861 862 1.000000
861 891 1.000000
862 832 1.000000
862 861 1.000000
862 863 -1.000000
862 892 -1.000000
863 833 1.000000
863 862 -1.000000
863 864 -1.000000
863 893 1.000000
864 834 1.000000
864 863 -1.000000
864 865 -1.000000
864 894 -1.000000
865 835 -1.000000
865 864 -1.000000
865 866 1.000000
865 895 1.000000
866 836 -1.000000
866 865 1.000000
866 867 1.000000
866 896 1.000000
867 837 1.000000
867 866 1.000000
867 868 1.000000
867 897 1.000000
868 838 1.000000
868 867 1.000000
868 869 -1.000000
868 898 -1.000000
869 839 -1.000000
869 840 1.000000
869 868 -1.000000
869 899 1.000000
870 0 1.000000
870 840 -1.000000
870 871 -1.000000
870 899 -1.000000
871 1 1.000000
871 841 1.000000
871 870 -1.000000
871 872 1.000000
872 2 1.000000
872 842 -1.000000
872 871 1.000000
872 873 1.000000
873 3 -1.000000
873 843 1.000000
873 872 1.000000
873 874 1.000000
874 4 1.000000
874 844 1.000000
874 873 1.000000
874 875 -1.000000
875 5 1.000000
875 845 -1.000000
875 874 -1.000000
875 876 -1.000000
876 6 -1.000000
876 846 1.000000
876 875 -1.000000
876 877 1.000000
877 7 1.000000
877 847 1.000000
877 876 1.000000
877 878 -1.000000
878 8 1.000000
878 848 -1.000000
878 877 -1.000000
878 879 -1.000000
879 9 1.000000
879 849 -1.000000
879 878 -1.000000
879 880 1.000000
880 10 1.000000
880 850 -1.000000
880 879 1.000000
880 881 1.000000
881 11 1.000000
881 851 1.000000
881 880 1.000000
881 882 -1.000000
882 12 -1.000000
882 852 1.000000
882 881 -1.000000
882 883 -1.000000
883 13 1.000000
883 853 1.000000
883 882 -1.000000
883 884 1.000000
884 14 1.000000
884 854 1.000000
884 883 1.000000
884 885 1.000000
885 15 1.000000
885 855 1.000000
885 884 1.000000
885 886 -1.000000
886 16 1.000000
886 856 1.000000
886 885 -1.000000
886 887 1.000000
887 17 -1.000000
887 857 -1.000000
887 886 1.000000
887 888 1.000000
888 18 1.000000
888 858 1.000000
888 887 1.000000
888 889 1.000000
889 19 1.000000
889 859 -1.000000
889 888 1.000000
889 890 1.000000
890 20 1.000000
890 860 1.000000
890 889 1.000000
890 891 1.000000
891 21 -1.000000
891 861 1.000000
891 890 1.000000
891 892 -1.000000
892 22 -1.000000
892 862 -1.000000
892 891 -1.000000
892 893 1.000000
893 23 -1.000000
893 863 1.000000
893 892 1.000000
893 894 1.000000
894 24 1.000000
894 864 -1.000000
894 893 1.000000
894 895 1.000000
895 25 1.000000
895 865 1.000000
895 894 1.000000
895 896 1.000000
896 26 1.000000
896 866 1.000000
896 895 1.000000
896 897 -1.000000
897 27 -1.000000
897 867 1.000000
897 896 -1.000000
897 898 1.000000
898 28 1.000000
898 868 -1.000000
898 897 1.000000
898 899 1.000000
899 29 -1.000000
899 869 1.000000
899 870 -1.000000
899 898 1.000000
