3.303628662093639756e-03
2.473306962607935838e-03
1.858378078993512192e-03
-1.065848781956218625e-03
-9.238124403356826411e-05
-5.059324682884505479e-03
2.101500413978543789e-03
-3.398034127273495426e-03
-1.878479968485873485e-03
-2.929522977206723468e-03
1.695962739725551940e-03
2.001287230331385506e-03
-4.058452240832690857e-04
1.537941657453831745e-03
-1.975820224800625257e-03
-1.076070296485060395e-03
-1.073659629529154641e-01
1.275809685556641548e-03
2.130181770837512398e-03
-3.688917007351628745e-03
7.223927800926183010e-04
-1.637325746211623330e-03
-2.641096111736385491e-02
1.065801777129650246e-03
2.808501947983011240e-03
-5.124629215519384794e-03
6.677821806030041340e-04
-5.582541072619420569e-04
-4.088767741306802497e-03
3.392168565780087804e-03
-1.801919699387141433e-03
-4.123780288183931890e-05
1.456959017557194272e-03
-1.501115523012347104e-03
1.500003743694695423e-03
-6.515698920034091769e-03
7.383732166841398825e-04
-1.029620699567021904e-03
2.791377551965884725e-04
-3.545996473563661853e-03
3.149482043481267087e-03
6.397392102852960749e-04
3.045398925843637267e-04
1.195820079750464478e-03
-2.367189953174423083e-03
1.675385217556370481e-04
-9.200492310884966860e-04
4.890638422917698361e-03
1.086763456010920136e-03
-3.006712197778593993e-04
1.627662495276785285e-03
-3.472500100718677648e-03
2.995406990722163099e-03
3.162957925702225039e-03
4.900343160404407568e-04
-2.817314744312187855e-03
1.075575025613037354e-03
-1.306980873222927031e-03
-6.311449765326493811e-04
-2.588662602552267884e-03
-3.957637930133129332e-03
1.833983114579115477e-03
-4.922020449548349406e-05
2.463748930418659306e-05
-4.152723921527387259e-04
4.210822311815843461e-03
-2.000392055913804978e-03
-3.332382631011119711e-03
3.909838422530786083e-03
-9.243219068164402726e-04
2.167294736737058677e-03
2.970233643512086574e-03
-4.915405314744500723e-03
2.557573932340676068e-03
2.350921291407583134e-03
1.416855337439361026e-03
-7.784285908396426645e-02
-7.568368495335779135e-03
5.611747189451286952e-04
-8.603215505251961140e-04
-4.059301571144533763e-04
6.533427090590132255e-03
2.637827273037152490e-04
6.329657338166543197e-03
-7.308573762940331897e-02
-5.621504605689608101e-03
-1.357948916567122211e-03
8.206428894598216672e-04
7.246417723378843377e-04
-2.896305791931664837e-03
1.503636635239957026e-03
-6.885723232392850900e-04
-3.374095253304029360e-03
