-1.431321734435258008e-01
-1.499917633013583551e-01
-1.915014258387337520e-01
-1.401995313326798442e-01
5.024666977011991390e-04
-1.372801756332346079e-01
-1.689720027683653814e-01
1.670219075329183560e-03
-1.381551704940013059e-01
9.526239088398033182e-04
-3.211344085536086985e-03
-1.372483701893848218e-01
-1.767697175360254946e-01
-2.030131615691757319e-01
-1.818164219992613470e-03
-1.800509260306029369e-01
-7.772471554587337406e-02
-1.630059007609065969e-01
-1.863246002404519708e-01
-1.145616840849442986e-01
1.854375430056659241e-03
-1.741359187305044354e-01
-2.406993591556197409e-01
-1.140192540016538303e-01
-2.009916362967545944e-01
1.073239902021972444e-03
-8.260965393730525285e-04
-2.311190131377267032e-01
1.874076211597196706e-03
-1.333498104060488109e-03
-4.606164810405558897e-03
-1.877650230748383053e-01
1.507065594057626365e-03
-9.550565705272405503e-02
-1.425326811257278392e-01
-2.138826515718218746e-01
-1.268413290228485590e-01
