1.916828762815086899e-03
-1.875019571865270684e-01
-2.447749930474875900e-03
-2.182315467042502954e-01
-1.900477096165831548e-01
2.453724030306785302e-03
-2.916240881800949924e-04
8.315796876062080166e-04
1.319984828149636715e-03
-1.609888906672532916e-03
3.114647870601123646e-03
-3.255031447931064012e-03
-1.319485834193918385e-03
-1.194348092403111350e-01
4.835046055325204449e-04
-2.171941166409763722e-03
-1.854511748962325846e-01
-1.631949637706850160e-03
-7.494837375652407688e-05
1.179097891413660379e-03
-2.733832194799230408e-03
3.612722223830770068e-04
-1.328984125165721389e-03
-8.575190135205144068e-04
5.314674734729226378e-04
3.193809473698199300e-04
-2.887912658484976689e-04
3.995279713622967486e-04
-2.678573737410460884e-03
5.613550733603810648e-03
-1.829169010756644398e-01
-2.054662982058064170e-04
-1.893110167603477834e-01
-8.735593751817678039e-04
8.635678961935887212e-04
-2.433437856387198062e-01
-1.027050453100440902e-03
-1.987774956028436901e-01
1.674465268069822614e-03
-3.734588410329461438e-03
-1.840036601868577518e-03
9.845182891816323979e-04
-7.069532236093841208e-04
-2.241212441468284355e-01
2.901873790044632705e-03
2.670563361642758638e-03
2.489322000537257280e-03
1.677472807528664761e-03
-1.485290496440067878e-03
2.122583143600799156e-03
1.418475271189499230e-03
-2.637125619214536996e-03
-6.458574565241746984e-04
6.905064879903212395e-04
-2.582593867759208628e-01
1.484291089945914861e-03
-1.821551649175488230e-01
-2.184001571689982331e-03
-2.030216653041415908e-01
-2.978593188166044677e-03
1.634591934009498341e-03
6.759601004958394870e-04
-3.237536433852104259e-04
-1.398701478205532922e-03
-9.980255965486408212e-04
-2.405748780267217678e-03
3.668370903101901212e-03
1.655796634509076101e-03
-5.266984233041560604e-03
5.593766088522879147e-04
-1.611411196129089191e-03
-2.350526413348137320e-03
3.313499711824914574e-04
-7.296644853361533047e-04
-2.649763719673787652e-04
-2.963420358418233924e-03
1.148827823224163585e-03
-3.974364142568311518e-03
-7.854404595140982012e-04
-2.084557358690190300e-03
1.508304556766382372e-03
-2.010078986469919227e-01
1.321829185089489368e-03
1.292351566250304852e-03
-1.309220248415246752e-03
-2.481313790814758911e-03
4.125195151761706838e-04
1.407530200060043771e-03
-1.192145072213870874e-03
-8.723858049823166342e-04
