-1.417460869669429080e-01
-1.849571864897920914e-01
-1.735192183617977058e-01
-1.516999193198733387e-01
-2.596998778239843486e-01
-1.201751729072045721e-01
-1.431003246448622479e-01
-2.141762485512054837e-01
-1.025708946189120840e-01
9.031930430322432932e-04
-2.126189038279184262e-01
2.322159328052770567e-04
-1.204953334227711337e-01
-1.058961463050143575e-01
-2.056259600439767632e-01
-1.553300474293645428e-01
-1.558477337002077689e-01
-9.927926082312326771e-04
-1.245229382938929652e-01
-8.664875535754279967e-04
-1.548404016885585044e-01
-1.404855899644026074e-01
-1.183724635620482940e-01
1.253552407272078917e-03
-4.489464123371920967e-02
-1.527244224992059529e-01
-1.451646301759786650e-01
