-8.647505402738313307e-02
-1.558534012992723872e-01
-2.585852563899114498e-04
-1.953390759860728909e-01
3.343465233629846914e-04
-9.608594959622797360e-02
-1.054908374828832651e-01
9.604713074146237727e-04
6.304711377195719273e-04
-8.373230578684548453e-02
-2.072003619564758703e-01
-1.049490825528408139e-01
-3.520917466977128117e-03
-2.067057995184118369e-01
-9.662948781969546430e-02
-8.752438313918305384e-04
-2.026260704655932221e-01
-1.934074210910398384e-01
3.684976991568753718e-03
-1.829391385608361564e-01
-8.031736030285432926e-02
-1.139718592404545122e-01
4.673874935300840311e-04
-1.044873657008556916e-01
-1.395265912100490391e-01
-1.388496721480437590e-03
