1.629484416182362949e-01
1.647791072082726571e-01
8.808053033862976592e-04
-4.141904612054534839e-04
4.977804252999979817e-16
1.410381915753358695e-01
-9.770273895452785164e-04
3.146149309556541034e-16
-5.950091602740061741e-02
-6.797664621448733051e-16
1.228767859136405405e-01
3.385010823928512325e-15
1.081868845210582150e-04
-3.251611310593242193e-16
-1.540348954054955458e-03
1.164401239987532906e-03
1.554928052436635177e-01
-4.087669424583663790e-16
1.308479363741345240e-15
1.007718534237626584e-01
-8.721596488008038356e-04
-7.049328913023695868e-17
1.525323863209117059e-01
-8.109310919596739034e-04
2.365903756672793415e-16
1.452432049692126137e-01
-3.092269490183537584e-17
7.674796128489137403e-16
2.047635227385310619e-15
-2.799867818554038347e-16
-4.478585991314848556e-04
1.046805836533736423e-03
-3.115269918105241844e-16
1.448918214943128858e-15
-4.649008763701833149e-16
-4.450252541638318182e-16
2.737257173486374071e-16
-9.303931683504493115e-04
1.348350574460315809e-01
-6.655323767191682740e-16
1.314476362588841984e-01
8.485119242671085837e-16
-3.028692149387670115e-16
3.168768889929239434e-03
4.272835389056689318e-04
1.802778338505557909e-01
2.512419950123693902e-16
-1.583797675512598835e-03
3.752363631642051283e-17
1.996362377184081500e-03
1.576939932336580419e-01
1.544393488955850824e-01
-1.524284851925877165e-03
1.118106889160202094e-01
1.748879161017320716e-01
9.144734069904463672e-16
8.644471163293296996e-04
1.526095759934704976e-01
-1.403681502076842714e-03
1.974347748458937235e-01
1.194726720848855852e-04
1.606434502675428422e-01
-1.508968583165151285e-17
4.017694283569644910e-04
-5.109951013126571434e-02
9.762452404873593584e-16
1.676668784166784512e-16
6.378737569835590164e-04
1.908335462769280289e-01
1.663636736926054072e-01
