-7.053068829781523885e-02
-2.282250822356452769e-01
-2.103526886079888636e-01
-7.421031183393734902e-04
-1.081148501492655706e-01
1.007334565713596764e-03
-1.025723864386276635e-01
-1.869748142006292246e-01
-1.078960607427706803e-01
-9.332835824405215364e-02
-1.603515169816511210e-01
-1.408207941207961222e-01
-2.087999605233643308e-01
-1.271343578690522225e-01
-8.346625109968118517e-02
-2.064189881599065579e-01
-1.304047030327944601e-03
-1.201993272670713597e-01
-1.133132966742596004e-01
-1.574945442997392475e-01
-1.607246014759130814e-01
-9.992177556742173894e-02
7.744378820078469383e-05
