2.681818856957930708e-03
-3.456391197036312243e-03
9.344878422127951773e-04
1.389058772371198555e-03
4.162306414040255372e-03
3.194712221186817285e-04
-1.552915314547982477e-03
1.454412151063199255e-03
2.058497053854004542e-04
-9.078502541437524602e-04
-2.470228579515237975e-03
8.364803833567886022e-04
-2.435417253578420899e-03
1.160302028418402171e-03
1.145327480574455034e-03
-6.498434757597069044e-04
4.834753064621067839e-03
-5.615903604763205006e-03
-2.000726862390762081e-03
4.268739061948276931e-02
4.015003541278229873e-05
2.462632699268717338e-03
4.176455599066419659e-03
-3.930707896755570164e-04
3.028371303011670457e-02
-4.545856766680159708e-04
1.255593411001186153e-03
8.563466162730204521e-05
1.049923912902560536e-03
2.228375801599197063e-03
-1.979489278962723059e-04
3.351960950107992464e-03
1.013321905404986631e-03
-1.362743510134936057e-03
-2.833347459632600701e-04
-2.728569527660996193e-03
-1.945072773814642275e-01
4.796604323922921899e-04
5.157718855766164250e-04
2.415265481777794515e-03
2.193247268559162921e-03
1.825131120095381792e-04
1.252154596256842842e-03
-8.354876178193532859e-04
1.211303285469315450e-03
-1.256855617614840916e-04
1.101836254289193054e-04
-4.042734128090915563e-03
9.325299495729884661e-04
1.100849484858357772e-03
2.882858428621124132e-03
-7.335081399697214802e-04
-4.591667660788691790e-03
-2.094600049959036321e-03
-6.362211994448317524e-03
-5.554644846344470276e-04
-1.268148996693425467e-03
3.785229757878737396e-03
-1.779332790598885626e-03
-1.567525827888384968e-03
-1.250952419996826433e-03
-3.518060582031629427e-03
-4.211388692450939407e-03
2.436280920049389408e-03
4.049557219237319775e-03
-1.429216556023798265e-03
-1.386384151555024877e-04
-6.591819458944719531e-03
2.966894721135012250e-04
-4.034679472015591760e-03
-2.165068078313216616e-03
2.471675287487357271e-03
5.609769851618766952e-04
-2.861879056154973365e-03
-3.561720869189406204e-03
-6.486325829129762494e-04
7.210053445472942727e-04
3.127635401859925248e-03
-2.989869883918381665e-03
-8.046126301334095496e-03
-1.547877717796024028e-03
1.090286512172475861e-03
1.101354823578708187e-03
5.593952790095469861e-04
-5.743903981423152671e-04
-4.102556708701429397e-03
-1.272207558012370711e-03
1.160668654033013411e-03
-2.750858124063624514e-03
-2.951608300912214947e-03
-2.093141532716512043e-01
-7.436456377865274477e-05
2.577246756180795982e-03
-1.938135963411719877e-03
1.945803696776080699e-03
5.444915268190474861e-03
