1.966954552913997222e-16
-2.390383062882670453e-16
-1.411207843712707294e-15
4.413468958470722313e-03
-5.381499518268853883e-16
-3.471165678390524391e-17
-1.015569876793280495e-15
1.452257515992302718e-16
5.436818998986311215e-16
3.174992752087502112e-17
1.118285683997690257e-16
-2.870505815516192850e-17
5.125919320406328448e-16
-1.651468219680025246e-02
-3.377125306988705555e-02
-1.130674896986846693e-02
-1.382373483974923159e-16
-3.090690213892713120e-17
8.714806960419774639e-16
-1.103777026420964799e-15
-1.564215710286193991e-16
1.923177590249890096e-15
-5.972018622414458893e-16
-1.069443251394000134e-15
3.230856060709397096e-16
-1.809683624256207962e-02
-8.122222092288042630e-16
-1.048061665606975229e-16
6.435439716662987898e-03
4.259179194925025146e-16
-1.708073882617629274e-16
-1.269728028977985812e-02
5.767963055361287049e-17
-2.782564218129524440e-15
9.838473500211634485e-16
-5.810705945635979454e-03
2.604501451735238158e-15
3.594021944020992277e-16
-9.729513067660315118e-18
1.314701422482277880e-16
6.651531339091646918e-17
4.568327806789068690e-02
2.623346065408871575e-16
-8.548427291881499173e-16
1.238552732477329203e-16
-9.596855097904692403e-18
-2.096566187280235471e-02
-3.075735221475673613e-16
-1.144830164029624902e-17
1.999621580097656691e-16
-2.430215888980405588e-16
2.075149266338395700e-16
-1.811694266220197427e-02
-2.642617877431900421e-16
-2.849139982629176823e-02
1.273956825271541382e-15
3.589960298866403960e-03
2.081022770001147482e-16
-1.358260834817244746e-16
-1.875634793552170443e-16
-1.410238759320038733e-02
7.635176177219504184e-16
-2.861225829684873648e-16
-5.654837655183809944e-17
-7.354912465931150689e-16
1.633927252088587945e-16
-3.429389091868596112e-02
5.876897585023380403e-16
-1.934281674868278816e-02
-7.324889365687300692e-16
-3.949618830274667845e-17
1.330147227695986818e-02
-2.182149559223717334e-15
-9.341824686537967409e-03
-1.465536265415961180e-02
4.739027611988867094e-16
6.261315603075436313e-16
-2.914118176270697261e-02
1.281196663104077143e-15
-3.104159340132362436e-16
-3.982905171761196608e-17
-2.596823080210628604e-02
-1.293829944004941217e-02
-5.362530461821820156e-17
1.379281987422962840e-15
9.110704886379050738e-03
-1.040139738826854031e-02
-3.325425939932010862e-16
-2.631353113399985399e-02
-2.548688044358527857e-16
2.805750990721485187e-16
2.860917650852805952e-15
1.338413210721753300e-15
3.049204839694030677e-16
9.222367175476264642e-16
-1.795352984944638061e-02
-2.598440838032825274e-16
9.315559078610081284e-03
8.160043646834391411e-16
9.197164589993202094e-16
-2.203362507908731234e-16
-1.517420331325052690e-02
-5.466638098798080645e-17
-1.668179050081843376e-02
-3.465141096475562092e-16
-3.775048680511299623e-17
3.084419655449699427e-16
-1.205301563913228087e-16
-3.890793275561667252e-16
3.426583511402300363e-16
-2.562287240183447013e-16
-4.558408390811506681e-16
1.096441641570571402e-16
-1.339938398565522342e-16
-1.837779891599849308e-02
1.029302206647868777e-02
-2.431352094611550171e-16
4.721525953791434575e-03
5.175194901711444277e-16
2.163642839494820647e-16
1.941062222099771395e-16
