-1.385206517215829269e-01
-5.370384128819278560e-04
-1.752763962163010059e-01
-2.534875888906995001e-01
-1.502744216937383082e-01
1.830848539719662725e-04
3.849553414661447239e-04
-1.488405758228465436e-01
-1.221127842189313195e-01
-1.046919614123606040e-01
-1.172845903085087543e-01
-1.743676688615445614e-01
-1.204193850912500807e-01
-1.305553285399490004e-01
-1.170825245589510438e-03
-1.660167160640487194e-01
-1.487036834499712024e-01
-2.189258924383011284e-01
-1.575228955298416944e-01
-1.117408342656375508e-01
-7.035176641089199712e-02
-1.159134534733526900e-01
-1.834187664933212367e-03
-1.654257187955220365e-01
-6.494168559592647383e-02
-1.911206075667289950e-01
-2.094898547511997444e-01
