-1.161885674586411732e-01
-9.152146431873789401e-02
-1.371425467366201856e-01
5.261680661783579675e-04
-1.267996340490379625e-01
-2.782941688159847938e-04
-6.392126602931648416e-02
-1.877082998557006444e-01
-1.055032829141533011e-03
-2.011297402288944047e-01
-1.718825698888294118e-01
-1.568027185053524897e-01
-2.081061591573377112e-01
-8.136084161318288266e-02
-1.901951137105098574e-04
2.595393494878722729e-04
-1.842352444781802379e-01
-1.905426582047151096e-01
-1.954543770296116589e-01
-1.505259810796026609e-01
-1.710378519458002899e-01
-1.843643050779391890e-01
1.543583949775565551e-03
-7.668100402823026240e-02
-1.101436123528722749e-01
-9.677442491786403256e-02
-1.466809667846418197e-01
2.235028892689862150e-03
