4.516876983115500344e-01 4.597274738308855802e-01
4.472290430150499541e-01 4.480815789399811289e-01
4.414837699409215332e-01 4.646338682080544125e-01
4.694674141597859895e-01 5.027979088400379437e-01
4.524283457814221032e-01 4.606909968256394095e-01
4.107172970023789671e-01 4.194857202473646907e-01
3.893376168393347103e-01 3.921603726520616617e-01
4.383207780363466144e-01 4.427446767469419009e-01
4.855771713567779146e-01 4.919753886165022516e-01
4.283768539758223137e-01 4.413704537829253871e-01
4.317442622264573981e-01 4.508171509053824355e-01
4.469970323331498019e-01 4.656765058400230695e-01
4.373378214275181475e-01 4.463880729752470189e-01
4.294321130344203041e-01 4.308486510635281541e-01
4.423005504877178806e-01 4.565426134478572373e-01
4.526226148294448803e-01 4.678099743012333889e-01
4.436124211789452820e-01 4.965477062984789414e-01
3.921008547931846833e-01 4.589603866720284309e-01
4.758734237471007877e-01 4.792407262618129105e-01
4.578938123468547228e-01 4.642964274177278083e-01
4.516489283593145831e-01 4.638361441323143874e-01
3.892437208643311775e-01 3.945206825143938167e-01
4.548277253133413689e-01 4.559663117505293739e-01
4.559463905282946095e-01 5.087944330157434525e-01
4.196366028761668865e-01 4.400168104422911286e-01
4.724680407921693082e-01 4.736929729843143422e-01
4.228822623577546125e-01 4.754784617557856752e-01
4.139400013082934482e-01 4.361245716270643058e-01
4.038839969190518575e-01 4.218739248532813457e-01
4.675355491701395083e-01 4.718459989777710195e-01
4.349595110742909831e-01 4.475418019936958647e-01
4.311552863130669877e-01 4.781570780802752441e-01
4.241850561402792930e-01 4.389197962813833898e-01
4.643011524244636812e-01 4.714875793051311881e-01
4.157472206290530048e-01 4.629258054647090170e-01
4.187612784826505452e-01 4.549036113430342532e-01
4.403190687748400611e-01 4.775473154127499731e-01
3.705729539149885676e-01 4.450692939503637646e-01
3.667640391870993222e-01 4.820033838834961171e-01
4.606959011543767524e-01 4.896986231194310202e-01
4.769876104789797511e-01 4.775876751267072451e-01
4.443451853744306845e-01 4.621814275141292172e-01
4.172155204221539293e-01 4.565680828030334593e-01
4.260132796080425832e-01 4.355236274866967627e-01
4.384668675433006646e-01 4.605185419782003020e-01
4.215769974158037892e-01 4.350690894070547432e-01
4.081538628876526520e-01 4.134882257213826628e-01
4.475059232865521985e-01 4.601666041454718359e-01
4.505314086046582345e-01 4.555348031212733684e-01
4.249659506426144429e-01 4.398681881637384605e-01
4.739921826904366364e-01 5.184021570227028697e-01
4.140254501755884498e-01 4.403448342374459701e-01
4.503379781923557146e-01 4.554514997384209729e-01
3.916202519103914037e-01 4.503314973113276554e-01
4.246011944339560529e-01 4.314364474492823343e-01
3.965621858288185253e-01 4.381985148991859313e-01
3.908235791273558801e-01 4.606277666927033887e-01
4.548711230587145771e-01 4.747861958130150106e-01
4.122885229899170279e-01 4.362662210729630896e-01
4.807526823904633706e-01 4.839050054493761466e-01
4.745972153328222309e-01 4.948360606895980673e-01
4.070801595927454053e-01 4.186388467510300249e-01
3.851782808551107440e-01 4.513701363361933838e-01
3.709505059199632582e-01 4.321305201506011606e-01
