3.297086764323582386e-01 3.516473358247065306e-01
3.196439036514373555e-01 3.600326899129543956e-01
3.477033772242630327e-01 3.587570670154168750e-01
3.414370266477059768e-01 3.686035855095917135e-01
3.610318984045407520e-01 3.953779541845821033e-01
3.534240302142084289e-01 3.645036842714548531e-01
3.156999217977349281e-01 3.418259581834211525e-01
3.795447296759711375e-01 3.814233585120066494e-01
3.400039176440627364e-01 3.981872515774278476e-01
3.376294954377603297e-01 3.389970543569148509e-01
3.565725343816161796e-01 3.626162665945264485e-01
3.667995605257184932e-01 3.823941321862976972e-01
3.186088296856715019e-01 3.755134698995372111e-01
3.016201865994564968e-01 3.037099317520271513e-01
3.049979496963483028e-01 3.382846966514732046e-01
3.204934501167517880e-01 3.435036978304407684e-01
3.762454646347312415e-01 3.818835741192859179e-01
3.322063755754219860e-01 3.720664448099808563e-01
3.614059846687088795e-01 3.711806362334443277e-01
3.836348236149196289e-01 4.047377204771672732e-01
3.465653594590672459e-01 3.474059359615038201e-01
3.287821254326656062e-01 3.394527310062506187e-01
3.658753270170769234e-01 3.781311763346618116e-01
2.856002315026208715e-01 3.672326050156941024e-01
3.184890226871271990e-01 3.672718651418352409e-01
3.153087302910216327e-01 3.685728163262377843e-01
3.099350271776382670e-01 3.636594204867805158e-01
3.355145027648918088e-01 3.734610652852305979e-01
3.291939129308563139e-01 3.664417433334318797e-01
3.200125103888978861e-01 3.776027158791336324e-01
3.223002499555143174e-01 3.666519301914188955e-01
3.534939297379905976e-01 3.551431644952515732e-01
3.356944916288312486e-01 3.515122632062479546e-01
3.743394238196225410e-01 3.756426987369355097e-01
3.618466497691061323e-01 3.822388338717937484e-01
3.448268229710425570e-01 3.944663084315150892e-01
3.540917726872598315e-01 3.578021911720810633e-01
3.497918535304629928e-01 3.620909205238220796e-01
3.015928527035925955e-01 3.516105611677255993e-01
3.427903367817277669e-01 4.009646373488472415e-01
3.333837169465141415e-01 3.602156160934980589e-01
2.971064956020938452e-01 3.491649335553843048e-01
3.511012659888312903e-01 3.706111669257666774e-01
3.100641129339801183e-01 3.664105363222601719e-01
3.163486918818881888e-01 3.586402988690803872e-01
3.347442784601719068e-01 3.437243383734299718e-01
3.217594600962263018e-01 3.287122345070145890e-01
3.096801335768574193e-01 3.494767371107838083e-01
3.599018687309247788e-01 3.713848982623155215e-01
2.916379797174435962e-01 3.588236897986438745e-01
3.649170103161135659e-01 3.793240394013886463e-01
3.982562076590229205e-01 4.161545103890141872e-01
3.944171435579000295e-01 3.959109698260387944e-01
3.201122621460773532e-01 3.544188801879867290e-01
3.414725137072226469e-01 3.702930356012157365e-01
3.263977100048530700e-01 3.557886800476622313e-01
3.501505855647386589e-01 3.641904525287066319e-01
3.670866624712525450e-01 3.922582147833409416e-01
3.735628107919543028e-01 3.874236049173739316e-01
3.388307375477881966e-01 3.571850916171936952e-01
3.427169942448268225e-01 3.892451097997090548e-01
3.667247990040247707e-01 3.916929958209822149e-01
3.157422124936501429e-01 3.238381295627992262e-01
3.701355679679406707e-01 3.926802318967970162e-01
