3.780506312718789341e-01 4.190860980822686543e-01
4.004156601110813174e-01 4.067292196016510375e-01
4.266705176152436607e-01 4.551167329383101201e-01
3.864163903151822677e-01 3.997532027120699327e-01
4.372607374663126101e-01 4.534922479142046159e-01
4.453881914712318757e-01 4.800368374085608458e-01
3.634674126819051887e-01 4.365263910369322486e-01
4.074285283414439407e-01 4.454278905366173547e-01
4.721055916926800711e-01 4.879288329323404616e-01
4.352943515410099273e-01 4.503924917788203475e-01
4.093964176901926377e-01 4.449865555701292275e-01
4.471201905474298521e-01 4.669216778290116721e-01
3.879000810311741820e-01 3.915082615734631899e-01
4.348399275613988868e-01 4.362580374183842036e-01
4.163310622627843238e-01 4.646680973205282728e-01
4.147469017613062969e-01 4.559120374878973259e-01
4.331680810694985562e-01 4.773037702910543079e-01
4.075815226363703192e-01 4.228495288055189039e-01
3.752562979273693644e-01 3.961333232259360293e-01
3.814429982144955655e-01 4.515741712172931521e-01
4.410298575166843316e-01 4.561154216338320078e-01
4.190519978638101994e-01 4.305950360948482269e-01
4.491933595812529489e-01 4.818081074816680243e-01
4.392076206767783209e-01 4.422595027034237902e-01
4.145326504778719667e-01 4.438999739744577955e-01
4.502269321948264569e-01 4.559629158807132487e-01
4.270571189225957909e-01 4.328763359321682325e-01
4.123254644348429143e-01 4.583801527656441999e-01
3.489177049540733155e-01 4.183524712110670007e-01
4.569778843453944361e-01 4.876889358625241533e-01
4.270776354352019410e-01 4.774641890404806022e-01
3.788882341320359837e-01 4.640747321795168356e-01
3.564768151482429204e-01 4.451102055977044225e-01
3.918910089363321636e-01 4.043809603514788020e-01
4.026337189105043124e-01 4.180789614119707065e-01
3.767595310843394607e-01 4.213972350700583291e-01
3.986025482327463787e-01 4.046650242656730789e-01
4.023083298529825935e-01 4.433090891564595015e-01
4.037315635002245440e-01 4.343117406843213235e-01
3.680001104794483058e-01 3.924451930635396435e-01
3.824780944037825536e-01 4.835469674160538522e-01
4.371913352742158310e-01 4.442752043821031060e-01
4.100146692254946212e-01 4.493119258740057020e-01
4.459721465779954430e-01 4.676381954483507242e-01
4.091687691104363145e-01 4.412310370936907145e-01
4.103982937777154727e-01 4.178463350501810392e-01
4.114807099615644392e-01 4.435464378126656726e-01
4.194897326632294754e-01 4.343332332139813179e-01
4.263721888559450224e-01 4.321495649433539921e-01
4.032665611703090125e-01 4.132891250901782887e-01
4.399129401887836854e-01 4.478128507889715948e-01
4.605572447351022891e-01 4.656025113630316015e-01
4.218929101354331745e-01 4.481821086354285111e-01
3.572338819456781778e-01 3.644590313271309223e-01
4.382711942105988467e-01 4.595832469822281885e-01
3.967761144615906677e-01 4.464751652968139140e-01
4.570550118739821199e-01 4.594930883037182667e-01
4.033810324741881614e-01 4.042773879748458032e-01
4.217466195903711301e-01 4.256944459068540132e-01
4.156933818479358056e-01 4.296743709653320087e-01
4.071827203036192389e-01 4.684690579959391865e-01
4.071758313671335339e-01 4.305618722698367762e-01
3.983789133896635803e-01 4.335531806602478389e-01
4.557508571910382500e-01 4.569054155448020738e-01
