4.163692166622099400e-01 4.206557313435316803e-01
4.240191352955009485e-01 4.329724512466839870e-01
4.375863529722114897e-01 4.438305749544307899e-01
4.549785648501865065e-01 4.679291732971919693e-01
3.705540583801709698e-01 3.998707109015580130e-01
4.154598311373868258e-01 4.235045346806303734e-01
4.127929513086115998e-01 4.137163353657059561e-01
4.207413068138514123e-01 4.238413714708202384e-01
4.440523436524613232e-01 4.523770696267270242e-01
3.815992730813757561e-01 4.279104818359731888e-01
4.024340203772122093e-01 4.181002168070835356e-01
3.928823835264282360e-01 4.145279034618843950e-01
3.924426348190256375e-01 4.373405273545116767e-01
4.326042457505597238e-01 4.450335546456569702e-01
4.261318226061279191e-01 4.301794775844706709e-01
3.849827776135184010e-01 4.381370511408991808e-01
4.607737671049703665e-01 4.646757118812941401e-01
4.126341010212871696e-01 4.552302881618648378e-01
4.435975985881205341e-01 4.610191287383922920e-01
4.233069266172559963e-01 4.380007456493855145e-01
4.427196130118824513e-01 4.755439847706516288e-01
4.316662386774675619e-01 4.488078976593468106e-01
3.766933420409206423e-01 4.096619646090535749e-01
4.262205031769918939e-01 4.336007128941775646e-01
3.527053266927342445e-01 3.535793930334841795e-01
4.052571337253436656e-01 4.483471310130086596e-01
3.867117327711750985e-01 4.206630736138338711e-01
3.661051625870395121e-01 3.843930821755492389e-01
4.067225834734330969e-01 4.109136384475957637e-01
4.419942268039278588e-01 4.949834899189907711e-01
3.605346363042825075e-01 4.545545851203231513e-01
4.111243168628151423e-01 4.296952560593085835e-01
3.197382353252153919e-01 3.956967936458322121e-01
4.598528437749252462e-01 4.681727835790235881e-01
4.254416921276826802e-01 4.751777252304932864e-01
4.068001371921093900e-01 4.185896844465478162e-01
4.219982792874068522e-01 4.358221590369549814e-01
4.488525016819994162e-01 4.571059754265770492e-01
4.006556743159234157e-01 4.453413924535863933e-01
4.006122352101902928e-01 4.310838105197494219e-01
4.157471868643007884e-01 4.171880649499665195e-01
4.314393700635143492e-01 4.371936362341247717e-01
3.709761126328910419e-01 3.834307962067330378e-01
4.274239258221957938e-01 4.443591717449566492e-01
4.299470518927411833e-01 4.499468494737451918e-01
4.246843967322125879e-01 4.474831752732871815e-01
4.381176832437088109e-01 4.608278449737606697e-01
4.466440646451078078e-01 4.539079739535699098e-01
4.501487633765953733e-01 4.774766074246357128e-01
3.181529418362628592e-01 4.683067291711546232e-01
3.836353019542248499e-01 4.147725400596579681e-01
4.021135700599818286e-01 4.320406469380208003e-01
4.322019491177262474e-01 4.557405144806307984e-01
4.100635986542848777e-01 4.223932586418025492e-01
3.978608225300567236e-01 4.407669890799192913e-01
4.415493722077771244e-01 4.633475577900238451e-01
3.191056821227449269e-01 4.375589560149411583e-01
4.270014662309815634e-01 4.672134510597477086e-01
3.909493872698490691e-01 4.003911414265405866e-01
4.357662096418312148e-01 4.584022453756663174e-01
4.407986855066229337e-01 4.492276113464119813e-01
4.099042149044699324e-01 4.111355552734254348e-01
3.679152583819758071e-01 4.406047974113448951e-01
3.979427741294729870e-01 4.367884127600433208e-01
