2.141175618726857410e-01 2.171526575579428298e-01
2.057115767479267276e-01 2.339540246330935602e-01
2.241525011269689949e-01 2.296387517641072240e-01
1.865071761735299094e-01 2.191053781185420268e-01
1.809312832379515457e-01 2.283952087491920024e-01
2.141917514010653334e-01 2.194578904818320908e-01
1.983400053344104852e-01 2.223816288976258049e-01
1.643516158387542947e-01 2.102256435753929731e-01
2.304607207847570449e-01 2.362183660945801345e-01
1.916902212536759076e-01 2.096300113199731363e-01
2.075811740461130372e-01 2.260623916192642247e-01
1.687922919791716159e-01 2.085671110562727915e-01
1.704997761879001872e-01 2.180522221456505094e-01
2.204185862559105702e-01 2.234022841315485564e-01
1.848644698979966250e-01 2.005746158510255950e-01
2.094828817597064186e-01 2.275584471294355149e-01
1.824603660906689850e-01 2.297793779463931374e-01
2.078836466329404276e-01 2.188120413400865549e-01
1.977730168698023094e-01 2.457778020402215935e-01
2.059430204859278024e-01 2.130355452944254213e-01
2.052012608395220872e-01 2.195170974744302395e-01
1.921492547913398186e-01 2.093819560292746185e-01
1.985308674318884137e-01 2.061295191364123924e-01
1.794937516165349689e-01 2.229978770592296322e-01
1.883644409285364363e-01 2.037254361171631500e-01
1.616328988330106020e-01 1.722556666759703370e-01
2.078832904651661262e-01 2.421520238106029121e-01
1.705322918733974680e-01 1.794756803644823040e-01
1.782789290226537982e-01 2.037915670598901552e-01
2.002388104079577125e-01 2.240806234094039617e-01
1.442102600699115555e-01 2.282003053982164797e-01
2.281135634432733539e-01 2.296262477815606828e-01
2.050661003731451826e-01 2.167317330328552283e-01
1.973812883491266046e-01 2.048278525051986931e-01
2.185441885890363478e-01 2.196774037791529022e-01
1.776484968633522121e-01 2.141575137748803759e-01
1.899657471872295833e-01 2.048223571376098229e-01
2.206920914867109840e-01 2.308860996259214926e-01
1.466369626110419211e-01 1.697934387487035346e-01
2.129855211186879038e-01 2.416127854515093820e-01
2.061585823848824384e-01 2.404378123586458638e-01
1.849349869300624671e-01 1.921906432138611731e-01
1.684069319524681418e-01 2.160007885861838228e-01
1.840021328744190499e-01 1.924493659411170843e-01
1.808220972464662235e-01 1.877999554677257377e-01
1.815001192159786114e-01 1.958826739375584824e-01
1.896597476722201303e-01 2.071131949700202590e-01
2.313908101751443736e-01 2.335937368395887281e-01
1.853928715117074688e-01 2.122074744198146345e-01
2.116243899348378976e-01 2.153570152623787981e-01
2.066129159673731341e-01 2.071322467074710738e-01
1.506729889788727406e-01 1.786721382320160256e-01
2.425769762382861683e-01 2.470779355036418767e-01
2.341343085648590061e-01 2.489801099869182188e-01
2.120227460741218040e-01 2.155149511514528049e-01
1.812429862226504207e-01 1.912939334560808113e-01
2.255740397956929044e-01 2.414334853667828851e-01
1.697060668487226920e-01 2.032070785572243077e-01
1.978754131048899301e-01 2.376608562935433044e-01
2.064071234045128378e-01 2.261318838395438846e-01
1.995691822875577115e-01 2.304265042313781708e-01
2.246825807024863675e-01 2.255619159191321887e-01
2.234950610067441001e-01 2.258301646119262873e-01
1.947061546459201709e-01 2.082860718239768205e-01
