2.091736701799962878e-02 2.747579291950192487e-02
2.491420908924374747e-02 3.036691761876612536e-02
2.165318390850490271e-02 2.640089658545129170e-02
1.928693836128680950e-02 2.686290440020353346e-02
2.397440660539749621e-02 3.023002835125600252e-02
1.783816249324893244e-02 2.836234975302047434e-02
1.847692900875261973e-02 2.737295010504718629e-02
1.774614799985499772e-02 3.113926608598580753e-02
2.394167673054435619e-02 2.817398942867940792e-02
2.373274901775866350e-02 3.106494818361989901e-02
2.410389530943197675e-02 2.933402595066915072e-02
2.355449804281261467e-02 2.656201227579104568e-02
1.942053575063982379e-02 2.372057707534524357e-02
2.233413168973665680e-02 2.601538843504119097e-02
2.295043045180476804e-02 2.692518818427291558e-02
2.600594691145153084e-02 2.913943745748405825e-02
2.061652405336112520e-02 2.688716801527710198e-02
1.990979916472142286e-02 2.628853365647565790e-02
2.465718329582952673e-02 2.787052139966114672e-02
2.307987024742403498e-02 2.799047696808481048e-02
2.277395226196504349e-02 2.873978200952355400e-02
2.198388558540388324e-02 3.248792434461981321e-02
2.355322245460038377e-02 2.986955142520423059e-02
2.713873393694130401e-02 3.093883986661874128e-02
2.038020106119661085e-02 2.497383763780190724e-02
2.304426673000615350e-02 2.686769920710791598e-02
1.974182389196034448e-02 2.586367230958064312e-02
2.222604023423978975e-02 2.783133150094322175e-02
2.124875965387690649e-02 2.812521487859412708e-02
2.324063635757978030e-02 2.960541476871812391e-02
2.177469581266543858e-02 2.562112727755526745e-02
2.423341077992832715e-02 2.832783453993863512e-02
2.264313000708133294e-02 2.737934715391690532e-02
1.998916491354463948e-02 2.639061229227137456e-02
1.926327522695849351e-02 2.582546863490441102e-02
1.736988987664973144e-02 2.726695213079837268e-02
2.396885477110205845e-02 3.001510471109718886e-02
2.356066905005774204e-02 2.709863505429728134e-02
1.816233479081861765e-02 2.769306877520165758e-02
2.092717546723123906e-02 2.737043863776360275e-02
2.205616712534030216e-02 2.734498052623367953e-02
2.084628617356376612e-02 2.888862824938276397e-02
2.653863717537352507e-02 3.062219881745482236e-02
2.254097156357885365e-02 2.749935977575395860e-02
2.307099725928393741e-02 2.801928687708313964e-02
2.574307902375551349e-02 3.026534184980241363e-02
1.452533715203476600e-02 2.439305437210930946e-02
2.479974298974949032e-02 2.974659325213942218e-02
1.942580783381488152e-02 2.467288934703384951e-02
2.186357088950936431e-02 2.646285817126539999e-02
2.509891764999244365e-02 2.998152930274289307e-02
2.350711645665362268e-02 2.927582829955580751e-02
2.232356581901086615e-02 3.074561821097552758e-02
2.075512670500973683e-02 2.831748269786631481e-02
2.217447708135991680e-02 2.465136261123971814e-02
2.337633908695471024e-02 2.975347694197465892e-02
1.782081299812015435e-02 2.823681034542232723e-02
1.742842153204199329e-02 3.035721241174732174e-02
2.609535184284073744e-02 3.044450898955164062e-02
1.958600740139976315e-02 2.523347853038130501e-02
2.175739388890018944e-02 3.135402322606591075e-02
2.055223053803125269e-02 2.541528367837113736e-02
2.517322850204834969e-02 3.077476173304402249e-02
2.126356740580194471e-02 2.903757598912581894e-02
