2.242285737475648369e-03 1.030210354352034154e-02
2.276938767140719924e-03 9.691113055324279343e-03
1.887127185462687904e-03 1.035655180546485310e-02
2.172142259792205279e-03 1.048965231204563968e-02
2.233204165463614083e-03 1.056289921336860810e-02
2.397020102325892691e-03 1.020312646268626069e-02
2.653623045458733051e-03 1.027104902853938004e-02
2.294573188778714287e-03 1.040594946245845288e-02
1.771423975288232821e-03 1.012991616957831589e-02
2.294094593811912830e-03 1.006439455570286474e-02
2.357113110648789700e-03 1.097399064530610140e-02
2.465869202874060306e-03 1.070922717992953827e-02
2.656575941469484833e-03 1.020900762837963043e-02
2.542631517919241406e-03 1.049958297159179176e-02
2.192160453469927262e-03 1.022600762682139737e-02
2.297956376894273040e-03 1.050305573685696679e-02
1.916652674382356408e-03 9.785346446456970673e-03
2.125467111094464165e-03 1.014909316988038893e-02
1.942511819832594454e-03 1.029616311186364735e-02
2.148353770387569257e-03 1.015179351530046646e-02
2.235584607482798969e-03 1.046504593496710121e-02
2.175239196975547670e-03 1.033867652513636472e-02
2.612811790757894100e-03 1.093274524210567471e-02
2.178643068525070239e-03 1.070433531283308294e-02
2.120001901503743014e-03 1.030946736971408324e-02
2.002953837266091552e-03 9.999601156764889587e-03
2.305777294174714276e-03 1.029512567065689332e-02
2.601837238165316535e-03 1.071448503541387771e-02
1.584020051077494884e-03 9.926617080309670799e-03
2.236989765612681317e-03 9.729203572476334203e-03
2.522072405513997584e-03 1.083846952550682023e-02
2.178449842808053219e-03 1.001819313549373418e-02
2.413302333573232386e-03 1.027721079625085535e-02
2.272841845766359996e-03 9.831877692601324534e-03
2.191994386129393277e-03 1.010209980517908814e-02
2.494260397598140923e-03 9.692267547660631324e-03
2.029546173574163850e-03 1.071039043120467806e-02
1.889110057961949744e-03 1.012219311430391684e-02
2.431630657772175866e-03 9.983221485717499663e-03
2.374993949755713901e-03 1.052200339909328992e-02
2.086686525000476175e-03 9.884065304303758445e-03
2.506798445868558406e-03 9.964107398997831128e-03
2.424376672580331061e-03 1.114149727689872811e-02
2.556580294586211898e-03 1.107779848924010310e-02
2.439386374830689909e-03 1.053957366757435517e-02
2.175170763690545406e-03 9.679481700920370552e-03
2.459337410514878842e-03 1.076313413951262947e-02
2.372696119201656018e-03 1.044720805861259171e-02
2.301006698956877157e-03 1.089174035131972376e-02
1.945015229199813234e-03 9.934426993277518936e-03
2.360064249369039566e-03 1.047571720340572006e-02
2.146775718310799802e-03 1.038435689426220679e-02
2.676666477240358631e-03 1.051289739200676580e-02
2.360045068865446183e-03 1.051160824736319457e-02
2.192668364261299557e-03 1.090790502320641668e-02
2.178336133752295165e-03 9.676905961545988200e-03
2.497032040066527077e-03 9.829230656698433044e-03
2.681604871636624615e-03 1.086240735323169143e-02
2.472515263995709190e-03 1.011663288468826749e-02
2.185525523887541649e-03 1.023594247045828826e-02
2.012104080648001534e-03 1.088288231168751605e-02
2.329292971050620289e-03 1.016945048366738914e-02
1.996433988055204209e-03 1.042891644762820348e-02
2.419217589113342726e-03 1.032120850509044355e-02
