1.792725779560952891e-14 9.630546655591839741e-03
1.792725779560952891e-14 9.630546655591839741e-03
1.792725779560952891e-14 9.630546655591839741e-03
1.792725779560952891e-14 9.630546655591839741e-03
1.792725779560952891e-14 9.630546655591839741e-03
1.792725779560952891e-14 9.630546655591839741e-03
1.792725779560952891e-14 9.630546655591839741e-03
1.792725779560952891e-14 9.630546655591839741e-03
1.792725779560952891e-14 9.630546655591839741e-03
1.792725779560952891e-14 9.630546655591839741e-03
1.792725779560952891e-14 9.630546655591839741e-03
1.792725779560952891e-14 9.630546655591839741e-03
1.792725779560952891e-14 9.630546655591839741e-03
1.792725779560952891e-14 9.630546655591839741e-03
1.792725779560952891e-14 9.630546655591839741e-03
1.792725779560952891e-14 9.630546655591839741e-03
1.792725779560952891e-14 9.630546655591839741e-03
1.792725779560952891e-14 9.630546655591839741e-03
1.792725779560952891e-14 9.630546655591839741e-03
1.792725779560952891e-14 9.630546655591839741e-03
1.792725779560952891e-14 9.630546655591839741e-03
1.792725779560952891e-14 9.630546655591839741e-03
1.792725779560952891e-14 9.630546655591839741e-03
1.792725779560952891e-14 9.630546655591839741e-03
1.792725779560952891e-14 9.630546655591839741e-03
1.792725779560952891e-14 9.630546655591839741e-03
1.792725779560952891e-14 9.630546655591839741e-03
1.792725779560952891e-14 9.630546655591839741e-03
1.792725779560952891e-14 9.630546655591839741e-03
1.792725779560952891e-14 9.630546655591839741e-03
1.792725779560952891e-14 9.630546655591839741e-03
1.792725779560952891e-14 9.630546655591839741e-03
1.792725779560952891e-14 9.630546655591839741e-03
1.792725779560952891e-14 9.630546655591839741e-03
1.792725779560952891e-14 9.630546655591839741e-03
1.792725779560952891e-14 9.630546655591839741e-03
1.792725779560952891e-14 9.630546655591839741e-03
1.792725779560952891e-14 9.630546655591839741e-03
1.792725779560952891e-14 9.630546655591839741e-03
1.792725779560952891e-14 9.630546655591839741e-03
1.792725779560952891e-14 9.630546655591839741e-03
1.792725779560952891e-14 9.630546655591839741e-03
1.792725779560952891e-14 9.630546655591839741e-03
1.792725779560952891e-14 9.630546655591839741e-03
1.792725779560952891e-14 9.630546655591839741e-03
1.792725779560952891e-14 9.630546655591839741e-03
1.792725779560952891e-14 9.630546655591839741e-03
1.792725779560952891e-14 9.630546655591839741e-03
1.792725779560952891e-14 9.630546655591839741e-03
1.792725779560952891e-14 9.630546655591839741e-03
1.792725779560952891e-14 9.630546655591839741e-03
1.792725779560952891e-14 9.630546655591839741e-03
1.792725779560952891e-14 9.630546655591839741e-03
1.792725779560952891e-14 9.630546655591839741e-03
1.792725779560952891e-14 9.630546655591839741e-03
1.792725779560952891e-14 9.630546655591839741e-03
1.792725779560952891e-14 9.630546655591839741e-03
1.792725779560952891e-14 9.630546655591839741e-03
1.792725779560952891e-14 9.630546655591839741e-03
1.792725779560952891e-14 9.630546655591839741e-03
1.792725779560952891e-14 9.630546655591839741e-03
1.792725779560952891e-14 9.630546655591839741e-03
1.792725779560952891e-14 9.630546655591839741e-03
1.792725779560952891e-14 9.630546655591839741e-03
