6.562935021545956960e-16
-4.713223136985020876e-16
-2.230744861680133655e-16
-9.159686082929293334e-17
2.634072676696442651e-16
-5.740597395836136268e-16
7.019870253664702512e-17
5.280857038415248775e-16
4.475243568019940068e-17
1.919336232075119252e-16
3.192748598566703552e-16
-4.146414886655665380e-16
6.289182712035578726e-16
-3.874758927989035998e-17
-2.504144349809956019e-16
-4.265029043962428881e-16
8.454800801892765935e-16
-1.521313597874701689e-16
-4.265108175604824617e-17
4.778359552841985094e-16
5.365373566423804203e-16
1.775560212424118448e-16
9.409040251814325158e-17
1.801405684508228260e-17
-1.113558427830044001e-16
-6.977242523915839360e-16
2.377465657717917746e-16
3.950750849324858323e-16
-3.144483680059112007e-16
2.762235554533010029e-16
-8.003892869597945657e-17
-4.492400399760361527e-16
4.681461234671459917e-17
2.652351748394277846e-17
1.366619729899961450e-16
3.871560030057741204e-16
-6.151993943161343397e-16
-3.783511290695284239e-16
1.192950393410148039e-16
-6.272084445773090725e-17
-3.702101946331419311e-16
5.937162711905506460e-16
-1.797684047059872528e-16
4.914990913720635690e-16
-3.148475297416625778e-16
1.482143917046393684e-16
3.798848994247338121e-16
1.800679070743241153e-16
6.745358764651572656e-17
-3.090957582496908632e-16
3.008164366099502061e-16
-2.390292181802501944e-16
-5.903600080907650055e-16
-7.665365152445441580e-17
-5.861690369714484695e-17
2.756702724917849021e-16
1.834575427151563647e-16
-4.940958143424168363e-16
-6.728496769479234230e-16
-5.392569145615595631e-16
-3.861004059775916155e-16
-1.614587876668337139e-16
3.560645789956440633e-17
1.032469575510718479e-15
-2.982854255859164748e-16
5.238415969987801219e-16
5.034451269819451985e-17
-1.238229878523473831e-17
-4.928793541760238902e-16
1.763156669978932530e-16
3.343024821845943548e-16
-4.072741361997194398e-16
-3.573990248225926699e-18
8.651144346016405864e-17
3.256879394390886369e-16
-2.905676060001364368e-16
5.362078817707676625e-17
6.474607352882259010e-17
-3.748563382858831623e-16
-7.438409852149463481e-16
1.077747472582916451e-15
3.844125860315669263e-16
-3.927646938222833634e-16
5.690939550114929360e-16
-2.979544504200242828e-16
4.874198101735134811e-16
-5.426543172299293906e-16
4.201042924817731016e-17
1.677087370150197275e-16
-2.653355216428773888e-16
-1.327113786301062465e-16
-9.517749566199181551e-17
8.510079755255580355e-16
8.187714364909639021e-18
5.223368145324487532e-16
-2.470353130653030720e-17
5.539446975581469635e-17
-5.624820819047843713e-16
1.140419335911392719e-15
-2.338028271997794153e-16
-1.796505011390985358e-16
-2.365158088365750102e-19
7.280759167816534584e-17
2.214692205738948984e-16
2.580430460916367570e-16
-2.866107346239626310e-17
-1.056988268023037421e-17
-7.224799651301275998e-16
4.145735496517223491e-16
-1.113227342903485227e-16
4.666393757798473335e-17
3.818738234469696664e-16
5.124177202479252449e-16
-2.510161200144888041e-15
6.405181533462472232e-16
4.448042151638117792e-16
1.393959949430305494e-16
1.326008802525555340e-16
8.418729704422976140e-16
1.013591009383355008e-17
5.823378219967338939e-17
3.814017203776641814e-16
-2.782715361733700547e-16
-2.688601264663293287e-17
3.062574370233493744e-16
-8.763513653996652172e-16
9.401734071138370352e-16
-2.458894922905501629e-16
8.612917710252604460e-16
4.334741017543702225e-16
1.871457584986169182e-16
-3.139090618428253497e-16
-5.194715378884223475e-17
-9.465932697381649295e-17
-3.174122529423588834e-16
-8.245659907929912213e-17
-5.049524514461443510e-16
-1.541037394263663787e-16
3.721284026692981153e-16
-5.827956662591317701e-16
-6.028269491943988085e-16
-3.847810583127855967e-16
6.086600598353378122e-16
4.386380878361923165e-16
-3.626513774811234308e-16
3.323495613188208632e-16
-2.888984217135044042e-16
2.649293846134694569e-17
1.171539710079339049e-16
-1.571389068325138499e-16
1.647116241184881176e-16
-3.663078843964846555e-17
2.415438238707926282e-16
-9.197912121224636758e-16
6.871333100239629129e-16
-2.798606204826887284e-17
1.930994964392561513e-16
-2.663091342968799334e-16
-2.215886680378730846e-16
2.481567782178995750e-16
-1.159315745880931276e-16
2.221883646772578402e-16
4.033663085997883201e-16
2.333661688482031081e-16
-1.816576198187022854e-17
4.705641898974965314e-16
-1.450084973003829268e-16
3.347743803743935729e-17
-4.055466626063698687e-16
-2.074384856985674432e-16
2.161215868952301995e-16
-4.667189529647940944e-16
9.690027993939300554e-17
-1.647714707106996248e-16
-2.046877037822190745e-16
-7.610641038518080574e-16
8.280424727127619882e-16
-1.618726501570511835e-16
-5.040239186157460681e-16
2.211127196303410602e-17
-6.052146184725545469e-16
3.232637717760434759e-16
9.878563904007393696e-17
1.568054190959657125e-16
-1.847792725373410759e-16
7.086172222655088993e-16
-4.414071086853056018e-16
-1.392891529799284755e-16
-1.722304399844353896e-16
-1.607998260154247171e-16
1.077362369483302600e-15
4.192759352958152698e-17
-8.164608439869274252e-17
-2.570268353444954936e-16
3.152593637542336540e-16
1.132179191591892254e-16
-2.906566658781558997e-16
-6.220947836573419204e-17
-5.378763770694297334e-17
5.588094725292649635e-16
7.849390983843436980e-16
-1.101779968946318029e-16
8.083311698712398045e-16
-2.183350067076063296e-16
-1.562471347995637047e-16
2.262741409363412822e-17
4.162364384445071905e-16
-4.595291198694797636e-16
-9.444811593807100506e-17
3.429630149657294714e-16
-3.602888519386698440e-16
-2.497427115472176406e-16
9.986296516441111680e-17
1.746199123561039626e-16
-4.164797072972529541e-17
1.038342692543202298e-16
-2.823099090015250089e-16
2.168526526584997367e-16
1.413677823821701614e-17
-4.382140265801213678e-16
-6.179426196985630944e-16
2.399145308261033839e-16
6.770483480809111777e-18
1.556916792437110283e-18
-3.012856971169042425e-16
-6.880730501407576343e-17
2.293156267228211340e-16
6.271146714829165023e-16
-8.737889677963952897e-16
-4.377826335384815843e-17
-2.822327985010406671e-16
-1.647376758067768142e-16
-4.157252237470129040e-16
-3.116245734810539356e-16
4.511118144319602109e-17
8.704557987486637093e-17
-1.706438673927579757e-16
-2.963104719917999197e-16
-9.130003514202781715e-16
4.615837937745002503e-16
5.774894030420395921e-16
1.642218308485885226e-16
5.793956938985131175e-16
7.033436209603590148e-16
2.799677810659804905e-16
-1.995678549084779338e-16
-7.542145419923265460e-17
-6.754508066179768042e-16
-2.944233803241775992e-16
-7.372691398489783032e-16
3.453707316530714336e-17
4.897354393206108795e-16
2.791896954054740738e-16
-1.341069545297488520e-16
5.107473830734940333e-16
2.052253354717471396e-16
1.036645723539512483e-16
7.201936519111738155e-17
3.617624251919221103e-16
-5.377374801337533361e-16
-1.818360609015967528e-16
-3.372410857516408554e-16
-1.549346908367444700e-16
1.132259649132704919e-16
1.336886165858092735e-16
3.578482967416987752e-16
-2.594211212171875064e-16
3.085015301219579002e-16
7.721156494056571868e-17
-3.690490506629604057e-17
3.198965442269561626e-16
3.205300753056320194e-16
2.412595203865050504e-16
-3.191525863931579875e-16
6.277591094707697170e-16
-5.499557441513962362e-16
9.022804065411660617e-17
-2.067607426239077416e-18
3.807766280671279437e-16
-1.807910503736393662e-16
-1.455165305898935001e-16
3.166094070951384786e-16
-4.492338662874878401e-17
2.035348213812052890e-16
-9.987634197448392749e-17
5.054610461783443545e-16
1.767799330185912401e-16
4.691299296198792924e-16
-2.986927033666765456e-17
2.874169611046916232e-16
-6.374134040478310982e-16
-2.712313632267369481e-16
7.101717268893352252e-16
-2.879291457610768128e-16
3.660735260941240498e-16
-2.496813467149433461e-17
1.009995957380644945e-17
3.033472588928543178e-16
-4.431676380038345687e-17
5.147254355149790659e-17
-2.290721956506445782e-16
-6.253401365935181547e-17
-3.479118337632770540e-16
2.427469646639142959e-16
-1.329394973466132332e-16
-1.436898298915380891e-16
-4.766651581130470780e-16
-5.579187484448305692e-16
-3.467903658342292761e-16
-2.981289462881003717e-17
-1.641787483183286231e-16
-2.493515238129249897e-16
1.575643155452010273e-16
4.198444137472353665e-16
-2.240589524596859808e-16
-5.403222905883001728e-16
-4.266615741668088366e-16
-2.635859607403632625e-16
-3.103934753740968394e-16
2.639710908229910008e-16
-3.411431352698804930e-16
-2.711877388191564653e-17
2.704110808202121534e-16
3.511178272276543717e-16
4.365897143604336958e-16
-4.184835453080328786e-16
3.010978935440759330e-16
-5.623574329511414903e-17
-4.343032111776829420e-16
3.822960207448178607e-16
6.139002637567535646e-16
4.454797142990011849e-16
2.228222129934135989e-16
1.126627069198852253e-15
-1.176352043274765047e-16
3.635252479241415972e-16
1.196103295739799327e-16
-2.035318329785279470e-16
9.128866634904763372e-16
-7.283705137922258230e-17
-2.743161319504691343e-16
1.413654916263296357e-16
4.973374199451591616e-17
2.286609131758961571e-16
4.160125302660358263e-17
-3.117411095928891117e-16
1.769965623892680329e-16
-1.868164565298742843e-16
-4.739998207822970341e-16
-8.248462112760732327e-17
-5.260565517992771849e-16
-3.094587130787969478e-16
2.172617466553894972e-17
-5.582683555835018714e-16
-3.396873290705205868e-16
3.320819177618401678e-17
-9.489544921525826471e-16
-7.795599398732501696e-16
1.385222572968801218e-17
2.031232496075569264e-16
-1.861022441159527436e-16
4.399736161651365308e-16
3.934531567465296379e-17
1.222341983180238355e-16
1.241655342280265829e-17
8.665458070188266884e-17
1.412301253393563075e-16
-5.792334201387656845e-16
3.723083063754813318e-16
-5.340878971940757484e-16
8.014422459010988051e-16
-8.016513502888565062e-17
5.618855521568424073e-16
-1.413523400414562104e-16
1.892401948345299751e-16
3.048427556601026204e-16
4.956619866069683251e-16
-2.061681502339418778e-17
8.353801981984788108e-18
1.281371304696935728e-16
3.975935096914129739e-16
1.206386709738050716e-16
-2.760813066205556788e-16
-3.018630918799131971e-16
-3.148033965819860845e-17
-1.131812413853715344e-16
-1.359884738170593356e-16
-4.466060711961287784e-16
-3.590195976130687526e-16
1.600595163856923291e-16
-8.691152373710340409e-16
9.927846442425202614e-17
6.070070290906651636e-16
-3.723955081810716581e-16
5.310722455697567210e-16
-2.538925870525167754e-16
-3.221497093114048655e-16
3.024843579404771914e-16
2.227580311811283550e-16
4.295235178207386993e-17
1.782988251556554431e-16
1.420062647471769539e-16
1.256787423159732981e-15
1.011177335036846590e-16
3.519152366212224379e-16
7.634463416015993274e-16
-3.135906836224661480e-17
2.690419904642179853e-16
1.908450900226005015e-17
-2.471601080813681893e-16
-7.514298492630655602e-16
1.216023821680727805e-16
-6.192923291701690127e-17
-7.969331274794114141e-17
-3.669239000753332013e-16
2.764730489336325968e-16
-2.215760288095903491e-16
6.523433889832892903e-16
1.981155618898773873e-16
-7.762216544911567283e-16
3.363626855985459602e-16
1.892845140959059094e-16
1.012491715562852746e-16
1.290122560525586546e-16
-1.554640344867573123e-16
2.024948724582535037e-16
2.297245466863973927e-16
8.826167379566584910e-17
-9.341998757771803378e-16
-3.686345954057247690e-16
3.060271115060598050e-16
8.627511269774737823e-16
5.880017786949500958e-17
-5.072988902241358762e-16
-9.248636557009123187e-16
-4.784720334258650327e-16
2.467134565119060986e-16
5.937343396634091184e-16
-2.343134351750484597e-16
3.821370715936168333e-16
2.523659250871805101e-16
-4.123777313298350623e-16
-1.665834123162982706e-16
-1.123918788120929133e-16
-5.062172697328320087e-17
-4.690903600526736530e-16
-3.438185187876691970e-16
-3.951484691897467164e-16
1.874127703486581214e-16
7.955692436350366291e-17
5.751003479389696907e-16
4.428628573489342608e-16
6.518002181402454234e-17
2.643356962690814190e-16
-2.765197494649409412e-16
-2.076068927647132247e-16
-3.644767945698665098e-17
-3.463335952591264035e-16
3.375425816993286137e-17
8.586881205401848056e-17
2.151344561320451723e-16
-5.636665241401210843e-16
1.312601302126079371e-15
-2.169354574634373179e-16
3.212254452562613932e-16
8.319225526921098674e-16
1.166144933771332970e-16
-1.632510279207388184e-17
5.328192252633348749e-16
1.638480330056816565e-16
3.336747778627877470e-16
-2.554441204072261345e-16
-1.723914109697287340e-16
-2.722224209849495119e-16
-3.388179352729297295e-16
-6.666241861328109741e-16
2.770623597577425700e-16
-1.411832732875527874e-16
-2.625979757650936967e-17
-3.116289825335129886e-17
-2.459831682858055751e-16
2.682841249855329219e-16
-2.768972593854628331e-16
2.739415112495563156e-18
-2.870248734236866392e-16
2.468454551266739901e-16
-5.188482481819387573e-17
5.303971093574114001e-17
1.355646613133707760e-16
-5.296549747073753305e-16
-2.338644801158908651e-16
-6.538596614447182850e-16
-4.164945990192438225e-17
-2.515495339465464205e-16
3.504895191356032860e-16
1.581955825307557081e-16
1.080951178937228570e-16
-6.699952574995407910e-17
2.384672171960876047e-16
3.028805932150907699e-16
8.088208753678224076e-16
2.329920153129554660e-16
-2.532625812232282560e-16
-7.766462762023707362e-16
-1.629545046957086576e-16
-1.300329828778460130e-15
2.241308627948858186e-16
-5.138549958356745201e-16
7.225769162857582388e-16
-2.986853531593082278e-16
-1.058544575684341573e-15
-9.757400546975206980e-17
