-3.767854894703422737e-04
-1.027907911867044152e-02
5.493058828609580571e-03
-9.131496008017225136e-03
-1.568462162914116206e-02
5.574678368980726627e-03
3.413143841096040465e-03
-1.336742282207099147e-02
-1.094471724883634527e-02
2.699200525915212978e-04
1.272401865334112092e-02
-1.348975543869749237e-03
-7.005430381945501259e-03
9.333307289883189389e-03
-1.344739519441692311e-03
-2.855052587826849980e-03
4.827734169371170926e-03
2.549608663125703736e-02
3.355596601904806998e-03
2.577388766775593962e-02
-9.991801037422932963e-02
-1.763030767505870122e-03
-2.580824378942896385e-03
-8.885377572070272956e-03
-7.622752164036148380e-04
-9.734654084316396450e-03
7.951977264145759783e-03
-1.537884528691035695e-02
4.757680173257040034e-03
-8.565158886975088662e-03
4.767017254728818897e-03
7.150952325640568680e-03
5.105466688830768811e-03
-1.128563357954224904e-02
9.189520516545009524e-03
-4.231514337703546139e-03
-2.049208902003980468e-02
1.555008575981923526e-02
-6.224772563633728176e-03
-9.387583107545822980e-02
5.702013159019913256e-03
-1.522616585645177392e-02
-1.146578883707896797e-02
-6.680466407269872479e-04
-1.227476748225178257e-02
1.705052092926111771e-03
2.223585551769208940e-02
-1.364619778342392696e-02
1.481853345963157417e-02
-9.679678536859659746e-03
-8.789740692927955346e-03
-7.318941472506377589e-03
-8.654909105934457947e-03
8.504636844464574102e-03
-1.126420757564197683e-02
8.049121641692559559e-03
-3.958950371234714986e-03
6.090960783800693917e-03
-2.237050950343772576e-02
2.701608428794759122e-03
-8.415700410204769374e-03
-6.492570515900714101e-02
-5.589766249655211267e-02
-6.938648488509126244e-02
-5.152717248401245120e-03
-2.964385853194648982e-03
7.281957871069744473e-03
3.203583596557368473e-03
2.910946062321967225e-03
-4.799757775267465658e-03
7.020411407480307148e-03
-9.323922572260090469e-02
-8.613640354219216991e-03
-5.565280999646716673e-03
-6.303151556718259059e-03
1.189892432808492507e-03
3.398568509166687577e-04
-1.988489180963483316e-03
1.951076672329395134e-02
4.651762591122964204e-03
-5.250856229152073762e-04
-6.643144281831561693e-02
7.333894679135746428e-03
-1.024587928351547612e-02
-4.416518879025833379e-03
-7.405289040127487066e-02
-7.405289040127487066e-02
6.998921533770518198e-03
7.949445388891612785e-04
-1.328867753073375430e-03
-5.362229337108804020e-03
-6.330707353120445732e-03
9.512888603412218355e-03
-1.612250850829328314e-02
-1.098044914126451548e-02
1.057271829997652674e-03
-8.210769379963870837e-03
-3.222835524888087270e-03
-2.019283192963434049e-03
-4.849930000107054683e-03
-3.529730433608457146e-02
1.140641285409688685e-03
1.791348439245977683e-02
1.791348439245977683e-02
-5.103100428156097119e-04
-7.165100968268283896e-03
9.581275319747430130e-03
-4.119518811590408558e-03
2.820372345633385004e-03
1.837375225947743621e-02
-5.789248299065991900e-03
-5.736368900788516717e-02
-2.871442975435402681e-03
1.023642708786588057e-02
-4.915634336557801048e-03
1.796619921724410505e-03
1.796619921724410505e-03
1.046994504569117440e-02
-1.685823753137041152e-03
-4.011548420366855237e-03
-1.861038736367688629e-02
-1.178884141534819290e-02
1.280229611946280457e-03
-5.542525557977339215e-03
-3.826287749349988575e-03
9.361777483769699593e-03
1.155857237557706210e-02
-1.981931369190683811e-03
1.109041049198785517e-02
8.629923687539415439e-03
-1.133806524661424772e-04
-4.904792156898496631e-03
3.182276584078246647e-03
3.176296102119719258e-03
-1.071467569763041687e-02
6.397552671569908984e-03
-6.162682097884313558e-03
3.512919813481599554e-03
1.680382613740816905e-02
-1.088604424468934267e-02
7.485230065164903690e-03
-1.281926451461978334e-03
2.341494468055778551e-03
9.823111237205440441e-04
-1.337172553187129624e-02
-4.549749583958696830e-02
9.065948572743818407e-03
-7.818016702939457885e-02
9.566542391452634991e-03
-5.583712714881432053e-03
-2.052208648452555351e-02
2.405246685615154267e-03
-3.843836188100968609e-03
7.955177474707633353e-03
-3.394173806671535454e-03
3.522587841984448076e-03
-3.445358577152112661e-02
-1.488468772482433485e-02
-1.469698407038935945e-03
1.241235664408182589e-04
4.733984599055644608e-03
-1.002614922472239156e-02
2.765480976290894330e-03
-1.003532194945726819e-01
4.018139223232353174e-03
9.228748966777777785e-03
-6.569016742364823698e-03
-1.262349645702448564e-02
1.294222456414992339e-02
5.654763786542343559e-03
2.846537243578250239e-04
-1.420075369336033788e-02
-1.432558730034572958e-01
2.565243036291777780e-03
1.737094841105887421e-03
-8.601793322924112736e-03
-9.458078836297510381e-03
-8.637692254140238350e-04
-5.360775773278740435e-03
-6.251252065935511935e-03
4.602012000689494411e-03
-3.378514147309402520e-03
7.254097313833241661e-03
8.967797643717429629e-03
-9.555912192467534705e-03
1.808646885059089294e-03
1.075518920034249613e-02
1.214259910027336818e-02
-4.633050073632232618e-02
-2.379880208772152186e-02
1.299496764906885688e-03
-1.403985071902627904e-02
-3.050626520128156549e-02
-1.554657096820866169e-02
-1.840060733310484864e-02
-5.638746145011920910e-03
4.875807026995599563e-03
-4.437218952913365988e-03
-5.157668420318941779e-03
-3.080024574925446443e-04
1.543504327055057052e-02
-4.104771622324623892e-02
-1.872131481886134263e-02
4.816234067477424656e-03
1.584375501961434720e-03
-9.681232127930842687e-03
3.189116354055522833e-03
2.898397053250408029e-03
1.804298031630192922e-02
-4.844206904620761318e-03
1.204624303689909130e-02
-3.538651074024012910e-03
-3.538651074024012910e-03
1.108521108503990327e-02
-6.126192182011583331e-02
6.658994548820534702e-03
3.168776251601499502e-03
9.441611165658682012e-03
-1.131005317840776125e-01
1.532630791890162401e-02
-3.056822702919110429e-02
-8.275603259811017964e-02
1.184754750024499120e-02
-1.936176222176401798e-02
-1.730442987732206533e-02
7.424316368249123284e-03
-7.701536419599181067e-03
-1.298385653204738033e-02
5.328610245297882818e-04
8.122622968351226810e-03
-1.011399922846612127e-02
-8.183064124935553532e-03
-1.542837303255648225e-02
8.293706859022847294e-03
1.499551226403239264e-03
-1.770369595827958522e-03
7.204070847370966282e-04
-9.569361731598989909e-04
1.137135095512795298e-02
2.463685937345556822e-03
-5.301728869755009677e-03
-1.374226160574331702e-02
-1.853793719941574519e-02
-4.490353840520543670e-03
-4.490353840520543670e-03
-4.397115417073503389e-03
-3.610728868452876567e-03
-1.260401745373922709e-02
7.123338711523360305e-04
4.849098553785424238e-03
-1.335095418167719320e-03
-1.435099439222929131e-02
8.102166049741010845e-04
1.545522289959606541e-02
1.606928436841026375e-02
-8.150081185045151069e-03
-2.638277150645462407e-02
4.479703739079929012e-03
-1.890656104792006603e-02
-2.617013948493984374e-03
5.406172930194108259e-03
1.434226230922471673e-02
-2.352564098512822163e-03
-1.559138936264000026e-02
-9.790632531540439942e-02
-7.405913594419172817e-04
1.674608199491435696e-03
1.674608199491435696e-03
-9.826916964688169401e-03
-6.301892645000264047e-03
5.544870984426561455e-03
-1.403454657632844695e-02
-1.773219797326937297e-02
-3.814243232867910866e-02
-5.188261388673322261e-03
3.801336772640425809e-03
1.327191849553823258e-02
-1.424023346545184344e-02
2.147528295945239345e-03
-3.423759331259096286e-03
4.141754231597120917e-03
1.298236213829926343e-02
5.654931109181923245e-03
6.782877717531436701e-04
-8.851008444370059899e-04
1.017142935630754906e-03
-2.306491546909904267e-02
1.259372599232495664e-02
5.376703178282604863e-03
3.814175848741930414e-03
-6.097062455977156521e-03
-8.455249603177953516e-03
1.245377610454004823e-03
6.585656567804759436e-03
1.987498491758756414e-03
-6.856144927739922512e-02
-1.421222100427466106e-02
-3.453900688153471038e-03
-5.079087671694659106e-02
-4.172651019574344193e-03
-1.493175594115748149e-02
-7.818630243407787006e-02
-2.078309709666898569e-02
1.628368555252508298e-03
6.022973887211922894e-03
2.656000002243416548e-04
-8.715097382814605831e-02
7.458298485258204637e-03
-1.879006937345216650e-04
-8.520735607142745568e-04
-1.288886227844132648e-02
9.535935967198086102e-03
-9.298463328085851409e-02
9.381526052896833889e-03
1.588268004347945933e-03
7.116270591549843892e-03
1.587742846967774837e-03
-5.991442082672990971e-02
-6.876438410463196760e-03
1.161820161135972314e-02
1.665610608927093478e-02
1.292675589271773812e-02
-1.553677384042378030e-03
-6.393485088569749808e-04
-8.120557624575506367e-03
-3.514205537259598635e-03
-5.936786635302220005e-03
-2.934638413848161126e-02
-9.335098315298802699e-03
3.269426746546908250e-03
-1.404383960804806526e-03
-2.203591195141968093e-03
1.392658942246977928e-02
-2.335788248984996349e-03
7.705665288074567887e-04
-1.566809386362813181e-02
6.685064695901836267e-03
1.206498946564791251e-02
-1.649655093012829515e-03
-5.742143160008655184e-02
-8.245967158160128971e-03
1.751965594329072881e-02
-1.035331735330960977e-02
2.147578683914169034e-03
-2.436500148572542587e-02
1.289694164447292239e-04
1.138727129060790669e-03
7.259491294379832871e-03
4.524789575331069659e-03
-4.777565576864734043e-03
-4.521985040164153320e-03
7.013971214231528271e-03
9.765922855467954952e-03
1.195315055476935074e-03
1.302650585365675191e-02
1.276008278275883936e-02
-1.769611615895187381e-02
1.577174005387495248e-02
2.063651143805944610e-02
-2.770552084955201291e-02
1.104974547117797135e-02
-7.587935041854734775e-02
-2.364264236302392186e-03
2.485846884715874668e-03
1.823848050840255058e-03
1.374159836782358913e-03
-1.626431878081133209e-04
-9.679843105796013050e-03
-3.837107428647820555e-03
-4.690681338034962365e-03
-1.423698883385316610e-02
-4.325785103824712242e-03
-3.923988625668496828e-03
-6.073030228804521258e-02
-8.697296427366021931e-02
6.605748295882930832e-03
1.736389412127558717e-03
-1.796035047392989803e-01
5.354717133580078579e-03
-6.040911224571773007e-03
7.678518640331592066e-03
-1.104339542799661483e-02
1.210901865206549539e-03
1.350405965796978164e-02
1.042332164037089275e-02
-1.380290960670890743e-02
-1.388671534034383460e-04
2.698968325877672270e-02
-3.617188988685162733e-03
6.159329868292790812e-03
-8.567088222504551723e-03
-3.393766625383181322e-03
-8.301649239838629346e-04
-1.772534360621323343e-02
-5.982211614770791691e-02
1.476770979710062071e-03
-2.609929732146381480e-04
3.946219990646395587e-03
-1.517971686608522112e-03
1.306304357886695598e-02
7.911124617772633026e-04
-2.390519148034645543e-03
1.676321385436030246e-03
4.121517622736810792e-03
-1.747811426617192077e-02
1.494730373540939170e-02
-2.477533180029251134e-03
-3.175354718561744505e-02
6.540085845140099783e-04
1.626395756970482401e-02
-6.429336637415876063e-03
4.952986290400011697e-03
-1.836958702530104483e-03
1.367063284368438478e-02
1.118011933809997215e-02
1.453343640323536377e-02
2.194730696327527094e-03
-9.832571136038199822e-03
-1.599303566653577412e-03
7.648042950962686930e-03
-4.580684757925079266e-03
-3.118559385988569146e-03
-1.473596753919623713e-02
-1.572366578372107540e-02
-1.164132841889722880e-03
-1.164132841889722880e-03
2.113962665521691242e-04
5.104500374640686192e-03
5.104500374640686192e-03
-1.430295760003750215e-02
-1.031638569010257661e-02
-2.031650037808178932e-02
4.033263425078463353e-03
1.472285353542812647e-02
-7.056537072853194710e-03
3.064971764130128631e-03
-8.035629348869581523e-02
-4.626460348151385966e-03
-1.355337554591426116e-02
3.445171750898313925e-03
-5.308974793446771335e-04
1.521129189684732909e-02
-5.401044741911505999e-03
-6.010295853823247915e-03
-1.303294570881011931e-03
1.474491607942623322e-02
4.181856708637111952e-03
2.343488163895033130e-02
6.773308180556249225e-03
6.905176483897385552e-03
1.212879644212227701e-02
-1.372746097295684739e-02
1.750627158083583592e-03
3.940545275793298080e-03
-5.171018411428930981e-05
-3.944345978257119550e-03
-1.005474861733731372e-02
6.749136570908805671e-03
-4.495295518617871584e-03
-3.298750279620024650e-03
-2.844574454651677305e-03
7.525486663391993750e-03
-6.563904857181267205e-02
1.798663229280513670e-05
1.180240420887049453e-02
5.652697832409520474e-05
5.836550365197559938e-03
5.269285945271682398e-03
1.153723008829945704e-02
2.032824583372405854e-03
4.459979277383745513e-03
-4.817627688839540637e-03
-6.329748115820286146e-03
8.791098204331212335e-03
-1.373382402104554416e-02
-2.155870812447726464e-02
8.288639721362286300e-03
-2.501353081677063547e-03
-4.794823844526592029e-03
-1.114918830010815098e-02
-1.685792732871444063e-03
1.119704258002588229e-02
4.721956389146038553e-03
1.049544436764033618e-02
-2.209300480011638576e-02
2.253853656691359383e-02
2.199962491963711880e-02
-9.208647016346476616e-03
-2.907195541220779569e-02
-8.808519330781659773e-03
-2.601206010291801703e-03
2.098066928605248765e-02
-7.681415158365446222e-03
9.583548859255828058e-04
2.223630087265075685e-03
4.161996157046541842e-03
1.890762552225847774e-03
3.640702665096444413e-02
-6.044016786600108979e-03
-1.176699367381276590e-02
9.018045404903049164e-03
9.018045404903049164e-03
1.109670133235837221e-02
-3.578709149819571042e-03
-1.675091708367568502e-02
-1.645405571091322194e-03
1.479993955555549377e-02
-2.113879530472912056e-03
-4.609065963061651644e-02
3.408142823855017482e-03
-3.953118987881965724e-02
-5.092805974737427653e-03
