-9.711330658153030648e-02
5.026889026043693948e-02
2.987008196902487883e-15
2.083595847015280115e-03
3.222421408849600929e-03
-3.033979045914825604e-02
-5.230831363527916125e-03
7.320075297768153556e-03
-9.202002849892417041e-17
-3.709484824751034266e-03
3.458360142245239105e-02
-3.021080322663330722e-03
-7.600889649147360427e-03
1.684645991924165875e-03
1.957679851539173550e-16
-1.619685752120326839e-15
7.018404809521050139e-16
4.469300657759939233e-02
2.383572618542153382e-02
-2.238390815580283688e-03
7.328541417297305266e-03
7.328541417297305266e-03
2.534731539123148159e-16
3.053516717160310347e-16
-2.850245276869462201e-03
2.633770671978532252e-15
-3.713150901567007812e-03
-5.244865164189316253e-02
3.179184937406528272e-02
3.179184937406528272e-02
6.110316309689603086e-16
-6.216741666104363094e-03
3.247147807550526677e-02
-2.821543947644825166e-03
9.870995343306585013e-03
-8.349322833272405237e-03
-7.281009239208719418e-03
-7.281009239208719418e-03
4.753756414793871427e-02
-8.866732256867900748e-16
-8.866732256867900748e-16
3.308091431996076047e-03
1.064698918278493035e-02
2.911778744936559396e-16
-6.405169606594194633e-03
-8.060630624396894484e-03
2.926799969933517945e-03
-7.627364714781729657e-03
-5.249564162078143581e-02
-7.058551641971432020e-16
-1.610817023715200094e-02
3.689153444972648275e-03
3.526005632369887382e-03
-3.024201420934197020e-03
9.052857825895657727e-04
1.532111131667459290e-02
-1.885048032817669434e-03
8.589397472940848294e-03
8.589397472940848294e-03
2.243542657478948127e-02
4.302858791173155145e-02
4.302858791173155145e-02
1.421404795994036436e-15
8.824659145427631024e-02
2.954942841472922490e-03
2.954942841472922490e-03
1.587052567216863971e-15
3.343692830884741757e-02
-7.456719803497451407e-03
5.143683978835428272e-02
-6.997807704296400699e-03
-9.656615469641527394e-03
-6.176941346331977882e-03
-3.276759964089200582e-03
1.914722148317740029e-03
-8.232550666824349027e-16
4.597170285071622807e-03
4.597170285071622807e-03
-4.739869233480005148e-03
8.868673345583677481e-02
2.284894290827473723e-02
1.935334828274096735e-15
4.569342268949330710e-02
4.569342268949330710e-02
-7.513907071423906511e-04
-1.217317306643275678e-15
2.298927437528935479e-03
6.037101425073541916e-02
-2.972657766560134890e-03
-3.110811640554129488e-03
-7.830359711696708788e-03
9.310475750369802406e-02
1.547742447831897995e-02
9.508181056085968033e-16
-5.082954422182197826e-03
6.769618259340987043e-02
1.071706067687120713e-02
1.071706067687120713e-02
1.071706067687120713e-02
1.461062198407622401e-02
3.086065060288952985e-02
1.009857856312788432e-01
1.009857856312788432e-01
-1.307943292845337181e-15
-3.070165349226967877e-02
5.393793507729915948e-02
5.393793507729915948e-02
5.393793507729915948e-02
7.525854089596982835e-03
-5.989975122168375056e-03
-4.847972972891882726e-02
3.616741715573081745e-02
5.921992651791738865e-02
5.921992651791738865e-02
-1.429055080019651799e-15
1.235320507430695200e-02
6.810429518907536520e-03
6.810429518907536520e-03
-1.249944756230063597e-15
4.530001451725895745e-02
1.426421055801160254e-15
-2.611253254381360953e-02
-1.594436259118340864e-16
2.711242943477198616e-02
-5.648188271022604699e-03
-4.482091781055234088e-16
1.292379443441616336e-16
1.292379443441616336e-16
3.196077068015453632e-02
1.651602361008532157e-03
-1.496728043774788169e-03
8.246600598933288145e-03
-2.751434063225351174e-16
1.049063572243699564e-15
1.107903900523429450e-02
2.095813621394892012e-17
1.212155752197344574e-15
-3.392535626093428746e-03
-3.392535626093428746e-03
-4.839096139535536099e-03
-4.036209799333733556e-03
9.005143282065611494e-04
2.300437462644748115e-16
2.349799504811035059e-03
-3.064728746087853136e-04
3.724543104847785613e-02
-3.319367522866673720e-02
-7.829774653880516855e-04
1.394397245889977137e-15
2.124591520736245076e-02
-2.791741827605911247e-03
2.597784185147214378e-16
-2.678979340556381742e-15
2.288982244721108998e-03
2.448301529042447820e-03
-1.031850418338253056e-02
9.525609748804040461e-03
9.525609748804040461e-03
9.099373602551088028e-03
4.436403037445246084e-02
-1.636195957317333568e-16
1.134329961356298456e-15
-4.418968451588237504e-16
-4.461775695815180937e-16
7.243088144551901232e-16
4.824276534408884071e-03
4.461986484473848963e-02
3.083690668797763046e-02
3.083690668797763046e-02
4.848892115349125176e-02
4.837711612401488642e-03
2.420472479681916051e-03
-6.645753890420503726e-03
-1.854793562561487428e-15
1.319625601296077824e-02
1.497051761480155955e-16
-6.272648791536824201e-15
-3.609933948321351633e-03
-3.609933948321351633e-03
-8.057522139690803317e-03
-5.561202543242595338e-03
-8.933615371227375535e-02
-8.933615371227375535e-02
-7.631819439651192812e-03
8.758656445791256149e-16
1.270463505779042233e-03
-5.189924646257183647e-16
-8.878111603794465448e-16
-3.017990512632145322e-02
3.070460552480261517e-16
4.569010270443476379e-02
2.648704949420116472e-02
-1.743018304783614620e-03
1.503697252638415242e-02
7.999045346941176943e-03
-2.568990089888239653e-16
7.476133409589013760e-16
-2.822614097995460036e-03
5.715564783432795087e-02
-1.139907696515186572e-03
-4.276310929802630903e-03
-1.099295712236386665e-15
7.357706054428554687e-02
-3.881900255738070672e-03
-3.881900255738070672e-03
-2.736634451614716398e-02
5.639513480057236489e-02
3.011833946755798543e-03
5.465940001547835251e-16
4.204285960743261996e-02
3.719752763639616017e-16
-8.502278884973167930e-03
-4.824699672023551230e-16
-4.824699672023551230e-16
-9.821405778907617290e-02
1.148546154700492390e-15
8.018321808119577287e-02
-2.371270075223348359e-03
6.403141317165230058e-03
9.269321329788495628e-03
7.494708106145440238e-16
7.494708106145440238e-16
3.762296826136622696e-03
-7.311171825003052842e-03
6.374590451211715851e-03
1.809241912713087722e-02
1.442019920683718613e-03
5.221953459517453267e-02
9.702772817469009501e-04
3.077366239014424701e-02
-4.284571641497730843e-03
-6.721771045758881359e-04
1.607510706113512424e-03
1.607510706113512424e-03
1.073224610830013186e-02
-4.196700998060557200e-03
-1.133970941689794681e-16
-5.767622661223951562e-16
7.607367941916055865e-02
1.399140045916988026e-02
-1.307869204776932956e-02
8.099025379072914699e-03
3.756170923504892719e-17
3.756170923504892719e-17
6.954986657274848938e-02
2.101851744770108499e-02
5.183456968313262386e-02
-9.320369341933590346e-02
-1.145636357061020558e-02
1.258868188442801997e-15
2.016053146710864580e-02
-3.117712533595713467e-16
-3.308891307940595768e-03
3.264956792958766292e-16
2.984128008684227441e-16
-9.913050897984480251e-04
-3.910766770769187606e-03
8.502471104110230146e-03
-2.857254603880498081e-02
5.112151622261117308e-03
4.687862904331894370e-02
3.626007663071430243e-02
2.778241961750922695e-03
5.647697396846788384e-15
7.953573788887372334e-03
5.300868705185919305e-06
-2.790926985291538893e-03
2.997818479881513433e-16
8.613522334648632348e-04
8.613522334648632348e-04
3.493571731678257047e-02
3.493571731678257047e-02
-1.148344830247854595e-02
1.197979873125438327e-16
1.562237590246323346e-02
1.265471135446029826e-03
-3.046395960600379108e-03
3.199090340624324846e-02
-2.297153352953649701e-16
2.707976600457388198e-03
3.111368286889578880e-02
4.668816697671274857e-02
8.728381610118336395e-03
-8.750707412401464991e-02
1.804068597876974936e-15
6.150971834665534821e-02
-1.029089176224367609e-02
-1.258527714423758256e-02
-2.296784940075914272e-16
4.253018551932810122e-03
3.652344728611229413e-02
2.914225299265797708e-02
8.424997104744993970e-03
8.424997104744993970e-03
5.378966617407943129e-02
-6.067382805908822820e-03
1.371635612238697655e-17
1.700478060987475198e-02
1.700478060987475198e-02
-1.009349495261484958e-02
-1.009349495261484958e-02
-1.912101644855433713e-02
-7.778381312728894451e-15
-4.582705606761302945e-03
6.747151537756408690e-03
-3.473363942602044859e-15
4.334079637296359144e-03
2.902709857180706468e-03
-1.311333462113470349e-03
8.828405865145855236e-02
8.664943763539024532e-16
1.203045072384767721e-04
-6.357755017010772430e-16
-1.250273569247299307e-02
5.333005933135031434e-02
3.649779036777420216e-02
7.885133096312913273e-03
7.885133096312913273e-03
6.404955878482176262e-03
-1.781938717553140584e-16
2.621706585079307174e-03
-5.081856538976315882e-03
-5.081856538976315882e-03
5.653996543273698272e-03
7.232479810943228359e-03
1.157341527104898673e-03
-6.413359591258928957e-04
7.041220373350595573e-16
-6.278923794727623610e-04
-4.164985830192947979e-04
9.005077399481619879e-03
-2.823133397576182234e-15
-7.354970328194246690e-03
-6.585290366678252585e-03
-6.585290366678252585e-03
1.485322505575667473e-02
1.485322505575667473e-02
6.205368215417914057e-02
2.475201948531377538e-02
-7.292933083557085437e-03
1.761439314478736301e-15
-2.929967399575443597e-04
-2.929967399575443597e-04
-7.104891605625283761e-03
-2.715851506849551508e-03
-2.716744513855053219e-15
4.771018450885279767e-03
3.928210220289235326e-03
3.928210220289235326e-03
-7.744810226464235144e-04
4.792890852205737573e-03
-1.724085435675753487e-03
-1.235312850275669642e-16
7.984365855809095677e-03
7.984365855809095677e-03
7.984365855809095677e-03
-3.030553544148240769e-02
9.725604859800562885e-03
9.725604859800562885e-03
2.030681246371917551e-03
4.906436044243071143e-02
8.118452821779474290e-03
6.706317133165330679e-02
7.585770001338541617e-03
1.049097880823150926e-02
-1.912900977562191282e-03
-5.786250570828669476e-02
7.017352942193010382e-05
1.215127684073750297e-02
3.372846135755780406e-03
3.423539663570963159e-15
3.423539663570963159e-15
-1.598504165282413131e-03
5.071205559240524186e-02
4.660316878923420440e-03
1.327296115250464522e-15
5.618700666964342172e-02
9.704772610878017614e-17
2.990267232922609250e-02
-4.066748927263213007e-16
4.115489758830239049e-03
-1.847195765927721681e-03
6.104399611140292475e-02
1.224507250967548505e-15
1.224507250967548505e-15
-1.725937583328938381e-16
-1.500230358529701578e-15
-2.284832406248679303e-15
1.570178128766947651e-02
-3.232859093077365947e-03
-3.705171288082013265e-03
-1.935787756126595158e-04
3.971176806836607814e-03
-4.799296293299502321e-05
-1.056209028582232001e-15
6.796877389092046556e-03
5.016797857558499135e-02
5.016797857558499135e-02
-1.118663459347606397e-15
-3.034000353925924592e-16
5.356441821640558522e-03
6.104333470756412789e-17
1.178621302635711264e-15
-4.445223767649886942e-02
-5.074066167232160751e-17
-5.074066167232160751e-17
2.124529436633562640e-03
2.124529436633562640e-03
-7.476009393969280534e-16
-3.826122475002111112e-02
4.065392364147352167e-02
4.881753397568597275e-02
-3.428816995438618910e-16
-6.569298600587236735e-04
6.846295081325702754e-03
1.442197749046535311e-02
-2.678573545879935937e-03
1.430986014306482731e-15
4.667963304848554186e-03
4.667963304848554186e-03
6.297880474027021727e-17
-6.487503514952355330e-16
1.456537169123709244e-02
2.509177317707427662e-02
2.509177317707427662e-02
1.108749039842318006e-02
4.712365152008602580e-04
2.237538444449764931e-04
-6.223382417114011862e-16
-5.428319969608698392e-02
2.340961508052920650e-02
2.993593480139039587e-02
-1.932831530938626556e-15
-5.171823453429046481e-15
-1.665665416205650701e-02
8.299226680833244208e-04
1.966139511590797303e-15
1.409576091774499516e-03
-2.029275059921923492e-16
2.596272789064281526e-03
-3.151104663373625187e-03
-6.236733638766828181e-02
-2.540583917050697003e-03
4.545087933267007857e-02
-1.302030583050263479e-03
-1.302030583050263479e-03
1.168756741461157407e-03
-1.627595868725154743e-02
-1.627595868725154743e-02
5.680654513242449494e-02
1.561671536725394967e-03
-9.350880030482192073e-03
-9.350880030482192073e-03
2.342950040252994928e-02
2.342950040252994928e-02
-7.823355076411768125e-03
-2.070292682925817078e-03
1.533751197812754583e-02
-4.208700160284599227e-16
1.011187850437905525e-15
4.892802791550573266e-03
3.376517794523335128e-17
3.376517794523335128e-17
2.608942958578189947e-02
2.608942958578189947e-02
1.218714853254142201e-17
3.482427336668199140e-03
-1.450842039983031226e-02
7.467453334469722516e-03
6.972164689653334579e-02
-1.338427552430615139e-04
7.838119108936359228e-03
7.345551113161567758e-17
1.994867536768444791e-03
1.994867536768444791e-03
-2.675331317270118574e-03
-3.165905248611569182e-16
4.906211746250476076e-03
4.463203117664426478e-16
-2.762268079135555329e-03
-1.097517156278401441e-02
1.802917380766059074e-15
-1.123853441820524789e-02
4.807487828279356779e-02
-5.483157814359406954e-03
-4.425929598810716444e-16
-8.118508248626759780e-03
-1.440832689432722968e-16
2.649158412963209183e-02
-2.674447104670409428e-02
3.528127514250348207e-02
-1.195831105757150497e-03
2.533442065825895068e-02
-1.682156813952716962e-02
-3.858265101399573719e-17
5.678460058563695317e-02
6.739866340388387354e-03
1.207279628742767737e-02
-8.269124659329401932e-04
1.493492017539423884e-16
5.260357993416667904e-02
3.767290835743414973e-02
-1.265849641191054125e-03
-8.478456488974142954e-16
9.988430253330855824e-04
-2.866718447680577375e-03
-2.866718447680577375e-03
7.066102017736937239e-03
-3.777638037044478425e-02
-4.961109237192242415e-03
9.851028090203461929e-02
-1.858219824923804705e-04
