7.314998651362340882e-16
9.374647892345612174e-03
5.745296662192507205e-04
-4.480010677684215584e-03
9.501260485652578878e-16
-8.257291586773757519e-16
5.678161684027255296e-02
5.055253046237748182e-02
4.574484800501407537e-03
-1.192509953874665816e-02
6.073237200729848806e-05
2.420482297230569014e-16
4.385643267997744316e-02
1.501199341608483104e-02
1.133663651791331334e-17
1.776758912122344825e-02
4.275027420051615012e-02
8.192930017601722124e-04
1.251501973317955055e-02
-9.881388087471087625e-16
-1.501467375697395322e-03
8.225937173925058121e-16
-5.836121747256286900e-03
1.037361132137246990e-02
3.614703210188870148e-17
-5.336521718500036697e-03
6.839192819849160797e-03
1.455687235691142814e-03
6.878318696363436291e-02
1.880072860264973399e-03
-1.164143149059076930e-16
1.311765196211052246e-02
1.311765196211052246e-02
6.258813007504912540e-02
-4.835190147543080678e-03
-5.824923123886298218e-04
2.262791225674054899e-02
6.760403828406437137e-16
1.247413012833234990e-02
-1.356522995716355484e-03
9.903314401719430797e-16
9.903314401719430797e-16
6.690643438385849781e-03
1.744565998489648880e-16
-7.566002211428644181e-03
-8.822301743987330525e-02
5.594998827114677157e-16
-2.889726335671977814e-02
5.099659519034641098e-02
-1.140684559668228223e-02
5.044565070335093639e-03
-1.220943654266791511e-03
2.229543815943981369e-17
3.137967951101905406e-02
7.895635948153334786e-16
4.918655418798771606e-02
-2.034447755461880984e-16
5.782592286950453795e-16
5.782592286950453795e-16
-4.727816658747034922e-04
1.898184960679548741e-03
1.644587741229629619e-15
3.093645693594844872e-04
-6.382305474398741740e-02
-6.579197546969088248e-03
1.041222129646997167e-16
3.421200270475937416e-02
5.670139368053530183e-04
-1.112955683697759838e-16
5.185640390576397311e-16
-2.546358763463881653e-02
-2.284980499253187053e-02
-3.543419193780240027e-03
1.572169133286089454e-02
-5.455017522796055084e-03
-8.163609734940792742e-03
5.140227887930486073e-02
1.986284458768518887e-03
7.273129611740224154e-02
-2.284510580926991594e-02
3.483523396903952067e-03
5.623718308738610838e-02
3.057158892076290250e-16
3.057158892076290250e-16
2.914335439641009295e-16
9.755341612151571459e-03
5.098842823084985543e-02
-8.373243848554519017e-03
2.597475317827510274e-02
1.368468234788461184e-02
3.188723032990853617e-03
-5.981019074020907730e-16
-1.618591175181164016e-03
5.330628027155660809e-02
5.330628027155660809e-02
-1.181503864229644060e-15
-3.996300888018643813e-16
1.690387212884670795e-02
7.116512751565241650e-03
7.116512751565241650e-03
2.368237359794207741e-02
3.531747010490297878e-02
-4.536659106185761100e-04
-3.712702995004179413e-02
6.712949416677520265e-02
1.333421984496833669e-15
1.567395124096588113e-02
-2.655128879504654090e-03
-1.724036252430094854e-02
4.789353308937431726e-03
4.789353308937431726e-03
2.559110355825670521e-02
5.734298989091007534e-03
2.912513098253768223e-02
2.912513098253768223e-02
-1.119213994889818944e-02
1.479142300643566162e-03
1.159860841903991588e-03
8.812859848466839119e-02
-3.249824189955781255e-03
-7.627292920726094597e-16
8.986322235392786573e-03
4.009480544967291421e-02
-1.838854761420833373e-15
2.358180194107242084e-03
-4.099065616717205776e-03
6.421550647219040342e-02
6.421550647219040342e-02
3.261705137982937736e-02
-2.214190633205475461e-03
3.314079836793433747e-03
-5.007247104942791696e-03
-2.407291296003437657e-17
6.557709809090349340e-02
2.040820021901263232e-17
3.807933383739248862e-02
4.427753294952928288e-17
2.625222333257619389e-02
-2.349292876162980062e-03
1.137436263201254827e-15
-3.797788061838299617e-02
-6.188636594516180173e-03
-6.188636594516180173e-03
2.052336922872205774e-15
5.976075156734878512e-03
5.976075156734878512e-03
2.467084421363848964e-02
4.516409857675801783e-03
-6.240151927317708069e-03
1.656085951033745513e-16
6.794187522979320583e-04
-4.979223483352354304e-03
4.531162368943881559e-04
1.668451437962645972e-02
6.358200938830361935e-16
-3.889847975374851729e-03
-3.594821249109399555e-03
-5.453602976446812745e-02
4.981024431369941025e-02
4.981024431369941025e-02
3.316695506560961293e-03
4.858895989118891534e-02
-1.055027748654274386e-02
-4.083994937669475911e-02
-1.059094130695416845e-15
1.187402302370329892e-03
3.245239138210227574e-03
-1.088779079783268707e-16
-1.088779079783268707e-16
-3.963704184406911801e-03
4.486448921047081137e-03
-1.722106027338254541e-15
-9.591328022000937190e-03
2.869850242429053053e-02
2.459038129976254456e-04
4.855827880853311282e-16
2.361514481026521367e-02
1.653737898864422393e-02
5.645487710015476696e-02
-2.548427248448658592e-03
-1.973895839883377593e-02
-1.973895839883377593e-02
1.256259747116421181e-02
-5.662443663765556051e-03
-5.662443663765556051e-03
-1.777971806608169515e-03
1.325538690376889227e-02
5.034356659779867273e-03
5.034356659779867273e-03
5.431326552132516999e-03
5.970320916191380195e-02
1.357174828010138441e-15
-5.562431483246910341e-16
-2.691914910906099339e-16
-2.691914910906099339e-16
-2.691914910906099339e-16
-2.691914910906099339e-16
-2.691914910906099339e-16
-2.691914910906099339e-16
5.440351805804873806e-16
-4.799274832537755824e-03
-2.450770493590818808e-15
3.486443140919949605e-15
1.500882303439899984e-03
8.354222679601516978e-16
8.354222679601516978e-16
4.996070007340015079e-02
5.827363922087698471e-16
-8.091133583902898607e-03
8.575429772758342423e-03
3.569413162686876917e-02
-1.171504279439236868e-15
-3.168228337787042536e-16
-7.290909171765407384e-03
8.320236281566296965e-02
-4.204845486087968078e-03
6.528204760463575396e-02
3.897586524132316127e-02
1.947612409683880527e-16
3.630237466190060908e-02
5.601926892229306537e-02
6.065561381501867466e-02
-7.739945573808170928e-03
-5.556075066679753462e-03
1.217073171939323319e-15
-1.137468088659283677e-03
1.873280589113737092e-15
-9.784005344608655980e-03
-9.784005344608655980e-03
3.952460661247356871e-03
3.952460661247356871e-03
3.952460661247356871e-03
3.952460661247356871e-03
4.000055634311953240e-02
6.639859108343018623e-02
1.169218502329906900e-01
1.865005631030199063e-02
1.116235029525321915e-02
-4.812182704561864498e-03
8.970878381796231187e-04
-6.002574256302972873e-03
-2.875750838033614559e-03
6.032008280699709298e-03
3.709400325449706270e-02
5.143487434723274798e-02
7.727875793432153681e-03
-6.218453998055646971e-16
-2.189263054974569336e-17
1.950434364651479693e-02
4.645584165392961875e-16
-1.332342901373574214e-15
-1.582684474850508547e-14
-2.556400115861247584e-03
6.907024086720933709e-02
2.937638887111156209e-15
3.998721583008767871e-02
4.019221484355489649e-02
-4.482156836270193012e-03
-1.830448055493430079e-15
1.908499808558824628e-03
-8.389370348175512609e-17
1.759578769323955376e-04
2.690170544960106529e-03
2.690170544960106529e-03
-4.875952143911740401e-03
-1.401801958857713543e-03
5.992851857816090116e-02
-5.195196870233527541e-15
-3.208326242638210452e-02
6.196029136553903721e-02
5.511874131018722200e-02
-6.273530049245343299e-02
8.902094261613513124e-04
4.166925941906576142e-02
5.422831098400508060e-02
-6.624811405190691550e-16
-1.589617087863189060e-02
1.092235396927405608e-02
1.994985878704542929e-15
1.647184063787299202e-02
4.811797502464856824e-02
-5.572431512107945545e-03
-1.033793547728506512e-15
-4.440997250588666826e-16
3.258651421024152820e-16
-1.338401409350782351e-03
2.357441358689999628e-02
1.829276436066554559e-02
4.526126894794533367e-02
7.108664123708104132e-02
4.003941939349682684e-03
1.665366385118098632e-16
1.117368469337093094e-15
2.582261125564674301e-03
-1.928389026116474782e-15
4.119690626730838912e-02
7.539704001417272053e-03
-3.910527316892591445e-05
-8.419894488280278115e-16
6.166977175439165848e-02
7.068056963979571019e-16
3.507398616552490772e-02
1.296815861203534821e-02
-1.991752922723855245e-16
-9.893979072742844827e-17
-3.307175065305662225e-03
-2.398937499092589614e-16
6.554111449840973984e-03
6.554111449840973984e-03
-1.019579704983771332e-02
4.399759457280463191e-15
-7.704059159623509803e-03
1.617193513472331329e-17
8.622209570120864183e-03
6.591244498553295532e-16
1.750146185768538740e-03
3.251023333777117077e-03
3.251023333777117077e-03
-1.035341386129249258e-16
-2.264834806070084344e-04
2.187496808453293171e-03
2.187496808453293171e-03
-3.944174918868176803e-03
3.004616821669687382e-02
1.527928804547734089e-02
1.527928804547734089e-02
-3.836521636606581021e-02
-7.104604137191946646e-03
-7.104604137191946646e-03
1.184886013486398174e-16
1.184886013486398174e-16
-3.046573239989798776e-16
-1.700342615093333731e-02
-1.951932369805981844e-16
3.723450546448977758e-03
1.323318506185787707e-03
1.323318506185787707e-03
8.620923774973274754e-16
6.015355988902151840e-02
6.106827599110923460e-02
-1.610947292548365033e-15
-9.846087414125653680e-16
6.463806723217773754e-03
5.276125865107113982e-03
7.479923283104006337e-02
9.653487370380443855e-03
4.682281362115826157e-02
2.460804444832221868e-03
4.822758049632623611e-02
-1.061732484668066875e-03
5.704088341014924846e-02
7.992059344192982417e-03
6.750290835689884417e-03
-1.491417535133637146e-03
5.119091400957944890e-03
2.126770981481130393e-15
8.222968734957224191e-03
5.071335338570488217e-03
-4.076545102926145553e-02
-4.076545102926145553e-02
-3.682232353388484401e-03
-1.906387832100665466e-02
5.721485667994636496e-15
-1.374087880535513478e-02
-6.322948581897763765e-02
4.461958508870646385e-03
2.638080045142924060e-02
1.095858827455511640e-17
5.121241927579646414e-02
-2.846261519252571006e-16
1.886894784927792279e-02
3.127346043123471753e-02
-5.989147777439833434e-04
6.581499065171347689e-03
5.478440884066937411e-02
-1.643943002925363000e-03
1.954103305996848783e-02
-6.832199625294573669e-03
-8.723036440327864433e-03
-5.912822898104744089e-03
5.578178952668633173e-02
9.623563844168380940e-03
8.055747502707754151e-03
8.055747502707754151e-03
2.405345800460355690e-02
9.109749572006791210e-03
1.999116276545088652e-02
-3.600271090805467440e-15
-1.983604291175138228e-15
6.169819708868962832e-02
6.169819708868962832e-02
-4.516278690636491878e-03
-8.822511379089408397e-16
-1.167315125974556153e-02
-7.140100850149691016e-03
-4.772981545172381990e-03
-4.772981545172381990e-03
3.212401435815034922e-04
-1.181734341284558161e-17
3.649793873623954910e-02
-7.465274058115162979e-16
-3.614169928140347431e-04
-3.614169928140347431e-04
-4.245622468965987249e-04
2.737732496359361611e-02
-1.420803832093574378e-03
2.012050930205991697e-02
3.126137035519930825e-04
-1.088367236834582481e-02
9.353577414342181817e-02
-2.427680735305898273e-16
-2.427680735305898273e-16
-2.503876520591541952e-16
-6.980764317016100416e-03
4.946865493274887693e-16
1.374142635165160503e-16
-3.108214535243881971e-03
2.637002790825577168e-03
2.029626466892873767e-15
-2.798124104114129663e-16
-2.798124104114129663e-16
-2.798124104114129663e-16
8.884308165364777042e-04
9.767485350372469982e-03
-3.871976218897241976e-03
1.802553486031633872e-15
4.315074583045848053e-03
4.315074583045848053e-03
5.222685079232301638e-16
1.731028774047168456e-02
1.731028774047168456e-02
4.762591148586918857e-03
2.887280709347767038e-02
2.887280709347767038e-02
1.915317198073946715e-03
1.915317198073946715e-03
9.088058882682376396e-03
2.849412565591833216e-02
-9.777067311810935975e-04
-9.777067311810935975e-04
1.363921226723134551e-03
5.689170178256749977e-03
4.132945221330975097e-03
7.120021910654221985e-03
7.120021910654221985e-03
-1.028622583639086420e-16
-1.840648364092498405e-03
-3.352914425317747925e-15
1.037461080035338506e-15
6.261694803163840931e-03
7.296771841808750818e-03
5.772723359962228395e-16
-1.856919295631563161e-15
4.057829129289983183e-02
8.179056466897884070e-02
6.421829308131739300e-03
1.644726569857526619e-02
2.769715764438860847e-02
7.738382667010122729e-02
-2.971918545004959694e-02
-1.795811033663203506e-15
-1.264488900143849194e-16
9.690964158419645286e-03
9.690964158419645286e-03
7.238636394913160888e-16
7.238636394913160888e-16
3.313590654956868192e-02
-2.985634316515871009e-02
-2.985634316515871009e-02
-9.871740448040291008e-03
3.184137351210844880e-15
5.828907295216157435e-03
5.612116975449168987e-02
8.987472970613400430e-16
2.155565425271394400e-03
4.156447688525625322e-02
2.726003038732263770e-03
5.225363760394232532e-02
6.093762614671188044e-03
3.418493887562868566e-03
4.657036809432976709e-02
4.657036809432976709e-02
6.945800986556841666e-03
1.308996498060043132e-15
-5.335677955068802211e-16
-4.820604622919370634e-03
-4.820604622919370634e-03
-1.774306970355320635e-03
3.297386603997063094e-16
2.206810602200989324e-15
7.089586329555352777e-03
2.456444661982921086e-16
2.081093955376921677e-03
3.266597215648747981e-03
-8.961987099798809248e-17
-7.996111075005114810e-02
-1.808791956564655959e-03
-5.192044356253399260e-17
5.878205366037503321e-16
-4.734303877418188150e-18
8.122610038237099248e-05
6.222426214533509359e-02
6.222426214533509359e-02
-7.051856586257785854e-16
1.162359284056950363e-16
2.995932619977090960e-16
1.155508488872336592e-02
-6.725589689616538053e-03
3.125624802310400518e-02
2.383336561025216956e-03
6.376674259037339032e-03
-2.193610677217673957e-02
