-1.057182887429333924e-02
-4.900274045955956545e-16
4.320310628976325843e-16
-1.883240398610904347e-17
-2.110473865492658476e-16
-4.963883247284872620e-16
3.041560183638104549e-16
1.344445396830679749e-16
2.742543440301044666e-17
4.461560776656733649e-16
-1.515999260153739837e-16
-4.117983975625622397e-16
2.832995045543422798e-16
6.043938267796974645e-17
-2.549862421941939424e-16
-4.412632320476718460e-16
3.079500088090551559e-15
-4.288769439677582366e-16
-3.748825785228648758e-16
5.050152723109497141e-16
-4.301045928275623513e-16
-2.859858457735732714e-16
4.052234606141188212e-16
-1.934635271813904182e-16
8.339511676574640903e-03
4.059145628265772621e-17
1.206476199721411136e-16
-6.762200294221662558e-16
-9.949736465358460791e-03
-3.185647867626190919e-16
-7.253797114636806448e-16
2.450686544972976013e-16
-3.263462581054923090e-16
1.219383946333899497e-17
1.092910158577356228e-15
-2.944021034215691782e-16
-1.148977972792674452e-15
-5.854427256318287800e-16
-1.056739954361116465e-02
-5.238370562451579587e-02
9.878713666419777534e-18
6.104147000371880220e-16
-4.529938887385194910e-16
6.730713458378159996e-16
1.656273825983713190e-16
-9.157875421611210197e-17
6.158295598659075207e-16
-3.441418835044709018e-16
5.538482533901740508e-16
4.572774812355043528e-17
-5.797058968128004437e-16
1.886451581099704029e-16
-2.008760843745509776e-16
-1.775456107135589372e-03
-3.397329691550698798e-03
-2.283915103509733122e-16
-5.959022866882510471e-16
5.060205809664867610e-17
-7.076305827244674940e-02
7.624886035553783717e-17
-2.192231552171769220e-16
4.358009913271824670e-16
3.887245516229320685e-03
2.473225992009400293e-16
4.708300524025900662e-16
-4.680851083468654264e-16
2.854698278775880689e-15
7.106137298905779685e-03
7.146132864175168712e-16
-5.125945666439673219e-03
-1.036399734271311715e-15
2.033184005271335517e-15
-1.025302110225740171e-15
3.940637940898497040e-16
-2.493452177401021150e-16
-3.842391884291469165e-03
-1.806565657149677996e-16
4.976608392088507389e-16
-6.591718960080305983e-17
6.314384377336365859e-16
8.135852025895870370e-16
1.735081428171001855e-15
-9.444522335240946772e-16
7.917609334325779666e-03
-3.684266097157674227e-16
1.115331745027843046e-15
-4.077426924281857551e-16
-3.080068413821184997e-16
1.230319868442550008e-15
-2.450833374090591990e-16
-5.518522612300399066e-04
-3.212590101988686570e-03
-1.246919031131809046e-16
-4.867323473888563952e-16
6.230826823398880031e-17
-2.421747233750328893e-17
-2.074694178340515105e-16
1.323037201537115119e-03
5.655823530158014188e-16
1.760448880583132533e-16
-3.032113399978855627e-16
4.272811642840538660e-17
-1.390278209236123610e-16
1.923503572168793933e-16
4.627893075038727141e-16
4.861878232176197795e-16
5.980919796539661826e-03
-1.066614271874271290e-02
-7.457834670537378217e-03
1.499859687137016045e-15
1.051808252098257197e-03
4.767163669784515614e-16
4.483296685420833730e-16
4.780372779412135238e-16
-4.391498020860968091e-03
-5.867857771741898099e-02
-5.511480133966029904e-17
-5.430841887760855239e-17
-1.765759348699788550e-16
-5.428811072594045787e-16
-2.456956761751751353e-04
1.153772152288838181e-03
4.112672780481956367e-17
4.094318987809255979e-16
-6.636298167699291817e-17
5.369234993121381193e-17
7.644562012512910558e-03
5.427212345784043785e-16
-4.347850921687456276e-16
2.366813342535829555e-16
-2.294231443185929097e-16
-1.069014910530454915e-16
1.745451137639375339e-16
2.848767021023927637e-16
9.741092019902012401e-17
-4.188749037678240608e-16
-3.470261332463115691e-16
-5.973016954762132929e-16
-2.688399252045881732e-03
-3.299149885554303330e-02
-4.529465139672884139e-16
9.610292457495396369e-16
7.463806078710456330e-17
6.902349400063927554e-17
2.360925473797596429e-15
-2.649903909961320585e-16
1.573639705252678480e-16
1.169328975717156800e-15
6.155846270485838046e-15
2.858132675941080365e-15
-3.996300326493768191e-16
-3.295055478276845071e-03
-9.307147202453416868e-16
3.931739493661603362e-16
1.771807408547725190e-03
1.246916496072627974e-15
-3.681459853363207986e-18
9.312832177601612787e-17
6.341809016226662910e-16
-9.522340988667571778e-17
-1.801287905025865281e-15
1.971416906920947656e-16
-1.609021066472523332e-16
7.966237535377548336e-17
4.989499412460473758e-16
1.456221229697887573e-15
-2.408411349179470792e-17
2.904988479249867583e-02
3.003279837847520930e-16
2.189420184756501469e-16
-9.680590315522677082e-18
-1.181029627286905647e-15
-3.568283983839470578e-16
2.921149249546492899e-03
-7.937128161031523781e-16
1.221832416150903032e-16
2.315531395753046124e-04
9.467734576261453356e-16
-2.373060210521856644e-16
-2.594548065345333997e-15
-1.271280935855147523e-02
-2.787762725997771453e-16
-3.351070983409467838e-03
3.638243537859971936e-04
-9.884208073365168836e-17
2.806629612476690819e-17
2.943114857916696176e-16
4.668863588307928074e-03
1.433310162557067562e-15
3.471544854578840195e-16
-2.024266159580982682e-15
-3.819927309702181758e-16
-8.394559734725323735e-17
1.268515631198508041e-16
6.343834708003345639e-03
4.944478406045246564e-17
-3.920697630472640905e-16
-7.758560799230567407e-16
2.627803674774006292e-15
1.058805136718664660e-15
6.147786861137863449e-16
-3.875665718519946768e-16
3.160006285976485186e-16
-7.240850338352780380e-16
-9.614162813492006690e-16
-3.947536437429058354e-02
7.400145131371797604e-16
4.315502337588312867e-16
1.569930728732848901e-16
6.394734003375202036e-03
-8.005402353031800965e-16
-2.739994745881971648e-16
2.499508974385421001e-16
-1.498993259058723371e-03
-3.514506481183023768e-17
-1.379314848007865730e-15
-8.221776124500726151e-16
-5.691656023437306386e-16
4.045492654956506949e-17
3.066963008358500555e-16
-6.592882028366578678e-16
4.607989706431437036e-16
9.062059022564769971e-16
3.357066650359758981e-16
6.876956819939687056e-16
-8.243663455859701353e-17
-2.440486840885267221e-16
3.170496721393751504e-16
3.916919650479299085e-16
-1.142908173175127872e-16
-6.978928756820105411e-03
2.648041833673890895e-15
7.400387202346672110e-16
-1.408879002116183386e-16
-2.092312189122834570e-16
-8.823540557185765192e-17
1.648031445354522981e-16
-1.281185489109441062e-16
1.497226127846181729e-16
-2.357962824218496056e-16
1.215502925449453694e-15
-1.411912443087026558e-15
1.672583051271865237e-17
-5.021038111517513343e-03
-1.827795010584922317e-16
-2.054846951844219543e-16
5.684534403367386972e-15
-1.095261034644856579e-15
6.174531372304947752e-17
1.825122220239577805e-15
1.509740297546265791e-02
1.144971704252989975e-15
5.164868099177821748e-16
-2.687662213692718413e-16
9.579942552020545287e-17
1.208602139328059291e-15
7.879053920242334857e-17
-2.917151313569527500e-16
4.552600127073503375e-16
1.274645154522207065e-16
5.046708519301316337e-16
4.167624380465362918e-16
4.167624380465362918e-16
-9.520707905608583732e-16
-8.468779402249566478e-16
-5.403858178996875742e-16
5.972910143177029651e-16
9.555751569250625285e-04
2.997231172982906803e-16
-4.723292783744220975e-16
1.337463716394457161e-15
1.520000645516588847e-16
6.286389274707079094e-16
7.202355232457261034e-04
-2.013534009259430024e-16
-4.677786115715538394e-16
-2.360482491677745030e-16
5.954407355262620609e-16
1.126100683547430747e-15
-3.155604042340416498e-15
-5.720779633921479340e-16
3.548234820133606603e-16
-6.081822602552928464e-18
1.631119606379021592e-16
2.079955576051240648e-03
-5.534388560375366691e-16
-2.218139232736359716e-16
-2.581142249229713278e-16
-3.711038747960669799e-16
-1.952455872470215503e-16
1.205689735150167760e-03
4.592695238862926357e-16
-5.932853393236782631e-03
-4.753675200470185991e-16
-8.820188793492034470e-16
-8.991778896242514841e-17
1.437284195417075578e-03
5.047366763597483600e-04
-3.707064244852494012e-15
1.522615121162454751e-15
-7.528625793514424433e-16
-9.977623277856148225e-18
4.560865841154595414e-16
-7.454513049021360173e-03
6.044089185578992463e-16
-8.131580853194826846e-16
-6.635770959814741708e-16
-1.338174827925868405e-03
2.208164198015554922e-15
4.337395977007967012e-16
2.191353114490034046e-16
1.065263620852851347e-15
6.470483593638710779e-16
7.902764104786966981e-18
-2.009656896281422633e-03
-8.107203869319525201e-16
-6.978516070315477667e-16
2.750746796102259432e-16
-8.104980907526583081e-16
6.869996840419020811e-16
5.265252085529464639e-16
-3.642044196582007442e-16
2.682864628785067164e-16
4.267022175803589793e-15
4.176934551751327004e-16
2.653798203887019597e-16
-4.749205873956656776e-16
-1.524696900052096444e-15
3.464998287377598776e-17
2.375087282796454521e-16
2.813876803179682324e-18
-2.419939586455324787e-17
4.881869769844950797e-17
-3.485983053442073213e-16
-2.103235535696466213e-15
7.548253195856590922e-03
8.354861940936857806e-16
-1.680674576265999990e-16
6.305579317957429599e-16
-3.779679672096693853e-16
2.025396351984675432e-15
-1.129882741578963360e-16
-8.814880679243799560e-16
-4.677020421933834882e-02
2.280490318601152841e-16
4.642779302967159293e-16
-4.089223460122827498e-16
-2.425382347230182306e-16
-8.051348449532901110e-17
-4.163428589535823739e-16
1.319149371964630734e-15
4.484506933490438330e-02
-8.457357171565100379e-16
4.925351610389085092e-16
-5.502264725144685109e-16
-1.640128248028857882e-15
1.712975711497010309e-16
5.581582723008004900e-16
7.744686083048578189e-03
-1.273438832522150676e-15
-1.817077689007536025e-15
9.973520822936848144e-16
6.511283054329523069e-17
2.689625570222337579e-15
1.212427832252290600e-04
-5.967776691563095706e-17
5.795241670633307168e-16
1.075358779832722841e-15
-8.669595915023337040e-03
2.584699862722816127e-16
-4.732664400599744785e-16
1.531176537683067579e-02
7.400290993681964506e-16
-7.242266946574932827e-03
3.054901226859507799e-03
-1.236628872884188224e-16
7.640089560671981790e-17
8.864600917581180246e-16
3.954166584838243126e-16
-1.273890859874114091e-15
1.625457534794321716e-15
-3.682154136432431906e-16
-7.275854775472041401e-04
-3.109518300458909182e-16
4.626892133892417538e-16
-5.142388522193064868e-16
7.073600881271476781e-16
1.767535752099937650e-03
-2.078013222531746749e-15
-1.358711676488759637e-16
-3.783198543528139564e-16
-1.197551642747895599e-15
-3.755049219790206674e-17
-4.410315423852200066e-16
-3.852035389334703422e-16
-2.361754982581997022e-16
1.459535707094503289e-16
-3.947731252111273137e-16
3.995652035328898773e-17
-2.152084933005254716e-16
2.966952769048907597e-16
-3.816395882313711879e-16
4.253114191604432873e-16
1.441586024149818370e-16
1.952021924953819061e-16
4.851119962891505194e-16
7.011118285710182419e-16
-7.979379901487169178e-16
1.363528486947904028e-16
-2.227450991043987352e-16
1.118619297358044301e-02
4.778253468383104152e-17
-6.685137181340968594e-16
-6.975933362793920228e-16
1.592505140635111524e-15
-3.146395781897129204e-16
-2.127365902207924341e-16
-8.022011874220247307e-16
8.908751848341817057e-16
1.390003474741251327e-15
9.839837222749695255e-17
1.129082999651278909e-16
7.316850592860593501e-16
3.027986077390199870e-16
-6.276814569777084172e-16
-2.089463548374420353e-16
-1.933608962796756522e-15
-6.612914525463428964e-03
-1.277042515054537190e-15
1.064637735406489664e-15
7.140138865335951803e-17
-6.175653286538210408e-16
-6.182839902152255440e-16
-2.926642828364641396e-16
1.153130327338285885e-15
-7.500057304405840545e-16
-3.722072409531964471e-02
4.365092102044496344e-16
1.712930852709630569e-15
-2.683075354632999971e-16
-1.278309529293606559e-15
1.187543955909118454e-17
-6.687805154749397217e-16
8.532992526824319940e-03
3.278248322352268616e-16
-6.813903182497943010e-16
4.597437397952041720e-17
7.300261025773275613e-16
-1.633213703768033647e-16
-3.162182003394283759e-16
-3.184596464052940473e-02
2.875240003752280553e-16
-1.085939217858872541e-15
2.174243247478898180e-15
-4.597608670281835172e-16
4.258052515935153758e-16
7.793372442100353419e-16
-4.510281037539698445e-17
-3.102215016056667309e-16
1.626115474665139699e-15
-8.894867115221378668e-16
8.525463872953208712e-17
8.851740255055546430e-03
4.937567233755911909e-16
4.309337378899768406e-16
-5.090951888499366543e-16
5.771674029118003250e-16
4.725363116887076931e-16
3.262117104368204035e-16
1.380838651480514048e-15
-2.542527910727375116e-16
1.261246434111117261e-02
-2.484336296255260155e-16
-7.250725801710493956e-16
-2.800854887092549450e-16
2.612120405714211469e-04
8.687169907038743492e-16
6.091297995805915845e-16
-1.681823303680237065e-16
7.743505078443237103e-18
5.334497207592097653e-16
-6.783384032546428663e-16
-6.215923132796947230e-16
-2.264338612085074037e-17
1.012414416914279337e-02
2.734171529183762106e-16
-4.373723481959222602e-16
3.806506757351499393e-16
-1.002012236272836219e-15
2.034555967087111639e-16
2.022142136755309160e-15
5.600454792303345697e-17
1.164328233582443430e-15
4.250569039477065030e-16
-9.626347803750333019e-16
-2.230780645300203596e-16
-6.208600277295910541e-16
-1.431858149772506613e-17
5.775029503124669199e-17
-3.274076718349961283e-17
-3.856516422848996356e-16
-4.095074490588866601e-16
-2.237302004900673658e-16
-1.163036426059847558e-15
-2.151162086123572549e-03
-7.313889226745437930e-16
-7.877846525129470851e-16
-1.270050101473091422e-15
1.974269179992636557e-16
7.578655286125686400e-16
-3.113493484449530490e-16
-5.195120201161718636e-16
