2.349335090496047426e-03
4.815623827817416824e-02
5.097595657866588366e-03
-1.617491386455577329e-02
3.654999234109316403e-02
1.164120411136874976e-15
1.236540403465756152e-02
-2.669889312328349434e-17
-2.669889312328349434e-17
1.452918199922399733e-02
-1.190529543404809411e-02
3.085033700993810601e-16
-1.016148557819998757e-17
-1.016148557819998757e-17
6.093014539090226001e-02
5.127734210062531458e-16
2.843949756977556722e-03
4.336013421286455394e-02
-1.888708722575057858e-15
-1.040251195587327954e-02
-3.992858613453827315e-16
-3.992858613453827315e-16
-6.612312163392312925e-02
-7.147365698262164377e-03
1.319933959977184768e-01
-5.850390754613497141e-02
3.918995390786033511e-02
-2.234834057495815613e-03
9.916365770742896490e-03
-7.950012690452453248e-03
-7.950012690452453248e-03
-7.950012690452453248e-03
-1.864038980275009533e-15
2.012616909236132970e-02
-1.525917395979277044e-03
1.974144874658832066e-03
1.974144874658832066e-03
-3.324426043808437464e-03
4.065552794840514989e-02
4.065552794840514989e-02
4.859581038501521039e-02
4.859581038501521039e-02
4.859581038501521039e-02
4.954191281165860189e-02
-2.590527366149906682e-02
-2.590527366149906682e-02
-2.177649715175809450e-03
5.326147428459998410e-16
4.660302916171870508e-02
4.660302916171870508e-02
4.508173558181494817e-02
1.996845593268010369e-03
6.566276251113759010e-02
1.129340179037541594e-02
2.987213767696934516e-02
2.004047644321769323e-02
-5.267040364905835326e-03
-6.864534495061372366e-02
-5.241058555427878865e-03
1.043357962226911934e-01
-6.566142403717445397e-03
-7.704877144235107451e-17
8.081114873215269542e-03
5.274398405291847412e-03
2.608061579030379259e-02
-8.860870033949629423e-04
-2.457051208399486655e-16
1.404815778800692569e-03
3.541621971019483922e-02
1.189961556478078908e-03
7.893268486869219058e-02
4.806653750130388675e-02
2.702338425584891596e-02
-6.391953599767520935e-03
2.033147181130046197e-03
-4.265438918721609941e-03
-1.939628934823578454e-02
-4.090260833841077859e-03
-4.090260833841077859e-03
-9.916757588628297149e-03
7.556295758938041951e-03
3.599144544888354405e-16
-1.390192334612863406e-03
2.236058860206199816e-02
1.250437850519121354e-02
1.855053388056910821e-02
6.790097692249727306e-03
-2.941624220589991331e-15
-3.436494618021782195e-03
-3.436494618021782195e-03
5.821352514621895773e-16
3.807009068315904236e-03
1.208722959091707190e-02
-6.974266736421263612e-04
1.077424704062578814e-02
3.674759781570467268e-16
2.146390311592344044e-02
-6.283519926604297358e-16
1.005407149053937597e-02
-3.348230593670040461e-17
5.737026118081126752e-02
6.715319414185007274e-02
6.382910921652076852e-02
-1.538733906385097647e-03
-2.167979583481018276e-03
-1.904901208662654940e-03
1.784107959743393840e-02
1.100161188636191931e-02
-1.338161158632408636e-02
3.292796396372333484e-02
3.292796396372333484e-02
1.144892255770423370e-04
3.653686800485040494e-16
1.602801848701657021e-15
1.602801848701657021e-15
1.359063253399328888e-02
8.173238074468522699e-03
5.178534250964753204e-16
-9.463724439490363727e-17
-9.463724439490363727e-17
-4.029949102629329198e-03
2.409075893622130825e-03
2.311923160666302240e-02
-2.789470652411063598e-03
-1.830910733547205013e-03
-1.830910733547205013e-03
-1.509374985230390611e-05
-3.920161179030390471e-03
-5.637596132286612147e-03
1.836853786428089804e-03
6.299305933573009532e-03
1.137021713687503752e-02
-3.995942152749873411e-02
5.739608904191136142e-16
1.430829955836450151e-15
-1.344791698656331688e-17
1.113676828553828487e-03
1.584203091916897704e-02
-6.729998558585521235e-18
9.569705624029012263e-16
2.905566781499303863e-02
3.610906650537502161e-15
3.610906650537502161e-15
2.178406932834665334e-03
4.752889653362572103e-03
4.529215949501720802e-03
1.188810824987739448e-02
-8.336111940443537171e-16
-8.336111940443537171e-16
6.740220393585038167e-16
2.517399656770483943e-03
3.234101464926833654e-03
-5.016295326834092384e-03
5.869720524768260242e-03
7.745185823855925580e-16
-2.799871450355523664e-02
3.292208997384572357e-17
1.138887116954284150e-15
2.628119572644486285e-02
-5.700913170958299761e-03
-8.014363333011466569e-16
2.385745735505276355e-03
-4.992005988146509938e-16
5.266422568320424831e-16
-1.085249547378963272e-02
2.506476661608891544e-16
-1.144482013329331880e-15
-4.201090052216679971e-03
1.116621820388141728e-02
1.236836071446300173e-01
-7.978763938592266236e-02
5.146591848671025482e-02
1.307505514981988569e-15
5.673915568545220833e-02
1.005825416336143200e-03
7.148258250339707513e-03
-5.901543221035613837e-03
-5.901543221035613837e-03
4.242042494693797766e-03
5.110174392887349704e-03
-9.587825711317689808e-16
6.226123399348138399e-04
-1.185926249013296435e-02
4.869971164639943888e-03
4.869971164639943888e-03
1.030782421578816180e-02
6.680550271570540738e-03
8.792694532091277493e-03
-2.480126092155616503e-03
6.030322796150900527e-02
7.083356925481459551e-03
4.841231169887386522e-16
-2.274062899252785735e-02
2.167188850778755872e-16
2.132089190445750349e-02
1.217136243507638618e-02
6.283148674777240008e-05
-6.360500889705277168e-03
4.792439124708617057e-16
4.449228715614261809e-02
-6.732092330316623296e-03
2.514890080737796751e-03
1.618727340713384082e-03
-1.127404526348620498e-02
-1.127404526348620498e-02
5.326679539547779507e-02
-3.013042085276525055e-03
7.595354181352895716e-03
-8.461133287138579916e-16
-2.522900756937118249e-03
3.306978051684725944e-02
1.592246830838310224e-16
3.243154946533736652e-16
-4.634799877932479530e-03
1.039667738211220429e-03
3.769200341994188852e-02
4.411758451158950128e-02
6.925866319874117438e-02
2.378511976595524754e-02
-3.887144284376164039e-03
8.865893947405586232e-16
8.865893947405586232e-16
5.255258426050831664e-17
1.562477555509346726e-16
1.755454037816006063e-15
8.580116092467257594e-02
8.332227367938090145e-17
4.122027778593978509e-02
-1.318490608325496860e-02
4.682979607360728859e-03
-2.677317621539521933e-15
3.958355861703476142e-02
-2.880104289051261743e-03
6.074127244662402662e-03
4.990620649483142046e-03
-8.218625726758485225e-03
-1.101165374124290043e-16
6.896907993119772914e-03
-5.148107092400070958e-03
-6.066003533357507832e-03
6.087148262981164487e-02
7.703583946676530528e-03
5.253850160689782500e-02
5.253850160689782500e-02
2.088139772756361342e-15
-1.014392246510512768e-03
1.767688473330394309e-03
-4.326954968701637871e-02
2.634016594011884260e-02
-8.294476941128399450e-03
-8.294476941128399450e-03
1.830023624309338450e-03
1.074022254545961280e-15
-3.521709265082851540e-03
3.299836853671621675e-03
-3.919150517029016539e-02
7.915099128129961248e-02
4.113345908198212837e-03
6.651588002362306736e-16
-8.397487123983513263e-04
-1.063370968836262545e-02
3.790225151146173893e-02
3.769547924401176853e-04
5.972836214803434879e-02
1.058623137598638660e-16
3.962680126309865020e-03
3.962680126309865020e-03
2.076842775864361224e-02
4.479560032794546037e-02
2.403094145946923495e-16
-7.045009109416526555e-16
1.899916941426916736e-02
-3.822968216085632399e-03
3.728523326852505645e-03
8.232349885533193565e-03
8.232349885533193565e-03
6.241718739947064998e-02
5.708540272299789282e-03
5.502294028119526569e-16
2.237062599626693082e-03
-2.561726764775765133e-03
-2.561726764775765133e-03
1.152822916280605962e-15
-2.712031049644285374e-03
-1.839224748448282931e-02
-1.616451868504990429e-16
-3.405086762932958006e-02
-9.681885257799810233e-16
5.692355467119857015e-02
5.927778379332142820e-03
-5.328739553880280921e-03
1.498581397600376369e-15
-4.817488744865703817e-03
1.357908968749720058e-02
1.206578220679983571e-04
-1.228720853362801849e-03
-4.247491818511130342e-15
-4.247491818511130342e-15
-9.002867716400688239e-04
-3.560007248003483650e-03
-1.689927837554428078e-03
9.334816450357859199e-16
-4.453925360622099481e-16
-8.378226178827890314e-16
2.640318047083609271e-16
1.992792998904803839e-02
7.462041921114094707e-03
2.426076626656706314e-02
8.505856214508687729e-03
9.114461643883595143e-02
3.547177140646431016e-03
9.571240095185786292e-03
6.866828894432008661e-03
5.689862918998105090e-02
2.713205952833402796e-16
2.304194390577298315e-02
1.380952346917918181e-03
1.875724163007285892e-04
1.875724163007285892e-04
6.319182599533502715e-04
1.304813718865337896e-02
-1.399334406864886637e-01
8.912043093771514560e-03
9.737303054968515737e-04
-1.475715144526532942e-02
-3.903633686240601626e-16
6.621686820160241696e-03
-4.698441824676239872e-03
7.363366730857053011e-02
7.363366730857053011e-02
6.544827865486291661e-17
1.448950126580638050e-02
-2.283137003745867519e-03
-2.375312386107541682e-02
-4.794515247369520762e-03
-6.714797576344038246e-03
7.948103811011750577e-03
5.647067015399942046e-16
2.341793882759922018e-03
7.107928624599992029e-02
2.654636163126587040e-02
1.125917606822542819e-15
-5.953651649102535695e-17
4.389522039443524010e-02
-5.353730512751081298e-03
-2.388660143675848911e-03
5.568789018072032443e-02
-4.187833062671868223e-02
-7.735612456358077413e-03
-1.085752384124107246e-03
6.430945859124977126e-02
-3.496888406269130830e-03
3.741397632219029446e-04
4.678575801950546342e-02
-3.586103528675460388e-03
-5.071558878646042524e-03
-4.075402575241353619e-16
9.267094498398509772e-04
9.267094498398509772e-04
-1.109749266933032327e-15
-5.029160324361673338e-03
8.583509040783111887e-02
-6.074309044367953466e-16
2.395568167189440767e-02
7.162186814727626583e-02
5.723955945182887528e-02
4.173259868631788716e-02
-8.678139145099360990e-03
9.755829972034630454e-03
1.858441770987843836e-03
8.728278814121263884e-02
8.728278814121263884e-02
6.922319981713782877e-02
7.083492319404351145e-02
-3.178951065818993310e-02
-7.435106230073099121e-02
1.443661135304883996e-03
1.443661135304883996e-03
-2.170307164455107657e-02
2.450977558377994582e-16
3.544741882105957416e-15
-7.108501835648308478e-16
-3.791282302072275305e-16
-3.791282302072275305e-16
-3.437684322724243475e-03
7.472876353887755942e-17
-4.479230576379620958e-03
-6.953366366018996959e-16
4.079272887724414917e-03
-3.504840130612972088e-15
1.160630002028989749e-01
-9.542699101960835581e-03
1.906801455628546679e-02
-2.672610701717455531e-17
4.364387086900039202e-03
8.395261699340846040e-02
-7.815108335631000720e-04
-7.604360102707421239e-04
-2.029965655470512264e-15
5.935990269710507417e-02
-2.181290614624871297e-04
-2.181290614624871297e-04
-6.562118005819909473e-16
1.604058025743262993e-03
7.718623289565794410e-02
1.108810877525406077e-03
-3.301016038578872668e-16
9.684274922598741855e-03
3.910551341856163994e-03
-8.093377574892965387e-03
3.313178320179506475e-02
2.749420368945952164e-03
-1.665268969702144233e-03
-4.441448393998724022e-03
2.134188057532804966e-02
3.552005901106543989e-02
7.213806917387247452e-16
4.047118831910069200e-03
-1.430911027347972139e-02
-1.468479627315904916e-02
-1.468479627315904916e-02
-1.468479627315904916e-02
2.705819972782619147e-03
-7.450362835314506733e-16
2.864822523111990385e-02
-1.722092314942761260e-03
-1.722092314942761260e-03
1.151826387654826707e-02
9.760063223445573704e-04
-9.917345767188474577e-16
2.681397839029601299e-02
-5.304521326112917462e-03
-5.304521326112917462e-03
4.293877617276106728e-02
-1.326044836081963912e-02
-1.326044836081963912e-02
-3.540126046222039080e-02
5.912470374379122720e-03
1.759807666509688104e-02
9.518713914307009850e-16
9.518713914307009850e-16
7.240315387181516654e-04
3.703723009656562093e-02
-1.600919058499956890e-15
2.738272862444085694e-03
-5.977796372081582710e-02
-2.275972500995226445e-03
-9.185043052385015103e-03
-4.083950919255111445e-16
1.463776639489295511e-02
-8.053720791966101798e-17
6.318442943034021167e-03
-2.396023895979948083e-16
1.337487728136489642e-15
-1.595425797608553131e-03
1.432673578802803405e-03
1.044778782769247704e-15
6.911918815945982189e-03
9.780626217912473386e-03
9.780626217912473386e-03
-2.857571526650642169e-16
3.085204445593182389e-04
-3.134107757024569979e-02
-1.130551815359259749e-16
-1.642391913564507453e-03
-2.271474606541138926e-04
-2.271474606541138926e-04
9.676064402686248775e-03
3.259149644900496273e-02
-4.799755394171648613e-03
-4.799755394171648613e-03
3.121743696817502745e-03
-2.925817090804597176e-03
-2.925817090804597176e-03
7.675089130154665214e-03
7.675089130154665214e-03
-7.741069642768372977e-04
-9.749911204811825480e-03
3.113809463689866733e-02
3.751236991595303504e-03
6.365855218906147856e-16
-1.793147132587860279e-02
-5.983421276440149036e-04
-2.490248836717792735e-03
3.498826544304108749e-02
-1.187369259401122971e-15
5.276553074805677077e-03
6.314711878871298083e-16
1.578856005504032656e-02
4.365951543676628750e-03
-3.520297313473006403e-16
1.516204275918302475e-03
4.854180152812710008e-02
2.931379208616323104e-02
-2.882186064363818911e-02
2.122538868001353721e-03
-6.633610622893212860e-16
6.402205165503022100e-02
-1.671769457867392297e-02
-1.338140329261008856e-14
-1.338140329261008856e-14
6.378437907236370920e-03
-6.997080925949726755e-03
3.840194320469462325e-02
1.932749573504997063e-03
-1.007911764168591996e-02
4.118646884047216411e-16
4.488320043290567135e-16
-6.306200750407410342e-03
-6.306200750407410342e-03
-1.641376179228411138e-03
-4.023228181199219738e-02
