6.797707546307794890e-02
1.096730942186435569e-02
7.051042630290654291e-03
-6.216425672809297240e-03
1.370919732667593045e-02
-5.095530786716172468e-15
-9.238628809035639060e-16
7.267969962849767096e-02
4.713014847847746999e-16
8.707270198197204769e-03
1.609119155589690958e-02
8.224188816798412992e-17
5.968268777151239726e-03
5.246400903794624926e-02
-8.002377667765986358e-03
-4.847573713938242251e-16
4.241732711613559192e-02
-1.738630698196996869e-03
-2.020451141727780918e-03
3.439345690074578632e-02
3.318909059272174345e-16
3.318909059272174345e-16
3.165049694318178980e-03
-6.185905541348898223e-03
1.344887680043808931e-02
1.344887680043808931e-02
4.320376250764522566e-17
1.128220780688415914e-15
-5.772037790525531148e-03
-2.722935632458053055e-03
-2.038879456311544608e-17
-2.038879456311544608e-17
5.039384081929656339e-02
-2.739033316633428337e-03
-8.255683942360300459e-04
-8.255683942360300459e-04
1.407564410515238160e-02
2.592837332454673779e-03
1.900872054286446150e-02
4.339738509509532757e-03
2.086046018698342181e-17
6.385036500638762184e-04
6.385036500638762184e-04
-3.039490535620226914e-16
6.992986299010152396e-02
4.513493150051689322e-03
-1.880106484672263573e-02
-2.042038179903198759e-15
3.814214837498727806e-02
-7.923583442241661362e-03
7.905394691995945577e-02
7.905394691995945577e-02
-8.152005036336883972e-16
-9.714841747590503276e-04
2.884120194880464977e-02
1.221561256582905227e-03
1.032428182742959298e-02
1.032428182742959298e-02
7.210852445334764958e-03
2.195143880314678095e-16
-9.949139807300831292e-03
5.341147046573026767e-03
1.757959362679680643e-02
5.592161511296358384e-02
6.346136466450733558e-03
-8.823549935969669800e-03
-8.823549935969669800e-03
2.438430310673275758e-02
6.387122190392452437e-02
1.600971276885872208e-02
1.170424125231014013e-15
2.923982822660500455e-02
8.676298023950770877e-03
1.674027833171121962e-03
3.256489902029422595e-02
-5.954621480710235970e-16
-5.954621480710235970e-16
3.708143451287215092e-02
-4.225920720067943520e-16
1.096376249603419471e-15
1.096376249603419471e-15
2.294558612776810124e-03
-2.747401511263783923e-03
4.886293669444819777e-03
-1.228740400049298729e-15
-1.228740400049298729e-15
2.564117290883564070e-03
-2.419620575391808629e-16
1.928370039817194678e-03
-4.177236396664913559e-03
4.399175567174785223e-02
2.276189702829813435e-02
-1.035499690064322443e-04
2.720847280539455157e-15
3.386786599829938460e-03
6.084310189408175668e-02
7.588606256593845301e-02
1.556640239032592206e-16
1.556640239032592206e-16
6.947219672709925575e-02
5.552910853741728974e-16
2.964495813009830616e-03
-3.943311064015280887e-16
7.508997957909369081e-02
-4.559620245824787949e-03
-3.186641840758302861e-03
-9.233055597309254811e-16
3.696276371191855453e-02
9.647556075596214892e-03
8.297822737082731340e-16
8.297822737082731340e-16
8.297822737082731340e-16
3.385563501755350230e-02
-1.528513000621464259e-03
-1.872967894469381909e-16
4.549265772447601969e-02
6.208599053407135027e-02
-3.944185425267207612e-02
2.618465109987306964e-03
4.966398140615695816e-02
4.966398140615695816e-02
6.658032542969142063e-16
-1.692503652805394309e-03
3.636565384791539540e-02
-1.199096463292275436e-16
-1.898907800661139372e-16
4.113158225397790108e-02
-3.625388212723615420e-03
2.093856002928246030e-03
-3.700603859618088195e-16
4.334771156780509059e-06
4.913317629268627168e-03
8.085496945057902771e-03
3.914811634557532893e-02
5.342758055714128158e-03
-2.381845280020277573e-16
-2.381845280020277573e-16
-2.381845280020277573e-16
3.034710912507849329e-02
-3.116246918442966623e-16
3.792105518620059050e-15
1.775837598757245607e-16
-6.824130698744191280e-03
-7.038092537569343122e-04
2.680565622267754131e-04
1.082716223563688802e-02
2.923248577368696768e-02
2.186899670418882263e-03
-7.301937562377076862e-03
-7.301937562377076862e-03
-3.412402500609830643e-03
-1.925490916894963297e-15
-1.925490916894963297e-15
7.010847719873415824e-03
1.771709271475258940e-03
8.162836282910417713e-16
4.512633081484055536e-02
4.107924890203271118e-03
-6.240906828170875965e-16
-2.299399901866024283e-03
-7.320780469164640336e-04
-1.807070775086203800e-03
2.353004570952521926e-03
-3.167337457717440009e-03
-1.234774184332327641e-02
-1.234774184332327641e-02
2.737836910043744357e-03
3.798146033439676016e-03
5.328758393608538040e-16
4.445512129349055326e-03
4.445512129349055326e-03
4.445512129349055326e-03
4.445512129349055326e-03
-5.499972325240212734e-02
-3.272691362701807272e-15
5.656413114900433331e-02
1.754525132741026339e-02
5.842395667050399255e-17
1.974015907933790795e-02
2.112182699697276889e-03
2.179338070088209997e-02
-1.745778041113822786e-15
-1.553196241270484671e-03
3.463820607436929148e-03
4.759509750000958349e-03
8.474714790603914854e-05
1.637706371502309875e-03
2.805247919703180663e-03
1.451430427540211648e-03
1.234958719229504055e-03
9.280879638980386547e-16
-5.707474985404033252e-03
1.451701179553937376e-02
5.043826148205045087e-16
4.270679826967819188e-16
3.250859639055794434e-03
1.345056990182823602e-15
8.005870717592604435e-02
7.383507476078403353e-02
-2.523591602872724510e-16
-2.523591602872724510e-16
3.723048160316702604e-02
3.644153920868838104e-02
-1.324367349192794673e-15
-1.060841858289436930e-15
5.864153651834917713e-02
4.960322029483517359e-02
3.225522565662883312e-02
-9.778169891548983694e-02
-1.166669924035578590e-15
1.167773306174089976e-03
1.166956398979021418e-02
8.368507378870432278e-03
3.667118199227574482e-02
1.573702086005331763e-02
3.801760270237676802e-03
1.161238937760058436e-14
-7.903657215011210269e-02
3.571981298692426809e-02
-1.342309957060149527e-03
1.886393449974790165e-02
2.994103218777867479e-03
-3.539636943172112804e-02
5.269415771671320109e-02
-5.720670596542741168e-03
3.206602837348452965e-03
4.616410341553906296e-03
4.616410341553906296e-03
8.825546210625806812e-03
1.371382525765791477e-02
7.478083349211570204e-03
7.478083349211570204e-03
-1.846279167521567774e-02
2.245244614649103756e-15
2.245244614649103756e-15
-1.281409627344891919e-15
-1.281409627344891919e-15
-1.281409627344891919e-15
-6.636769648414567635e-05
7.004012278477109323e-16
7.004012278477109323e-16
3.212134736748179994e-03
1.235166295803038702e-02
1.006123349360452178e-15
1.006123349360452178e-15
1.101326544947225128e-15
3.773973720405987553e-02
5.060335158612613935e-04
5.060335158612613935e-04
4.767178505813387222e-03
4.767178505813387222e-03
-1.347617605732653445e-03
-3.839129912085962550e-16
-1.284536010169839114e-03
-2.654157248284672206e-03
1.265314607292474143e-02
3.385733655982133689e-02
3.798487841212847032e-16
-9.559915857242734020e-16
-2.260022706518002942e-03
5.686562499866931047e-02
-4.533485955593115346e-03
2.005823053667288823e-03
2.005823053667288823e-03
2.804858163775696481e-02
1.152687085861354814e-02
2.486060991930214622e-03
-3.442799420604547578e-02
4.643255254573261459e-16
7.544459656070179321e-02
-9.659645045656884470e-15
-4.528052934350818111e-16
2.521544800464611824e-03
2.521544800464611824e-03
1.668616477732870820e-02
-3.369896705955344792e-03
4.224896083197649106e-17
4.224896083197649106e-17
-9.196966505108222912e-16
1.030384277209413918e-01
1.030384277209413918e-01
-4.189745392626279691e-18
7.397021867174906340e-02
3.963719757581699726e-02
-2.332112502939631682e-05
-4.789840634792770502e-03
-1.489281630059826537e-16
-1.586259745049661516e-16
-3.222239619839110383e-16
-3.222239619839110383e-16
-1.642964393873387694e-03
-5.162486509152645897e-02
-2.456404017363228484e-16
-1.142357730916780325e-15
7.138595127245269192e-03
7.138595127245269192e-03
-4.903310015816399886e-02
-1.134972287994296704e-02
5.792322442869173721e-02
-5.728542250093617352e-03
-8.886813982334165101e-04
5.594520486580234284e-16
3.337181238683393624e-03
7.710635044515347543e-03
8.019301614558667357e-02
1.383519717700217337e-03
1.687749103414002783e-04
2.463536691239616785e-02
3.551462120662796790e-02
2.394108872174046179e-02
2.056402227330721144e-02
2.396915535552354357e-02
2.425451466840585148e-06
1.092903503726148820e-15
7.839104523356302257e-02
7.839104523356302257e-02
1.717396301784618285e-03
-2.399211537922714237e-03
3.677959212693526162e-03
3.677959212693526162e-03
-9.816147749828079529e-17
5.192491311813256932e-02
-4.092512877661960008e-03
1.407079263821515297e-02
2.880985013129087630e-03
-2.451330861507408252e-16
-1.849268945971344513e-15
2.435022566690873275e-02
7.733435413553757520e-02
-5.659618287920843357e-03
2.304002528220887910e-03
-1.469955306737360124e-03
-2.457816681826577310e-02
-8.725135738356862682e-16
1.476731647127653120e-03
5.780357867173646115e-04
1.451714741184852208e-03
2.317012447299675980e-15
9.180960469136436244e-16
9.180960469136436244e-16
4.104764880506840685e-02
6.048954980500628048e-02
1.263476605491383603e-02
4.337445818510692053e-03
4.962497612893326804e-02
4.898438024780889938e-02
-2.348040511988791663e-03
6.855166806619618532e-03
6.855166806619618532e-03
3.716469357081614733e-03
2.942305280531577055e-02
3.109510788705707740e-03
5.033942875925530476e-03
3.102953660471136771e-02
-3.897643274255919738e-03
2.649048029538462218e-16
-1.388826009063853090e-02
6.135990185801839213e-03
1.731361531224526445e-03
-2.941166478794740313e-15
-3.123424761359194952e-03
2.479005438048755960e-03
9.494459100607916158e-17
4.557367430924538082e-02
4.352810970287871589e-02
-6.592198241613474991e-17
5.443018605749180144e-02
5.443018605749180144e-02
-7.929822729075228791e-04
4.907649086103234304e-02
5.311555494999285060e-02
-6.008744926331116565e-02
5.931028035702302370e-16
-8.075752358469825282e-03
4.699065885385520641e-02
3.888854693342238406e-02
4.202726779663137902e-02
2.907165251619169000e-02
-8.715427759604969728e-17
2.877738148445067867e-02
-1.370057019875270052e-02
-1.251910872440929919e-02
-1.251910872440929919e-02
-1.778685703549166960e-15
-1.796224844252682623e-15
-3.074836892130378289e-16
2.230571684793940246e-02
-5.176349189263286521e-02
-4.852304000206177919e-16
-7.988822958670090731e-16
-1.594439106035204501e-02
-1.594439106035204501e-02
1.096042766497698625e-03
2.687703279469425000e-02
1.637833327916615414e-15
-2.875313477445180180e-03
-1.815484215732906310e-15
8.856594339500185528e-03
-8.670479310395285896e-03
2.936299366583644890e-02
1.483096735414580342e-02
4.778411847132119084e-02
3.815294354035875246e-02
-4.352996770433838908e-17
9.752062575229386576e-02
4.257455482919716636e-03
-1.126051958954552686e-15
6.037040984306629721e-16
4.006546082309330598e-02
-2.694502789073493706e-16
-4.912890659907773010e-03
4.171032245951827172e-02
-1.171931893096297105e-02
4.191268617385965345e-02
4.699272272090067315e-02
1.145771599162401840e-03
6.983732505970735872e-17
6.983732505970735872e-17
6.983732505970735872e-17
-4.486693730512496953e-02
2.024038067187850648e-02
6.466907212570356320e-03
2.784986075302019106e-03
2.640918846484101301e-02
4.289062323872603472e-02
-1.250617459514810625e-02
-2.321696662755254137e-16
-1.904702053078711349e-02
1.243225039875280741e-03
3.493376376231132480e-03
-1.991585794799183751e-04
-1.991585794799183751e-04
9.454242689159186569e-16
-5.537704585975859045e-03
3.825387137048863116e-16
5.478893638255900866e-02
1.377120959595206674e-02
1.690618438758861343e-03
1.690618438758861343e-03
4.393317533888012327e-02
9.544957726998187092e-03
-1.367658699758994567e-03
3.235741049565135501e-15
-1.424834437578371138e-01
1.058359423274022812e-02
-1.236114897417093725e-02
-5.027466999295652103e-16
-1.638795911017763840e-02
-1.888958451667857960e-15
-1.888958451667857960e-15
1.049353804447697089e-03
7.124791520636854052e-03
2.788829348821571691e-16
3.532630158516811975e-02
-1.331989491719735379e-15
3.397861923513603044e-16
-3.338001484461856973e-16
1.032383530378074704e-01
4.683450023934780659e-02
2.038207370737247647e-04
-2.889870019183796157e-03
-4.126110029427493102e-03
3.322882879366328884e-15
6.811562534741188668e-17
6.811562534741188668e-17
6.811562534741188668e-17
2.584504041272496846e-02
4.171390844011280130e-02
5.427882483903839934e-04
-1.893142071521880174e-02
4.761716139703379980e-02
5.336106120394035895e-02
-9.301534367100570619e-03
-1.688541618832729693e-16
-1.688541618832729693e-16
1.023462742122297509e-16
-6.057307041496548007e-03
1.974602981144685243e-03
-6.966383785836496173e-03
2.057621572242236354e-15
8.662186442917826218e-03
-7.665582850763362315e-03
6.903418798970495374e-02
7.613243818150437379e-04
-9.016413052131794573e-03
3.967125176816246185e-02
-4.798579071779619850e-16
-4.798579071779619850e-16
5.806849397969657267e-02
2.227884323977543171e-02
-7.117634131129027411e-04
5.481670713620764526e-16
3.981795649961324124e-02
3.106428810143002650e-02
1.269188675875758876e-03
1.269188675875758876e-03
7.802199118287278523e-03
6.078537955660326224e-03
2.505305698309014117e-03
5.219531601651492148e-18
6.938654307579608660e-02
1.023383407375424124e-02
-6.318531076141865876e-03
5.426261244981926564e-19
5.513417087400397524e-04
-5.315748823001093383e-15
8.104793060433748697e-02
-8.732192169048992686e-16
5.840511012467873575e-02
-6.037369012221217857e-04
1.637118569292362116e-02
1.320891199542319726e-02
