4.820814851322231982e-03
-1.160149548393528060e-02
-1.187110697848864534e-02
-2.478117600110602871e-03
-3.811624616849079022e-02
-3.271888274151626562e-04
-8.121289420652313615e-03
-4.612673893694053950e-03
-5.193344681903288088e-03
-8.453573556658548066e-03
-1.017830969202255208e-02
9.721183550850952954e-03
-7.175284737750737760e-03
4.249110884251940286e-03
3.652066952936852944e-03
2.684392645176626735e-02
4.050298661087455530e-03
-4.174982919342725037e-03
-4.394697755588118475e-03
3.660629688610833599e-03
-6.493021940718221932e-03
1.023959322378200851e-02
1.069788961322949749e-03
9.828049426675861469e-03
4.499891628872675076e-03
-1.429775492870184218e-02
-6.681047803904482767e-03
-6.527338615836657428e-03
-4.615070693885696927e-03
-8.695818693332836580e-03
-1.304160534648421584e-02
-1.062203733052125790e-03
-2.384769975443614895e-03
1.052639799238428570e-02
3.368622963595238259e-03
3.266906896011490674e-02
-6.407395064892751520e-03
2.099140890154478981e-03
-3.367109906559404009e-03
-7.537989332274162325e-03
-5.374725799806654401e-03
-7.682641983325313138e-03
5.219616464223243886e-03
1.294715912031565129e-02
-5.433595527762996764e-03
-5.326117069782471472e-03
8.500611273131957954e-03
-2.021264493474391605e-02
2.350285068812553446e-02
-6.591685339951243276e-03
1.858478860042192191e-03
4.615877489596399881e-03
-2.191865549772713771e-03
-1.321320738909261515e-02
6.612030957905039655e-03
-1.516199009628996577e-02
2.301905043129427470e-03
-4.457366391917749054e-03
-1.076897866990888727e-02
-1.357787683658240839e-02
5.671208160343760470e-03
1.521977530234529773e-02
1.172720038463645302e-02
-1.130799029249096067e-02
1.212984403397730608e-02
9.643166372976380574e-03
1.734567683778597338e-02
1.083412015961783721e-02
-3.677459458435000574e-03
-6.940279788953447430e-03
4.741149747330362582e-03
-6.406475389947783282e-03
-9.184637168744893762e-03
-2.693349652517446156e-03
-8.597272845143532835e-03
-1.703263288480718132e-02
-1.205091597336871304e-03
-1.984797604518396402e-02
3.399538772805234428e-03
-1.212430856269457007e-02
-1.085332456168293380e-02
9.817991030352824292e-03
-2.204538275443613474e-03
-1.533982460197738304e-02
1.520179049548503816e-02
8.942079812852355217e-05
4.618747437385438935e-03
1.173485658301905675e-02
-1.110325775822772545e-02
-1.410179931403432799e-03
-3.212080935254892598e-03
1.970628805979266276e-02
-4.913108381625001797e-03
-7.616024868179045899e-03
-5.760861183464624502e-03
-8.689223601238849765e-03
-1.736395041609460404e-03
-7.815569095574532305e-03
1.116267768984861462e-03
4.183813127070831923e-03
1.890247275866813875e-02
4.208526416290030907e-05
-4.393327035628163436e-03
6.134131261798523096e-03
4.074642110947359654e-03
-2.571474278914750045e-03
-4.035706825118638794e-04
-1.454962891711466914e-02
2.757597433630472328e-03
3.002523806922305881e-03
-4.204173384975201308e-03
-1.838811301447127247e-02
5.312649306245044748e-04
1.798372994104298697e-02
-5.883483723329506650e-03
1.849787939381429200e-02
-6.636129219889513008e-03
1.681056008646612809e-02
-7.462658918425966841e-03
1.072674312011170829e-03
-2.192001190517307158e-02
-7.103519118923143014e-03
-1.032804525989847524e-02
1.614829949646104726e-02
2.190090920595347626e-05
1.739034893962174491e-02
6.274323851835959462e-03
-3.210331955632600258e-03
2.036764368498195869e-03
3.631267497320529031e-03
6.133846542041380620e-03
-1.840041858516848266e-03
2.037018373327303782e-03
-3.129502163143251664e-03
-3.560989098965468389e-04
-1.993429601276539356e-02
-3.558122229062600853e-03
7.301610910979340618e-03
-2.096004069866509029e-02
-2.044136157024862427e-02
-2.203566824373619573e-02
1.186329312715744475e-02
-2.772739606720692109e-03
-1.474603792808076332e-02
1.733696316747817059e-02
1.935261454167182260e-02
-3.187144387143029528e-02
2.541564083680505296e-03
9.686731331817506271e-03
-1.079373733737195445e-02
-3.328718864409662380e-03
3.386721598078944965e-03
6.397240841530865176e-03
-8.039993858558138265e-03
-1.138867496332185425e-02
6.593825627370790941e-03
-1.494359766669064397e-03
-1.997705365561005739e-03
2.453905049504777683e-02
1.753852059072504022e-02
-6.653437362673131870e-03
3.321293487666603182e-03
1.319507758767801686e-02
-2.534657701971023466e-03
-8.252445077402323012e-03
-5.584384016525392562e-03
1.995833041749780525e-03
4.474143941175969495e-03
-3.310336215434457260e-03
-1.707833943618306677e-02
-2.030283660366738810e-02
1.541199718953258080e-02
-8.051513683213268671e-03
-1.481784510533966370e-02
-5.229717988365353148e-03
1.834031803408645673e-03
-1.074382821753669739e-02
2.256562003413723936e-04
1.403196046184033118e-02
-2.519345634024371117e-02
7.669930008802809326e-03
1.887382006977855048e-02
1.439592438491132075e-02
-1.075538313171182361e-03
-6.614078062925893460e-03
-4.322850732997257986e-03
-4.771166332134686369e-03
2.702555079692662079e-02
-1.429895326709978813e-02
1.001881530743790362e-02
-1.256005192106607327e-02
-1.709545806659638900e-02
-3.601589156069798453e-04
-4.516778352376777002e-03
5.484609983107468362e-03
-1.722302127516141300e-03
9.858663280049114255e-03
2.508867794023311032e-02
3.130111470720110117e-03
1.812707072206015332e-02
-9.845139814462113351e-03
-2.388618983908672583e-02
-1.501779468149550684e-02
-1.692573172089276851e-02
5.310953648007636467e-03
-1.267060408850860173e-02
1.477386633332262132e-02
-1.688963989205139599e-02
-6.307394718203999766e-03
-2.291182148278215992e-05
-1.146532431900226801e-02
5.640339711750034200e-03
7.423485526074283594e-03
9.509865568217179196e-03
1.575247323682323758e-02
5.460454663841669137e-03
4.985755247804878748e-03
1.407967905339423120e-02
4.403794485451837520e-03
6.110635769911698092e-04
-3.468016872123977617e-03
5.912981714552859036e-03
-1.384189498122615804e-02
-3.721486041207831396e-03
7.910215883237316573e-03
1.313909804974180799e-02
3.205142268645736641e-04
1.291337606134740183e-02
-4.842326753349997931e-03
1.724839113507581345e-02
7.033738049972012955e-03
-1.528643920419105531e-02
3.745130927413097867e-03
-3.229107510170448146e-03
-5.389682844484435312e-03
-1.386574945734856019e-02
-1.328113646381254113e-02
4.298617484354430932e-03
1.417312509212222821e-02
1.801558423542827308e-03
3.105244644313131987e-03
-1.009663759887722938e-02
8.899060165229030414e-03
-4.255968094581311263e-03
-6.953146678509367941e-03
-4.411393143268564870e-04
-3.225171342910496206e-03
9.125660382000825785e-03
-7.119838040622557263e-03
-5.363822700954703863e-03
-1.831594595539271300e-02
3.085748889321365471e-02
-1.123574924991192422e-02
-2.471056849622528528e-02
1.732307086724653444e-02
3.729268940765681061e-03
1.492807015332116814e-02
7.080787277407350408e-03
-3.257394197724829826e-03
2.906277994572599704e-03
-5.581532806141029524e-04
2.907983166102467640e-02
-1.116983819116265653e-02
1.332748989175950097e-02
-4.521724062983379332e-03
-3.044840221284139670e-02
-2.638788795287183749e-03
-2.175893442677631281e-02
-6.649622311691497480e-04
4.460460391180717452e-03
1.509705815023662002e-02
-1.109391015255487868e-02
-3.989244609639919920e-02
-1.351017330423888441e-02
1.910979607900869766e-03
1.911774444166609507e-02
8.615586233923517440e-03
-1.696908734075447140e-03
-6.312412677841825089e-03
2.615593506010825079e-03
3.910039319961158832e-03
-7.208668603986843719e-03
9.897280502032207092e-03
8.194929683327930800e-03
1.060762135493860912e-02
-8.812496596485980792e-04
5.798236684937967469e-03
1.167864800378112973e-02
3.485295710770487665e-02
2.570746164864937122e-02
-5.699271734256515509e-03
-3.442483824429237206e-03
5.226925311778640552e-03
-3.542841426745177522e-03
3.584579839084035824e-02
-4.573539645558057478e-04
-2.388048656773607541e-03
-6.536641129138252328e-03
-3.422244161679112982e-04
9.740591677497007330e-04
-2.194872467299723712e-03
-8.190510194955006804e-03
1.340129028168683331e-02
-5.113314532301538665e-03
-1.437203374470408246e-02
7.774294151347299446e-03
-4.071946312101734113e-03
-6.456114284058578519e-03
1.240690127738121751e-03
1.431457683952231524e-02
-2.421901036950689211e-03
-1.019462329992136974e-03
-2.092879602170272246e-02
-5.883292691870760371e-03
-1.910968406938919929e-03
-2.164023825469674200e-02
1.490158938008945104e-02
2.895792307156302894e-03
1.543699675013588714e-02
2.811175109217035981e-03
-8.744993180932929613e-03
-1.216744987095499594e-02
1.149649696125876891e-02
-2.511698770952440485e-03
-2.949656366287032976e-03
-9.071265129346925762e-03
1.102625101479698215e-02
2.325617186508823972e-02
1.926457877586294429e-02
-7.770748408541757780e-03
2.496660018518376874e-03
6.387635823643563089e-03
5.817770968838703594e-03
3.964257642533540807e-03
-2.830152910487243167e-03
-2.621299347108923747e-03
4.484495269356062429e-03
1.146350666711535952e-02
-1.132925071297953730e-02
1.918780321878012229e-02
4.019990984563345977e-03
1.175457134938293936e-02
-8.517050988652026533e-03
-5.040109950510236140e-04
-1.226634087657220255e-02
-1.687063588139259447e-03
-1.536404159808550662e-02
8.141715764557551274e-04
-5.712386139396085239e-04
3.817798417994365968e-03
1.116847034364353876e-02
1.001327394021680681e-02
-3.689775891675169204e-03
1.717323807939155622e-02
1.842081049282144525e-03
1.259829417115236258e-02
-1.273998734362485463e-03
-2.005480548359591178e-02
-1.043503205343516982e-02
1.022318061092698750e-03
-1.161825137795969437e-02
-2.792122210042990993e-02
-3.375498925798639353e-03
-8.178849954151676260e-03
5.444694029994017609e-03
7.148182877902553925e-03
4.489731426757715056e-04
-1.177808248881122809e-02
-1.298509227606051662e-02
1.080363662305992151e-02
-1.833718812484520441e-02
-3.904404888294456862e-03
1.028658990235075364e-03
-5.003989531217117523e-03
1.363091354972983948e-02
1.531967286876827379e-02
2.400877609301224277e-02
-9.978886963205231900e-03
1.567259905313775695e-02
-7.594179287699555532e-03
-1.228368358275980145e-03
1.715815206539914387e-02
1.204391662506620365e-02
2.633333368501050362e-02
7.658378436705615654e-03
8.102060130257379006e-03
3.241395236395106655e-02
-2.580097467125692587e-02
1.427123344540193878e-03
2.218852814005478277e-02
-1.163362347504176206e-02
9.672403670869277655e-04
1.477135866590549573e-02
2.730685142535633526e-03
5.196307993004235966e-03
-2.091577789453582387e-02
-1.060420286024362814e-02
4.341511480304471914e-05
-6.912129799471071305e-03
-4.616453840385438719e-03
7.901039261302991398e-05
-2.526395712083060016e-04
-2.668741956983772690e-03
-1.803253856393299045e-03
4.523211999661057130e-03
1.021386584766289032e-02
-8.823954647079815250e-03
5.026379022470848839e-04
-1.536969517579331312e-02
9.538761573885442407e-03
7.593216508780982477e-03
-3.645714969626614663e-03
4.847122786991577524e-03
1.349904363842221663e-02
-1.455737975457158627e-02
-1.887832694468377648e-02
4.538896982578705629e-03
-1.160092423900888937e-02
-8.774233190019443962e-03
1.246397437319042741e-03
7.601141746907235340e-03
5.829873438392634000e-03
-7.870813727441507146e-03
-1.309268207883204464e-02
1.460003231988039538e-02
-1.050238097827470470e-02
2.080948308598204715e-03
2.372038354368681892e-02
3.711887541490127129e-04
2.320660574578317214e-03
9.756911992488888005e-03
-2.425872227550208201e-03
-1.694827756911930494e-02
-1.636535802252769845e-02
-1.569408102888230835e-02
9.755034132911307929e-03
-1.030935731491395418e-02
-1.197140663697049065e-02
-1.216990549406530425e-02
-6.753113618614066697e-04
-1.273427275939023433e-02
5.924441279977211462e-03
-4.167803314450253468e-03
5.077713891191265073e-03
-2.091955826435471302e-02
-1.549306355782851391e-03
5.503648577501806666e-03
9.064799875720907368e-03
9.273380677209325847e-04
-1.248014289923750700e-02
1.412336412412028112e-02
2.619242693018791063e-02
-1.302795603753916127e-02
-4.603865903060062013e-03
1.248469473714255290e-02
5.382188663643067139e-03
4.351427243527939727e-03
-7.362247608579024563e-03
-1.212472192921980677e-02
4.265609056857832745e-03
1.491370758120688124e-02
-4.741990523488857044e-03
-1.155236232738201044e-02
1.541860934387633171e-02
5.011043835520364448e-03
-1.769540842882037779e-02
-1.664092994102854333e-03
3.076358557854533271e-02
1.886952050081605603e-02
1.808045192708066656e-02
9.019386697293284641e-03
3.875868486790398117e-03
-1.214940637334982476e-02
7.725467398616174541e-03
6.333443560642351353e-03
-7.818709659723626498e-03
2.908028629137998644e-02
-3.692344417815653351e-03
2.116360159135939265e-02
-1.573358472188847879e-03
-5.796337391437601447e-03
7.330318970486506859e-03
-1.159337615917760238e-02
6.669283840674855059e-03
9.381084611110341188e-04
8.237794845099779975e-04
-1.817438960094226730e-02
-2.174926080427373189e-04
-3.232133160011947670e-02
-6.243864017908453377e-03
8.942693343566157985e-03
2.914930750445857838e-03
-9.561138658993412198e-03
4.496796561467616277e-04
5.883973186475126814e-03
-1.542779611951844432e-02
1.088723623354586126e-02
-1.354953751665069267e-03
2.130855494512916629e-02
-1.480632190777868458e-02
-6.311112500107318203e-03
-7.177495093882227395e-03
-1.164735243989488064e-02
6.820525997134995258e-03
-2.958184933564215720e-04
1.412396281608586934e-03
-1.923028385133853215e-03
7.549730751321117456e-03
-4.065088728046171648e-03
-7.844068023434267595e-03
-1.948583942855408157e-03
5.434956958643807901e-03
