-4.105988945497342831e-04
-5.869756103008980097e-02
7.907237007241793222e-03
-2.556683043761545648e-02
5.074812818184708946e-03
-8.863859078732945485e-02
-6.721517062426418665e-02
-3.503402183738423860e-03
-3.465576081000697195e-02
4.019733852854883230e-03
-5.296326544302814264e-03
6.593522950468728994e-03
-2.625587044715571930e-02
-2.856406238892439386e-02
1.815216189390376350e-03
-2.826391492484461778e-03
-4.433038455728141591e-02
-8.530430218323192815e-02
-3.423945629018528697e-02
-8.335234575927970638e-03
-2.530518933064633200e-02
-1.189704912090714349e-02
-7.064782964383828356e-02
-2.336359751218910694e-02
-4.019444732054644823e-03
1.911004100415395184e-03
-7.242441300643992497e-02
5.232337001659198052e-03
7.672511012703196916e-03
-2.793574696394890162e-03
3.391170736768399970e-03
-1.241140204883599413e-01
1.066624971507050025e-02
-8.618591645829298126e-03
-1.525573869085263727e-04
-4.714669474369222874e-02
-4.667697851809371468e-02
-7.269153630878222305e-02
-5.217426299402244672e-02
-1.478270628137332010e-02
-8.998457889209134086e-02
-1.063851816721243099e-02
-7.746580656979678431e-03
-8.140212680515854574e-03
-1.723754203776283606e-02
-1.723754203776283606e-02
6.998101598038894075e-03
-3.623196018301066967e-02
-2.847445362095986712e-02
4.872637934479963004e-03
-1.090939205135001699e-01
7.069327278303850014e-08
-6.109699124817864063e-02
-7.096959297627862540e-02
-5.911683378283574125e-02
-6.935064228286460380e-03
-4.646368150112189718e-03
-4.646368150112189718e-03
-1.076844498481028672e-01
1.692601233724042031e-02
5.242038449929634428e-03
-5.309216653888790619e-03
-7.605415843801693887e-02
7.418911112076622544e-03
-5.094835556485605849e-02
3.784811133926135711e-03
-6.148069277340838940e-02
-3.880682530646780565e-02
-3.880682530646780565e-02
-1.330791725345864020e-02
-1.330791725345864020e-02
-1.661081972220756825e-03
8.962009757067471161e-03
-3.279848297363215093e-02
-2.944188158370598246e-02
-4.097499101686069567e-02
1.108921982018173541e-15
-5.423479894386989963e-02
-2.413842803844587839e-02
-7.672502865543217275e-03
-3.327543353307298429e-03
-1.164427288313257397e-01
1.543350709729176228e-03
-4.189675789600106996e-03
-1.940801887017534755e-02
-7.441102736853433958e-03
-7.441102736853433958e-03
-2.727383584034159575e-04
-9.853999377386998826e-02
-2.140177266116265794e-03
-2.140177266116265794e-03
3.230549806839913551e-03
2.835642112528838008e-03
-3.877338092190232149e-03
-1.433099435339834672e-02
-1.433099435339834672e-02
-1.433099435339834672e-02
-1.433099435339834672e-02
-2.526812778642952353e-02
-8.821433912358683793e-02
-9.765093128530190347e-02
-1.689470532624611290e-02
3.730909903120659338e-04
-1.219271350504467638e-01
7.057920609490133139e-04
7.057920609490133139e-04
7.057920609490133139e-04
9.849744421965383329e-03
2.107802082568506485e-03
1.295721175483350099e-02
1.295721175483350099e-02
-6.239860826078479777e-03
-5.750336782777145175e-03
-1.228720260574477259e-02
5.310350475382401986e-03
1.014576759058581981e-02
-7.153924152969842742e-02
-1.099266082848832267e-02
-1.099266082848832267e-02
-1.099266082848832267e-02
7.334603308271689511e-04
-1.063214204079654390e-02
-1.131189004218267208e-02
-3.266013896459978028e-02
-1.566317144476856230e-02
-7.435381372800022037e-02
9.030028898636423794e-04
-6.979859100640011882e-04
7.913912921288925734e-03
-7.372990836024758375e-03
-4.743387250669928168e-02
-8.860569761519328236e-02
1.938122985350965773e-03
-2.124160139329399691e-02
5.223360040693488291e-05
7.022650996726285347e-04
7.359200255306890849e-03
-3.343968441338019543e-02
2.880194095269269366e-02
-4.264661571391059613e-02
-6.089086593741978824e-03
-4.606900708543828354e-03
-2.461450272291802743e-02
-1.111188622916073863e-02
-3.868395115859210847e-03
9.013039074448499915e-03
9.013039074448499915e-03
5.553289271917656242e-03
-3.926766903366510353e-02
-1.183154736972110398e-02
-1.460341446780243913e-01
-5.878825997480414262e-02
-1.387277821890083376e-02
7.340411713453776771e-03
1.597828261091050611e-03
6.415535408498392218e-03
6.415535408498392218e-03
-1.019059931454048768e-03
-1.692288565851056891e-03
-1.192942761814311508e-03
5.061800878063838632e-03
-9.112043916844449198e-02
3.046206467798315796e-03
-4.018063558556926596e-02
-3.901242915305786971e-05
-4.583786899673358665e-03
-8.290823657661774981e-02
-6.835866587122698887e-03
-3.946655838737282707e-02
-6.184954983177002805e-03
7.903259907397577368e-04
-4.178170517633341720e-03
8.516844736337807545e-04
3.992684163922685138e-03
-1.515860540073186991e-02
-6.921052314086625912e-02
-1.501390074147945959e-02
-9.082799293302933064e-03
-4.341210620878061498e-03
-3.892410461651332754e-02
-1.042594803397319247e-01
-8.155850752879451049e-02
1.464180479532011837e-02
3.670115022519570652e-05
-7.476475531452266531e-03
-7.476475531452266531e-03
-5.394100406827135111e-03
-5.864794826878207135e-02
-5.734553277813091848e-02
9.010277346613393065e-03
-4.198283045609901842e-02
1.153805896292540642e-02
-4.846578796159861820e-03
2.589534532884221665e-03
-4.053610590762862786e-02
1.963130967298280793e-02
-3.558650445485650980e-03
5.661585859106655835e-03
3.165416524126714575e-03
1.008860972015572510e-02
-4.198663089068814525e-02
-4.180709953795262029e-02
-6.907130568601006770e-02
-1.126842456426020850e-01
-2.973594971237820267e-02
9.077822517480009512e-03
9.077822517480009512e-03
3.827903046027311858e-03
-6.990924666103259799e-02
-6.990924666103259799e-02
-6.990924666103259799e-02
6.517166409372593568e-03
-5.236075120291455373e-03
-5.403680342084263809e-03
6.273589879459967079e-03
-7.135464287880767531e-02
-7.135464287880767531e-02
1.249954679700068967e-03
5.674016788463099974e-03
-4.250746440859844849e-03
-6.890285916397935473e-02
-3.090781824368737593e-02
-4.951000710076701103e-03
-7.655466226454267498e-02
-6.791997278469336270e-03
-6.395999525353868176e-02
-8.001627623488075103e-02
5.225014940944593990e-03
-2.471051431818041544e-03
-1.728962130539614395e-02
-5.505311245067011361e-02
-5.505311245067011361e-02
-3.427441252230173374e-02
-4.404252092750787079e-03
-3.776989054586332717e-02
-3.776989054586332717e-02
-1.384589104479531669e-03
-6.304772848812210777e-03
-2.534490883283572072e-03
-7.828369277393891490e-02
-1.598875291636005572e-02
1.641710108129967004e-03
8.835025759990533870e-03
-1.403118770487866290e-03
-6.501452154796043270e-02
-1.205266922308606027e-02
-1.205266922308606027e-02
-1.205266922308606027e-02
-3.526112497746146379e-02
-4.080198373901328113e-02
-1.025663906858730740e-02
-3.557402812264400666e-02
5.617892458379650407e-03
-9.972344136439563467e-02
-5.347295356602211475e-03
2.413401807297931977e-03
-2.695913351379785813e-03
-6.321972339836139099e-02
-3.473266267876358275e-03
-8.246757201500119761e-02
-7.335097350937564006e-04
-9.519291726017805808e-03
-1.335177076019164813e-02
1.212870560353989562e-03
-3.723465185333688521e-03
-8.699742056739567797e-03
-2.220438818624143051e-02
-1.186949672353578532e-02
-1.776489746239112710e-02
-4.309268777662719264e-04
-4.309268777662719264e-04
-5.024251847079194699e-02
-1.641382753515340225e-03
3.496594509614125643e-03
-6.424450967021523573e-02
1.475256497651510372e-03
-5.561869473476368890e-03
-1.403304237639982311e-03
-1.403304237639982311e-03
7.215485723693142953e-04
-9.199264752859252769e-02
-2.219622883268497059e-03
5.623542171944954406e-03
5.976671692854877227e-04
-7.842032719438588040e-02
1.471057325399371951e-02
7.790814875132932339e-03
-6.374766563187608814e-02
-6.374766563187608814e-02
-2.168818580261593770e-02
-5.040138845185134116e-03
-3.252911730071471417e-03
6.985439826835398297e-03
-1.850369088451528582e-03
-8.724093481775385683e-02
-9.426221380006098716e-02
-2.420124146388570249e-02
-7.697741234061336590e-02
-1.125673257111849956e-01
-1.219499274560165020e-01
9.889386883906262429e-03
8.232683036057286685e-03
-3.318103159458091200e-02
4.404396029700496061e-03
-4.509071980931496360e-02
-3.664863265569375927e-03
-3.978083023337843083e-02
1.264399552383447395e-03
-4.550608714596418580e-02
-7.484677168194461827e-02
5.375001958515395438e-03
5.375001958515395438e-03
5.375001958515395438e-03
-3.272369792688398227e-02
-2.821129218901283103e-16
-5.938358312342271322e-03
-1.047259960260348705e-01
-9.662926492735404715e-02
-1.627430130513091622e-04
-1.627430130513091622e-04
-6.974828779029372539e-02
-3.707919383465296814e-02
-1.647390812150439010e-03
-3.018155581665525004e-03
1.716346511661476226e-02
-1.020610229258827988e-02
-9.163576162000215686e-02
-4.434890474980170139e-02
-2.473100780161135992e-03
-2.473100780161135992e-03
-3.663770617442650181e-03
9.206796573640929626e-03
-7.629162509782584645e-02
-1.182983993868058116e-02
-2.146798122297424727e-02
-5.363104662482687246e-02
-8.371016890656980680e-02
-5.883353369319779813e-02
-8.481146672633917138e-02
1.260858205721545472e-02
1.340958189066581915e-02
-5.031104944759551972e-02
-8.010328285854773078e-02
-3.006087963333085346e-03
-7.643862812221226266e-02
1.006755103423345211e-02
5.257763643657223374e-03
-3.108467270328008850e-03
3.767173938162210640e-03
-8.911588049954352608e-02
-2.125488844246808603e-02
-1.220493696713397108e-01
6.422207574335137698e-03
6.422207574335137698e-03
-7.259236950674970157e-02
-6.048611911520583150e-04
-9.696279417298861621e-04
-7.338857733486853219e-02
-9.015935290966309301e-03
-1.698286553667092622e-02
-7.713764854432485216e-06
-7.669380398072292958e-03
1.006021296502996459e-02
-3.641169100801512626e-02
9.566627745935916624e-03
-8.765530357540744083e-03
-3.984109194243088195e-03
-8.017407322463893093e-02
5.676496145025766845e-04
-5.309552981255219462e-02
1.465710091364741570e-02
-7.101647278539633193e-03
1.647353487302566409e-03
7.474936864373281885e-03
-7.022262354905046966e-02
-1.908352638090104938e-03
1.457448110264349637e-02
5.629970582134432535e-16
1.663546444828551286e-03
-4.153973600267162405e-03
-3.202859249737884193e-03
-1.551107982380737771e-01
-4.757721871430593136e-02
3.652291874695216215e-03
-1.464934633753779518e-02
-1.830001241750536800e-02
-9.850775752560547716e-03
-3.874871947703706961e-03
-6.416772246877492682e-03
4.830519583869947314e-03
2.826353615692640733e-03
2.826353615692640733e-03
-8.875104955862201869e-03
1.055458306191764742e-02
-6.571224638814993080e-02
-5.221827668543650713e-02
2.856934982535065237e-03
-6.656473735660971280e-02
-6.786230783433238288e-03
-1.852791174451408080e-03
7.945486567388823076e-04
7.945486567388823076e-04
-2.004223528296537882e-03
-8.115323671893878710e-02
-8.115323671893878710e-02
-4.468719141428951352e-03
-8.363347582625437621e-03
5.125620944481979607e-03
-3.182944752443348999e-03
-1.758674788151287638e-02
4.127287694436845150e-03
-4.747358743673003867e-02
-1.040688913085177289e-02
2.327426472016974265e-02
-7.279954153604473698e-03
9.877449613515715612e-03
-1.578558485866028011e-02
5.189382637860469853e-05
-6.232504695290443791e-02
-6.232504695290443791e-02
-9.270581090053121170e-03
2.550723980684367447e-03
2.601267028143850520e-03
-4.960278970807412147e-02
1.472300324115973988e-02
-1.173382389572398682e-01
-3.353532312590986730e-03
8.479553719748414431e-03
-6.273391344466887343e-02
-5.568477005480069154e-17
-8.137255218174415522e-03
1.325853339869876787e-02
-9.477897418886462033e-02
5.363358733049818257e-03
-1.599011551213736296e-02
-1.103573831157448476e-01
-1.103573831157448476e-01
-1.709285091684490179e-02
-7.563527902774357103e-02
6.270857212111455477e-03
-8.852031726324174205e-03
-5.756233600645581372e-03
-5.756233600645581372e-03
-5.099990262127872265e-02
-9.659424877892470312e-03
8.392984574417412108e-04
-1.415197326149538783e-02
7.530386846725013912e-03
6.614916771174417058e-03
-2.613745758898246545e-03
9.370709998562185700e-03
-7.325192754624690328e-02
-5.669637087066642898e-03
-1.713259057880275188e-02
-9.679727312894882696e-04
1.996045103915116640e-03
-9.508084896745773104e-03
-3.040159170263338761e-03
-7.582621740387007758e-02
-7.582621740387007758e-02
8.290091700865687835e-03
5.392924830806151634e-03
1.027262668578481780e-02
1.027262668578481780e-02
-3.287893531709003281e-02
-5.948996736708364250e-03
1.234531265476340647e-03
6.597497355824000599e-04
-1.768270418495681857e-03
1.460817575614665846e-02
1.460817575614665846e-02
-1.706274880150110158e-04
-5.662288166878299417e-02
6.922061202421052328e-03
3.445317978222171059e-03
9.191695024255272864e-03
4.096104746383799101e-03
-3.500959925263322225e-02
-8.023915540636489263e-02
-8.023915540636489263e-02
-2.183366576526821786e-16
-4.696031663693416014e-02
6.808691061255059580e-03
-4.476792350643987728e-02
8.526935320908642785e-03
-6.680172490409252983e-02
4.170548398778590495e-03
-1.169491642186167545e-02
-6.949617633885793629e-03
-4.395907977695378416e-02
-4.395907977695378416e-02
-9.595436444394858308e-03
-9.595436444394858308e-03
-9.353262707989491720e-02
-3.636432655204384010e-04
-1.307868695151356009e-01
-3.077492985357309450e-03
-2.941427225369110457e-03
-3.963668676571759086e-02
-1.352242728209872014e-01
-1.352242728209872014e-01
3.187804513284727467e-03
-1.372084956651895699e-02
-7.513199667024328052e-03
-6.576056377460346228e-03
-6.576056377460346228e-03
4.371510221496728403e-03
-4.519233707591211423e-03
7.674277714490840806e-03
2.517338730388996026e-02
3.700438813705734641e-03
-3.649947478536037793e-02
