-9.842185174606692860e-16
-1.573586717739394481e-16
2.290329402751108308e-03
-1.502625396278215158e-03
-9.313793653350385705e-16
7.153291015319260607e-03
-2.583910063838914980e-16
-2.017772457880083817e-03
9.039863917011686789e-02
-1.468803459807016117e-15
1.107786986554426108e-15
2.588438730280464770e-03
6.015040520015391134e-02
6.015040520015391134e-02
3.920344324844588640e-02
-2.562772315632485046e-03
1.376938899838677302e-02
-6.635681487187755205e-17
1.531624965643830130e-16
2.937383257428917774e-02
-6.507637809490295251e-03
-8.605473197022204743e-03
1.233693834563394120e-15
-4.529931611387269866e-03
-4.529931611387269866e-03
5.458745422740333975e-02
1.038537742074798799e-02
2.213695880156145435e-02
5.451704378210257135e-02
-5.488035319989639088e-02
1.078106657459800773e-16
-5.938621705098998116e-03
3.262219496209556953e-15
4.460818817420113963e-02
-4.025321500279669558e-16
4.936310920742235236e-02
4.289537635638959604e-04
1.595828079939587592e-03
-2.219863925680613196e-03
3.927751956207448103e-02
-2.347348380029344114e-16
1.112924492965704226e-01
2.979567126590986631e-03
1.845436167548121863e-16
-1.135424355957363567e-02
1.124874201423655545e-02
2.728798257809995735e-03
3.050923462318984675e-16
5.925935404877361035e-02
5.898034048320685563e-02
3.171396895814036169e-04
-6.586858986636323111e-03
5.377759040555249448e-02
-3.232185496215379816e-03
2.068703748474299761e-03
7.755495387470474900e-02
2.411878580440405054e-03
7.750694282472557484e-02
-2.892307844240611658e-02
-1.286954810920934271e-02
1.772671122382401216e-15
5.867223950845559880e-16
2.517186235829177790e-02
4.431174555288450861e-02
1.317169564103637807e-15
1.890930653208357714e-03
3.075075360534551897e-03
1.632149872816062927e-02
7.452905521495846626e-03
5.819747113762213929e-05
-1.249278218331728064e-03
1.714546189681432145e-02
4.273072475734518625e-16
-7.360271388170747457e-16
-7.360271388170747457e-16
-2.605966349308781477e-03
2.960596584073177037e-02
4.492697484146640670e-03
7.379907910576623438e-03
-5.972104462788901707e-16
-3.631198009070515055e-16
-2.624248370385148799e-02
9.466572985072911617e-03
-3.431771150410651509e-03
1.005597185974608371e-02
2.168992439633832977e-15
5.505056637060182917e-02
5.505056637060182917e-02
1.711917959114116899e-02
-4.448011719036358834e-16
-2.794070313658081339e-15
-9.194564059999226630e-03
-8.071381092612096853e-02
5.889597704112924051e-16
5.259324018645317272e-16
2.902960689666805177e-02
-6.885586050005104188e-03
-9.581988033852978578e-16
-4.034959112755946865e-15
-7.752356418663865038e-03
-1.133337487343422968e-02
2.478543473891688693e-16
1.425475059644226022e-02
5.844120296772240680e-02
-9.543469623351024044e-17
-7.852498678780177321e-03
-4.131791755017796765e-04
5.875226525191880322e-03
8.270112551324770337e-16
3.010239379470410059e-16
4.781261796653287627e-02
4.781261796653287627e-02
-1.324078022033845695e-15
2.147854253693302503e-16
2.147854253693302503e-16
-1.586058972019657731e-02
5.436069928070805940e-02
8.810705713230129526e-04
4.960258936300993016e-02
-3.163116562590716739e-03
-1.142006776161708993e-16
5.042691866233871972e-02
5.042691866233871972e-02
2.669374027465799132e-02
1.046285336035092210e-03
-3.238323689291378298e-03
-6.301575363314233097e-03
2.691565808103172416e-03
3.083511689629705663e-02
5.658609059679397049e-03
6.190719598899708381e-03
1.762997950418309897e-03
1.762997950418309897e-03
-1.530435468014515843e-16
6.682818046640598419e-02
1.169827821474902357e-02
4.696671533139354956e-04
-1.192716563011628119e-03
4.378167343495367216e-03
4.107399632171156861e-03
5.392394395633138410e-02
2.539856648195411293e-02
3.036533700293643067e-03
-1.620887026402870468e-01
-2.771970823086799121e-16
-8.815080718230726073e-03
3.811602604676227364e-03
-1.006174366914615315e-03
-3.543193707137488359e-03
4.359685006351392278e-02
4.963742993431181222e-02
-3.776841997000142132e-03
-3.776841997000142132e-03
7.848646663055360499e-16
1.537221483817728792e-03
7.330932698433705327e-16
-9.205837230882673791e-03
2.135471461827461240e-02
1.200170066771905369e-16
8.708508293166825594e-16
3.593047476153733710e-02
-4.561948147313586027e-02
-7.470694407522757673e-04
7.843229447895454232e-02
7.843229447895454232e-02
3.405896965604705406e-03
6.028379834457268019e-16
-4.768301128631728786e-17
-4.768301128631728786e-17
4.441399204387759536e-02
1.466387700175056027e-02
5.491262630634449055e-02
-7.693059075791400421e-03
7.517010307342666809e-16
1.503881649893887285e-03
2.855345038758118348e-02
-2.309533991368674117e-03
-4.498754441807705645e-03
4.869137098265102076e-02
-3.072209474986622307e-03
-9.333613296916148938e-04
6.383262458948823776e-17
-9.989497941326942032e-16
-2.206794628807418664e-03
3.778423876601364351e-03
-3.111586711684705478e-03
2.148700760139162901e-03
-2.845887531122982383e-16
-1.042936997110815826e-02
6.453484703464261452e-02
6.453484703464261452e-02
6.917786261846747831e-03
4.433095878835792945e-03
5.979494687922481261e-03
5.979494687922481261e-03
1.654164809149461998e-02
-9.194034423381672384e-16
7.698146111620832698e-03
7.442726688116833682e-03
5.793849827565240515e-03
7.989899077009192602e-04
-3.221323705204386440e-16
-2.616749320601283613e-03
-6.601772004456770565e-03
2.776082883984521549e-02
4.476830173910303044e-03
4.476830173910303044e-03
4.547906368501920246e-16
-6.510602577333832422e-16
8.619885382270846275e-02
-2.072795174920178131e-16
-1.864368419824529181e-16
-1.591694104864684912e-03
-9.125765632607829927e-03
9.469579874829770485e-16
5.007402541091546776e-04
2.351945319239470613e-03
-9.168499268066810162e-03
1.199607084933471124e-02
5.622023820301553544e-03
-9.628962498976073592e-04
-9.628962498976073592e-04
6.652737879722618597e-02
6.652737879722618597e-02
6.652737879722618597e-02
6.652737879722618597e-02
-6.610160907926669084e-03
-9.997643299928301447e-04
2.286548104193370304e-02
3.389639123978923328e-03
-2.455055476439457155e-03
-8.950089864549055224e-03
6.377819279645973670e-17
4.589948005959212194e-16
5.817778544638943332e-03
-1.053670006739155904e-15
4.229182883082954064e-02
6.881667088273924794e-03
-5.324813461898539716e-16
4.185699323234200013e-03
7.212455635015735067e-15
2.419145283789671946e-02
-6.413001913478996729e-02
-3.744268546160919918e-16
1.757402954702407764e-03
-1.562384770372281370e-03
5.801517527003397651e-02
5.801517527003397651e-02
1.159488965699220428e-02
2.388915234819789443e-02
-1.322807965593313197e-15
8.393160516391341588e-16
-7.626948456790915570e-03
8.255458621216239801e-02
-2.893043586126790690e-15
3.912058359112735412e-16
3.721061067431410507e-04
8.662699545244513868e-03
8.662699545244513868e-03
5.360458894704998867e-02
6.868700690829757094e-02
2.054563116860588282e-16
-3.633693846249528691e-03
-3.007905719465971128e-03
-4.485073337038437994e-16
7.006561266648447805e-02
7.422947493253079232e-02
2.415855053139382910e-02
2.512748607018131311e-02
4.465106299289148956e-02
4.435201906885849997e-03
4.359625413000999882e-16
-1.357009245131163532e-16
-3.705697993469994622e-15
-1.508540717106725351e-15
-1.508540717106725351e-15
4.475586731077771563e-16
-3.293076235842293861e-03
6.535192155588420704e-02
5.220206469244357585e-03
-1.521619917101324146e-02
5.212522691946886583e-02
5.549464707452958501e-02
5.681078844531305995e-03
5.681078844531305995e-03
-9.774937335500633536e-16
1.902053595144150011e-02
-1.096089676740235255e-16
7.463851328568175784e-03
9.252262382197319395e-04
6.677257798101190856e-16
7.090981160660389179e-03
-2.437655593959040749e-03
-4.665182922366515987e-03
-4.796878851815903483e-03
4.035534508649034346e-02
4.035534508649034346e-02
2.405222784806773997e-02
4.220524528001541598e-03
4.220524528001541598e-03
8.500211538630753419e-03
5.356559074979079983e-17
5.356559074979079983e-17
-7.386216268609936296e-04
1.435166192321856923e-02
-7.292007413429286121e-03
1.638790066687653875e-03
-2.947041212692776482e-02
-2.239260920099094866e-03
4.265340254104178080e-03
9.398178621788784437e-02
-6.618028162923872935e-03
-1.619046409227929608e-03
4.359565911178415512e-16
8.430958270214138073e-02
7.892964411052785789e-02
-8.065195013782911274e-03
-9.214558837687503862e-03
6.345621180013806886e-03
5.527618570052961200e-03
-2.517947248461941450e-16
5.938737726561475402e-03
3.322883697632560140e-02
2.147238942713617770e-03
1.295894238778193856e-16
2.912354121487278902e-02
2.912354121487278902e-02
-8.151656640976180299e-03
2.903586529266582051e-03
-1.466093507563896725e-02
2.931210370451676345e-02
4.518084839608695370e-16
-2.285811596516450824e-03
2.602106665748803171e-03
-7.053792268385459391e-03
-1.045042580760238184e-02
2.768407278174185148e-04
-6.745106209122478727e-03
1.530477564417190425e-03
3.596148729376520844e-04
3.596148729376520844e-04
-3.366010553070333030e-03
1.311477565041697241e-02
1.044401607612050614e-02
2.529732178037386731e-02
2.529732178037386731e-02
2.529732178037386731e-02
9.875090605417181975e-16
-6.946759903715862827e-03
-7.229831693463151146e-06
4.716718888713602315e-02
2.336171590015933414e-03
6.765372268763374108e-02
5.222537054607011286e-02
5.222537054607011286e-02
3.955500953259636493e-02
-1.184341192206679903e-04
-1.475161487379591206e-02
3.781948051560278870e-03
-2.167463588077011682e-03
6.539296211448195062e-02
-2.125162967179396786e-03
8.260619981377281546e-05
-7.216449660063293673e-16
-7.216449660063293673e-16
-5.718592500684052671e-02
-2.943531893399511646e-16
-4.958420789674982364e-03
-8.373027782156178430e-16
2.140611038532994753e-02
6.478927034147767816e-16
5.813806170373887229e-03
7.550337879766894078e-02
4.752486515499576396e-03
-4.922682334052571468e-03
-4.922682334052571468e-03
1.580724317468170173e-02
2.977527299220138462e-03
7.296790957970764394e-03
3.913628221235201238e-02
2.352693781840705864e-02
-2.977371619828572073e-03
4.438097782665059070e-04
3.191995866962710540e-16
-4.366181750480916356e-03
1.355606862002738805e-02
7.118177668295001641e-03
2.640893199801165603e-02
-2.396202756122043175e-16
1.261583686063163373e-02
2.356160853410653108e-02
8.502646396828847083e-16
-8.723507789176515342e-18
-5.186281092082947123e-16
4.326173025991181947e-02
5.874791486594831136e-03
-3.142299991464148622e-16
-6.047117862676001238e-02
-4.315363623882288724e-03
7.943876029828243930e-04
-1.694163371354051627e-15
6.198354641333329862e-03
1.674061064264828480e-02
-2.981876718197380531e-03
-2.981876718197380531e-03
2.185357131922179962e-03
-7.883318699435051261e-16
-4.076781629494250259e-17
4.597864244285994014e-17
-5.220335416176756027e-04
5.855267773629383582e-02
-1.100247833780076975e-15
1.006187537018990447e-16
-6.801958403577636203e-02
-6.801958403577636203e-02
9.351586044619661364e-02
6.196105616164008373e-02
2.011560146422621334e-02
2.011560146422621334e-02
2.973221494148785109e-03
-5.954687545968918860e-02
4.629803315694273891e-02
6.461923120357322692e-02
3.616971179998564306e-03
3.174449525422862184e-02
3.174449525422862184e-02
2.228304155420968505e-02
4.720316106253105715e-02
2.096774039096199402e-02
-3.510567704485865938e-03
-3.510567704485865938e-03
-3.164205905056089730e-16
-2.181032033540134061e-03
-4.562535428229855597e-03
3.193953481985922077e-02
4.066244733901462280e-03
-2.428403850461201968e-02
-4.924744718800198179e-03
-5.195700098669020599e-17
1.228248713153037158e-02
6.482418043690379647e-03
-1.490517500245108221e-15
-2.763209133197049722e-02
-2.763209133197049722e-02
2.270971926442245242e-02
-4.662949025988591921e-03
3.967856832819198487e-02
5.477836704043423377e-02
1.146328906516641544e-02
-8.495120451738683021e-04
-3.265300756046912722e-02
-9.582367814287752421e-15
2.795049733690273611e-02
-1.203565870690485913e-15
-1.203565870690485913e-15
-1.203565870690485913e-15
-5.783635561429304600e-03
6.129243118599867618e-02
5.878026715288370806e-03
3.246146149422352630e-03
-1.849716642696122180e-03
3.359527263938231168e-17
3.990090999576520470e-15
5.533875090629408050e-02
2.256505721091569411e-02
2.256505721091569411e-02
2.256505721091569411e-02
1.037558888304440999e-02
1.312213849590870973e-16
-5.722522590419423924e-04
3.785673298348485923e-03
-4.060427891901838109e-03
-3.359652374918282233e-16
3.531813465815248319e-03
3.531813465815248319e-03
-5.283660456472520292e-03
-5.283660456472520292e-03
-5.283660456472520292e-03
2.725968573672070405e-03
-2.537946382590163264e-15
8.491028713202621037e-02
-3.077964280131555846e-03
6.152268569164457551e-03
2.747928670312436159e-16
3.509441001547166511e-02
-4.398894571294048159e-16
-2.659197494701013090e-03
-8.858479746938930244e-04
8.064330202805950083e-17
-2.529598475195697658e-16
4.248149903193563018e-03
4.248149903193563018e-03
4.486762604018049855e-02
-4.377503115689068489e-15
9.661069784072610217e-04
4.927401738807986667e-03
-1.290571221469058156e-15
7.147343519518689625e-02
8.250324442372404185e-03
8.250324442372404185e-03
6.227172832829187127e-02
-4.741084302261983836e-16
2.803699694442070636e-02
3.179711347077702512e-03
2.063864937373473870e-03
-7.402115046936904154e-17
1.776552741447089481e-02
1.776552741447089481e-02
-6.385624225032277563e-18
-3.493333904040332120e-03
6.941421083827863103e-02
-1.145469949749995837e-02
