4.768829815422200719e-03
-1.316087833204067706e-02
2.443813771199541268e-02
2.665450369224125430e-03
-1.483777956161236311e-02
-1.483777956161236311e-02
-4.446260489396671788e-15
1.438932328504470733e-02
3.332661672256361646e-02
-3.846582325902204395e-03
-3.846582325902204395e-03
3.391661700601506305e-03
3.420584255244069755e-02
4.921977063516757081e-03
-6.308240694808798068e-04
4.291915737707701489e-02
-2.733301826530529829e-03
1.910215095565562888e-03
-1.589378156965458127e-16
-3.103658131596199171e-17
8.140368121393375198e-16
9.829473906146437862e-04
6.264951143940288882e-03
-1.624792390370668270e-15
2.209881064604351034e-02
1.119177422691145299e-02
6.104608662821436882e-02
-3.266012258068429035e-03
3.214664826883893278e-03
-4.802683356842367044e-04
4.095664479268421726e-02
2.054544484677118046e-02
-3.899231561981506000e-03
1.549605362287445262e-02
5.025312458585931563e-02
3.302324040383986664e-02
7.946908129258968903e-03
7.946908129258968903e-03
-4.113829675766834254e-03
6.104105379177848269e-03
6.104105379177848269e-03
7.385179757294824468e-03
7.701347506676707415e-03
7.701347506676707415e-03
-8.855680922953874240e-03
-3.241861569796949602e-03
6.132580677568996892e-03
1.135235316862798736e-02
-9.904272924406541320e-03
1.529323511831165492e-16
-7.087854802362800752e-04
-7.087854802362800752e-04
1.345095431922754001e-03
1.321823713000349596e-16
2.962727253299245883e-02
-4.776875444800623288e-03
7.288207239049132591e-02
5.119930110433155990e-02
-1.112005301425298028e-03
2.297086020596027649e-16
2.297086020596027649e-16
1.841937631728057106e-02
-1.074301354293685180e-15
1.544061126550589236e-03
2.563596775917194228e-03
-1.129494667013831522e-04
-5.896862609786522602e-02
-1.407464600662484619e-02
1.024552236230865873e-02
8.757673143530368687e-03
7.617230942246495113e-17
2.352045883673873917e-15
-7.313493576138286939e-04
-1.849136686322926703e-16
2.281032888710623693e-02
-5.815924812868850102e-02
4.744789141471055481e-03
-5.488631252518845136e-03
1.084508150878690930e-01
8.743481298131292445e-16
1.868166263688978215e-02
-1.038444380138664382e-03
7.176124158036122254e-03
5.026105918665801802e-16
-5.457288611493580840e-03
2.818528220037075371e-02
-1.964574525358635707e-16
6.446559208057008050e-02
1.436605337027169714e-02
1.436605337027169714e-02
2.602267266196364118e-03
2.644546221363858456e-03
2.644546221363858456e-03
-3.487871510273593371e-03
-3.487871510273593371e-03
-3.867285001962449554e-03
-8.013732668079837085e-03
2.240703103994212686e-03
-3.702350940611569274e-02
-4.338163942669953526e-16
-2.014753627496540094e-16
4.542949044508477752e-02
6.547232096858131994e-16
9.879664431339748448e-03
-3.167906077562406149e-16
-4.975088341121024563e-03
5.002707892109278104e-02
-1.082909830526348344e-02
-7.688616620789331958e-17
1.771344152007637077e-02
4.501887416237153147e-16
-5.096975996639754455e-16
-2.826021220759935074e-02
-1.948873434564844451e-02
2.477344946396249376e-03
3.116330451471206395e-03
1.546390026748574106e-02
1.546390026748574106e-02
1.546390026748574106e-02
1.058684686466080799e-01
1.058684686466080799e-01
-6.737202974376102490e-16
5.343542896908550638e-02
1.397227523674576889e-15
1.397227523674576889e-15
1.397227523674576889e-15
-4.972369537768168979e-02
8.438678312684699118e-03
8.438678312684699118e-03
-3.048508268238787639e-03
6.754774721642779235e-03
-9.672690837788940066e-03
-4.624739549203072016e-03
-4.419719611803348339e-03
6.419836150944795150e-02
-1.213869594201085053e-03
7.671774902134526064e-03
2.354550042778386695e-03
-1.662732451868343349e-15
-2.838211506719050728e-15
8.078189507810933437e-03
1.198345092668816163e-02
6.654451240494198146e-15
3.650341989446158342e-03
3.402634861288278845e-03
3.402634861288278845e-03
1.239908516076282314e-16
5.155770829793743375e-17
3.722891435273237528e-15
5.266435331017512572e-02
2.496129752686857342e-02
1.978029837608968066e-15
4.136932497854136498e-02
1.423150876665848275e-16
-9.466203591610059207e-16
-1.584963716475837017e-16
1.116136833862820527e-16
3.660662288947031523e-02
8.238123240783224929e-03
-1.649386118288907396e-02
-1.933272811599884072e-03
9.973064404341831085e-03
-1.875703633388684918e-16
1.845335111137817513e-03
-6.470497574870741342e-02
3.989712931052215653e-03
-1.554312234475219157e-15
-1.554312234475219157e-15
9.230414470361889001e-02
6.471661936348949151e-02
5.943872857471886595e-02
-7.164810779980745545e-03
7.613359638532951439e-03
3.377565743377187514e-04
9.127290160808659759e-16
-3.035087436550208424e-03
1.686627301068066240e-15
-3.432893464372619580e-02
-2.636049037768659412e-03
-2.636049037768659412e-03
-1.366063180265976668e-03
2.133096673836965950e-03
-2.979399240273806690e-03
2.663637061124313025e-03
2.663637061124313025e-03
4.046688801924097634e-02
-1.231118677759749866e-04
-6.129503330442913171e-03
-1.486431796753531739e-16
-9.135982381481166978e-16
4.465542795729886966e-02
4.993976953527423483e-03
-6.837818243478456515e-02
6.568675960270210952e-03
-1.209825927224586986e-17
6.297504412779438877e-03
1.355042369263980935e-16
2.137381065825090000e-03
3.155721714755647517e-17
3.155721714755647517e-17
1.150810924234579396e-15
5.221407781911509890e-04
3.134780660624491080e-03
-4.576399336490372810e-02
-4.061140599191438716e-02
5.715364994364779552e-16
1.305300333900488979e-03
-5.687436064956378524e-03
6.631947010270027032e-03
1.052292410451828066e-02
-1.090941390717928457e-02
-4.019290100709965556e-03
4.325570047409201674e-02
7.931311981689321763e-03
1.488737909394973564e-03
-2.770817315762333108e-15
-2.770817315762333108e-15
-1.739009778025801896e-15
-1.251970517816656907e-02
-3.871602808001572680e-15
-4.078907975209189983e-03
1.015094313996518227e-01
-1.069601206697476857e-15
1.148427110445030333e-02
-3.411992331797519784e-15
-3.411992331797519784e-15
-5.151941804631094551e-03
-1.435854888559942068e-15
1.064620673649098459e-02
1.246642319247871430e-02
-1.298706409574632535e-02
7.713035957113788428e-03
6.550862568659929287e-16
-1.904955668488084175e-03
4.501150907121634522e-03
7.521453534560489616e-03
5.595733923599628679e-02
4.392473118130051785e-02
1.810292989438867393e-15
-3.008105182502622196e-02
4.521955961481736314e-02
-9.696347458914861120e-18
-9.696347458914861120e-18
4.994323331671369354e-02
1.023633334683851648e-02
4.368006256087112577e-04
5.785845558974190422e-02
5.785845558974190422e-02
1.313515442655405919e-16
5.526786079068749663e-02
-3.283326334900050006e-04
1.923388677941196417e-02
1.923388677941196417e-02
1.923388677941196417e-02
-7.162364286392933731e-03
-1.257150102710494471e-03
3.858631118533391996e-02
-1.896834276461011140e-16
-9.028732140355319197e-04
-1.210100914616652860e-16
-1.210100914616652860e-16
-1.600753672130116392e-02
1.411518954518850757e-15
3.178994870446085960e-03
-1.565829491956847265e-16
-9.861096717699122539e-04
-2.095105424787517198e-02
3.897336175567297362e-02
4.386530740072724227e-02
4.318459194183543563e-03
4.318459194183543563e-03
4.318459194183543563e-03
1.024801816736824363e-02
-6.100156486422429758e-16
-2.220760145171622797e-16
1.873385382844839797e-15
-7.324171947635484126e-02
-7.324171947635484126e-02
-1.597953229409629361e-03
-9.756532586783690559e-16
3.796360713275560503e-03
3.188238076796215836e-16
3.557972279990168321e-16
2.460038287505294640e-03
3.876968050227781303e-03
-1.749994256761030998e-03
-3.688713603281467031e-03
-3.688713603281467031e-03
-1.626468668262985150e-03
-7.208497507545950697e-16
7.216642062273999319e-16
-8.377773848288449466e-16
8.152486545608772159e-03
-9.963489377771431177e-03
-1.618940091982108494e-15
5.021428726912399026e-02
4.590545259545145140e-02
3.823429511704626335e-16
5.589758348159952484e-02
-8.794092907310504387e-03
-1.709063083436535273e-03
7.997141031197665950e-02
4.386052497699152036e-02
1.045190332257835419e-01
3.496824119125638346e-16
-2.759917797090636303e-03
1.961649203048975842e-03
9.473995675260598118e-03
8.854816266670403890e-02
6.572743543621742054e-03
1.638923049199016158e-02
-6.698523617659945070e-16
-5.379207965484250273e-03
-4.395114033244061635e-02
9.120145777376209920e-03
2.958774762512514887e-03
-1.975254639980608511e-03
1.248772626972158425e-03
1.368702162749172356e-16
1.368702162749172356e-16
-3.743645661879763976e-03
4.956422473689678886e-04
-2.354358330513645504e-03
3.108561324848824626e-03
5.101042573356096704e-02
2.147870218536288359e-02
8.220481708382185171e-02
4.962460407783819000e-03
-1.517618696282350037e-15
-1.747503961116189100e-03
-1.748490650132335927e-02
7.853048918275511679e-16
-4.294004906074622152e-03
-8.908485164205766013e-03
-8.908485164205766013e-03
-2.546866063350046166e-16
7.424711222592952388e-03
6.916256545764633973e-03
-3.366541388779070373e-04
-3.366541388779070373e-04
-4.280990611456270423e-15
-3.931121462689307969e-03
-3.931121462689307969e-03
-4.874744950477093706e-04
-4.874744950477093706e-04
5.434848191448599791e-02
-1.687535805542590738e-03
1.034078338148517991e-03
2.846358984168365081e-03
1.922996457761871111e-03
1.497824507476939946e-15
-6.945737379885785767e-02
-6.945737379885785767e-02
-2.596423580642507212e-03
-8.561726643657457546e-16
-6.610729763658320041e-04
7.209611355661114940e-02
7.209611355661114940e-02
4.334693177523585988e-02
3.453362180026233602e-02
-1.365961764319826022e-01
2.476156830415443197e-03
4.531582439357748765e-02
-3.923269034079204204e-15
4.010243359170867494e-02
2.382676984552808209e-16
2.382676984552808209e-16
-5.824439382313013197e-02
-2.037723294152588970e-03
-1.613415757935742773e-15
8.414611857069935474e-02
8.414611857069935474e-02
-4.789263030554885212e-03
-5.107044644851072533e-03
-2.405551413582002109e-03
-5.652298674978698846e-03
3.516771860945933168e-03
7.268221287707950208e-16
7.268221287707950208e-16
-5.628136495005896245e-03
7.398984708486976494e-03
-2.708971598302075540e-03
1.180405688627890222e-15
1.342034096465999186e-02
1.935540138685362330e-02
-2.585334295155471232e-15
9.168289233817121520e-02
4.359653881314679241e-16
6.850476006881335567e-02
-4.752732226640311430e-16
8.613356745825253083e-03
2.215743701574391863e-02
-8.209176713305341155e-02
-3.378466698031849878e-03
5.174944485840999793e-17
8.295553156028527553e-03
1.664769080431091272e-02
1.664769080431091272e-02
-9.127300330546071760e-02
-5.340304151353477552e-02
6.168306738267314605e-03
1.431185817548043552e-03
-8.251905732621299047e-03
-2.782681005318388048e-03
8.092412312010060366e-03
4.460860278204416621e-03
2.374148486090528823e-02
1.550725295897420475e-03
-2.657286743907315979e-03
-2.657286743907315979e-03
7.384616031553038924e-03
6.387268517456380461e-03
1.572673925479245449e-03
5.925209681509261209e-03
-9.935889764281620408e-05
-7.031647109132774243e-03
3.688122587948347706e-16
3.911325587676330037e-16
-1.635659219244172231e-15
-1.635659219244172231e-15
-3.940852250857361690e-03
2.619453621933255341e-16
-4.300160621372092588e-03
-7.101609292144386854e-03
-5.267744976052302769e-03
-2.939556778363629913e-02
-4.483594056393120676e-03
5.225112883090090135e-15
5.225112883090090135e-15
1.043800159104321321e-02
-1.292127260255562229e-03
4.394781060073772033e-02
-5.154352463830114139e-03
2.442540840820545792e-15
-1.047276202153838709e-01
1.274372006459093855e-02
1.072630780638265599e-02
-5.960052020842917207e-03
1.374430386573860519e-01
4.778340940953585726e-03
-4.087430100420340849e-03
-1.654910693945420980e-02
9.036541952159021784e-02
-4.897811935458902532e-02
-4.897811935458902532e-02
6.158752693946196489e-03
6.158752693946196489e-03
5.049720139793549556e-02
5.049720139793549556e-02
2.792784842848928042e-02
9.723831717016481399e-03
3.653489378223499610e-03
1.065540286881635004e-02
1.092805277290765688e-02
-9.789705975065634225e-16
3.602682876768852429e-18
-1.097381453105120045e-15
-3.836440607345010211e-03
-5.766573900185883832e-03
-5.766573900185883832e-03
-7.255576369669753702e-03
1.688300319248316585e-03
-1.855187406076879266e-03
1.546894558331766501e-03
6.160211427983555668e-16
2.662901752174784073e-02
-1.037500196965571547e-15
2.533930164191244266e-05
-5.687935206749318920e-03
-5.687935206749318920e-03
2.337571618491089600e-03
2.592104957568982029e-03
4.375549918492413481e-02
-8.286529435523109436e-05
5.706008079964133665e-03
1.413889114567677165e-02
1.989784684018256616e-02
1.048197161874707896e-17
1.815300975910020750e-02
-2.211380157976819898e-16
-8.970463747162036802e-04
4.442180192869861141e-03
5.937444962192404974e-02
5.685302968342946343e-03
7.229172049606927275e-02
-1.622866929420137142e-03
-1.124241783053321099e-02
6.876746348458043223e-03
2.830438868638259203e-03
-3.706576969108250300e-03
1.330133492406438550e-02
4.087538640309478638e-02
-1.019590434022649250e-15
-6.250940768751846871e-03
-1.197725912757691656e-15
6.940693751564407099e-02
-1.183122632098616931e-03
-3.568723859549656485e-03
2.718147310884662382e-02
-7.058865655591125762e-03
-6.343126553061369417e-03
4.128739320457307362e-17
6.451415291707839061e-02
-3.032077967213417215e-15
1.700872332015799287e-15
-1.596562042704188864e-03
-6.619251286474187729e-03
5.851815268558386435e-02
5.851815268558386435e-02
7.852319320331535568e-02
1.128432577360097497e-15
5.043221001441872825e-02
