4.412248518181027292e-03
-1.306295324903522311e-16
5.666174968772780263e-02
6.451798088175678125e-02
2.149974830431966577e-02
3.959540714879472567e-02
7.337005268496823714e-16
5.958043999063289409e-02
-5.638339425737582148e-04
-1.711758836387596017e-02
-1.711758836387596017e-02
-7.601021278877774512e-02
-3.024867152832783849e-03
3.638176081608277337e-03
1.450100248600303970e-16
9.028100591892688731e-17
9.028100591892688731e-17
1.659973972001529616e-02
1.659973972001529616e-02
-6.802289438970779423e-02
-1.022799405714676310e-15
3.505977015384784991e-03
-1.133480917247334588e-02
7.005177363442937656e-03
-5.096798172116733666e-02
1.123726449043142145e-02
6.363233546745340752e-02
4.888136076802367114e-02
-1.146168349358602095e-01
-1.146168349358602095e-01
9.092600151155984592e-03
3.810958886067532247e-02
2.132250178525870333e-03
-9.126435066272518522e-04
-4.474606523903587596e-02
-1.564170677851079577e-02
2.568853384604726994e-02
2.924151017347821364e-03
-1.619521304386894317e-02
-1.724355792702450204e-16
-1.348381050316120073e-16
7.143178602722708576e-03
7.358128150779867649e-02
8.367698528110173450e-02
4.298323558388215254e-02
-3.650669923512433977e-16
1.026594471655599417e-02
1.381673011969456061e-16
-2.590378475866560084e-03
-2.449264753555860114e-03
-1.539942369071583498e-03
-5.753929360440948430e-03
-1.609774921464576791e-02
1.106683341732036472e-15
-5.780993463499807007e-03
-4.753128040472654435e-03
-1.574461354065599672e-02
8.026378543747735017e-03
8.026378543747735017e-03
4.260382857789217319e-03
4.260382857789217319e-03
-5.529335788469505888e-17
-5.529335788469505888e-17
4.414587439925403223e-16
3.085073497857919109e-02
3.978446780748093325e-02
1.050635797497965347e-15
1.524051180052639516e-02
4.489195597521421222e-02
7.221641275121951087e-02
-3.711162736374172522e-04
-1.888668279248445012e-15
-1.888668279248445012e-15
-1.888668279248445012e-15
7.654035407841501499e-17
4.510639210889023898e-04
-2.826633835223007346e-03
2.434236902184232915e-03
-1.306521561873324501e-02
-5.028590604724846903e-03
-7.807083682262680631e-03
-3.885284391772975826e-02
1.132541071293311879e-15
-3.516171289735514453e-03
-1.124229646912025869e-17
-9.597546889765837383e-16
-9.597546889765837383e-16
-9.597546889765837383e-16
-1.749551824723462670e-02
3.832273410987151185e-02
9.967030835554644558e-03
-3.966932861034836583e-02
1.724209931359445627e-02
1.077871891160826767e-03
5.422842061477212150e-02
6.598841639757969642e-16
1.427305606362298015e-15
1.427305606362298015e-15
-1.878687948549226557e-15
2.542758224910053143e-15
2.542758224910053143e-15
1.037772223544894228e-02
1.535166193360507254e-02
1.535166193360507254e-02
-2.589655287278044837e-03
-3.476495935791494574e-02
-2.844146471080749583e-02
-5.948861628017154506e-03
-5.948861628017154506e-03
-2.108814630904941659e-02
1.397764976629134981e-16
3.357162993042599013e-03
4.734742185636338883e-03
4.734742185636338883e-03
9.871997156615860015e-04
-4.540808469279957447e-17
-4.493099828493428427e-02
-4.493099828493428427e-02
1.569224836165625414e-17
5.066572468366813141e-16
-2.080378861441514824e-03
1.224150332246984191e-01
1.224150332246984191e-01
1.224150332246984191e-01
-3.200487146933249979e-03
-3.200487146933249979e-03
2.916304020984458734e-02
1.522209333931653918e-02
1.723338840232627909e-15
2.221979954669650939e-02
4.857957658493615438e-02
5.258840671338609052e-02
-7.613995839556364671e-03
3.720981855954426668e-16
2.331237266201315699e-17
-1.363244842316432750e-03
-8.946599308935572481e-02
-9.121964431366714685e-03
9.679441453643264012e-03
5.421645575478906132e-02
6.088460146314547683e-03
-2.505367115192515780e-03
2.401964964300985338e-03
8.290421178723172621e-04
-2.486581786306859762e-03
-2.040818369013065389e-02
-5.197898144435399159e-02
5.999505103500300312e-16
7.583804097363924628e-03
1.109135135639809366e-01
2.650462129390383195e-04
-7.110182636414584407e-16
4.258328950120669754e-02
-6.476595498093152365e-04
-1.418122453025172673e-03
2.159534525446401079e-03
-5.127619510037968384e-03
-5.127619510037968384e-03
-9.668202585495427187e-03
-3.401853722762779693e-16
5.047871761693306647e-02
5.790412376932821403e-02
5.283767586447421852e-03
-1.435129155657717016e-03
1.174554879175982753e-15
-6.281711764260053399e-02
6.836385351559511048e-02
1.835172574180378782e-02
3.275496075169543903e-03
2.208269101753175534e-02
1.110678446674485606e-02
4.473517548449944085e-03
4.631122604977087887e-02
-3.454756124189709704e-02
2.386565862279808187e-02
7.487444017114484526e-03
1.682363878462262005e-03
6.661565700046305494e-02
7.826177856822527526e-16
4.195603010863464127e-02
-6.924903806657658939e-15
2.571430311702588203e-03
7.489167155151620070e-02
6.029823861498131987e-02
-4.311705120798368582e-03
-5.619452937641089248e-16
-1.218079607985807049e-03
7.137001100864879100e-15
2.099693032289739778e-16
1.538932986537411632e-02
-6.533147832352986795e-02
-4.588154549107452754e-03
-5.749119281958595812e-03
-5.749119281958595812e-03
-5.749119281958595812e-03
-1.587869662208735979e-03
-6.928211794130007505e-03
-6.928211794130007505e-03
5.631963808408527172e-02
-3.820379235777271020e-03
-3.981154840346013031e-03
-1.765692137110070208e-16
9.550989460452671831e-03
3.346622924057647552e-02
8.788200347578391707e-16
8.788200347578391707e-16
-2.478707649052202741e-03
7.173729411183213779e-04
7.885730401849703336e-03
1.145151034177920718e-02
2.546059942168498423e-03
3.961567560563872270e-03
3.961567560563872270e-03
2.672420020183284214e-02
-1.062618898999638485e-15
-2.470493481396753373e-15
7.410112583422457863e-03
4.124914927876990028e-16
-1.072839164428390918e-01
3.906710717910534536e-02
-2.963358421521495445e-05
3.579109245023861250e-04
1.074594403472018206e-17
-4.422501645912398777e-03
-8.607083810947515267e-04
-1.174705857092638409e-15
5.577253024361434358e-16
6.172860412253170469e-03
6.053535694518755540e-15
4.270149011414994117e-02
-8.018168594900763196e-03
-8.018168594900763196e-03
4.951716007154050025e-03
-6.692098957138572016e-03
-6.692098957138572016e-03
1.946348841348834006e-03
5.876954213660458455e-03
-3.260121567726647947e-15
-3.260121567726647947e-15
-3.260121567726647947e-15
1.313121572312122383e-03
2.041874039382932734e-15
3.470873766754467571e-02
-9.583509292075671412e-03
1.875859412216047267e-02
1.265441428126303034e-03
7.829223027059255616e-03
-5.334934334147919884e-16
1.021540341898025811e-02
-7.939436626398661476e-03
3.337287522170660856e-03
-1.749552647956961879e-03
-1.749552647956961879e-03
-1.749552647956961879e-03
-3.317208876303608742e-16
3.447159975714350448e-03
3.447159975714350448e-03
-4.036833767986741256e-16
-4.036833767986741256e-16
-1.234038912723001147e-15
-1.792685660068944059e-02
-7.890012358908773645e-04
-1.102270920981083223e-02
5.306564724127351557e-02
-2.609359771058680232e-17
-1.041675201998547434e-01
5.367911090858975415e-02
-3.615200337573950835e-03
2.418862665293398939e-02
-1.374133380001788494e-02
1.220882490083407840e-03
6.828550289502246032e-03
-6.248765837132030238e-03
7.134921865063885774e-03
-1.231911159378303207e-02
-2.375437622797751441e-15
4.899216367988941043e-03
4.608976831334809024e-03
-3.088577195199624162e-03
-1.939526737743856467e-03
-1.939526737743856467e-03
5.034681152656506065e-02
6.655776498443639888e-02
5.601126358382476148e-03
-2.380695887479483512e-03
-4.200001936145137185e-03
5.578593507209422646e-15
-1.215227377643279469e-02
1.165142166750365046e-16
3.499844262584626137e-02
-2.036853601443199922e-16
6.709035231141999289e-02
3.497356267967156873e-02
-5.312547344373973190e-02
-5.312547344373973190e-02
1.209151607008597529e-01
-7.101025086115196616e-02
-2.299960089863154315e-17
3.491130232053804543e-16
-4.403650729273133474e-03
-4.403650729273133474e-03
3.413693367712568923e-03
4.588274969674617509e-02
1.923210679471782507e-15
-6.109952689623233054e-15
1.490003473238304900e-15
6.903533039581820352e-02
5.171327173443671620e-03
-2.912968113468079705e-03
-7.937196835457734424e-16
-1.528099174173819241e-04
-1.528099174173819241e-04
2.089776129587786122e-02
3.546166210523623435e-02
6.805581023720666057e-04
-4.290316103128735681e-02
-3.991547543246921899e-16
-9.979297391591816085e-04
-9.979297391591816085e-04
-2.450244239601519908e-03
3.693204454832117994e-03
-7.270656637094517023e-04
6.075924637934378147e-02
5.512046141872280029e-03
3.702440194194045377e-03
3.702440194194045377e-03
1.780656633981828746e-02
1.780656633981828746e-02
-9.913782420997787854e-16
-2.889346644795478261e-16
1.744985401181163272e-03
2.744568774922816548e-02
1.453919452065889318e-15
-2.386564766317014925e-03
-4.562006413760464653e-03
-8.370901243314170931e-03
1.862088690337839608e-02
2.677470327752630094e-02
2.677470327752630094e-02
2.566765422372369140e-15
8.196273730115103761e-16
1.862720070788239854e-02
1.862720070788239854e-02
-1.375568345856395796e-03
3.647137589407515451e-02
3.647137589407515451e-02
6.523815275355693277e-02
-8.677211178016906116e-04
-8.677211178016906116e-04
1.199415179529746828e-02
3.080826533001629688e-02
-1.411110986398657867e-16
-1.411110986398657867e-16
4.612983834690397716e-03
-1.861708219763295565e-03
-1.027302994805744801e-02
-3.655234961489389140e-16
-2.709631522809040956e-03
3.553812088612937070e-02
7.576629400006951696e-03
4.447358548321202892e-03
-6.179184235165624539e-02
-7.541352132218029358e-03
1.559941540962084880e-15
5.886691767443723994e-02
1.923920123210537164e-15
-3.569021264299573892e-03
2.632057430191472175e-02
-3.018571779851675005e-02
-3.018571779851675005e-02
7.614875372127577480e-02
-2.942669672153822403e-16
5.975779133115030617e-02
3.442567337187185834e-03
-1.803353563776462592e-16
3.883430596201153245e-02
-2.102112621747679114e-03
3.773023560249413066e-17
8.364942657502875273e-03
1.153190764698696914e-15
1.153190764698696914e-15
-1.947307021814229100e-02
-3.640981011105500864e-16
2.614483128253371896e-02
1.774922229678496883e-03
4.181949453888098717e-02
2.457229772530794700e-16
-1.149254302833791851e-16
7.169859031267849843e-16
4.141708483021894205e-02
1.463470678152071015e-15
2.188740715034604659e-03
-8.257668286001149338e-16
-1.219373162590351498e-16
2.399382518783481355e-02
-4.578162451651032749e-03
4.560286102649798584e-03
-6.555866253118913453e-03
-1.547642591171650301e-15
-1.909259215740946938e-02
-2.524247192626770733e-03
1.482374626609339607e-02
-1.494584077095865255e-03
-6.254786763846398219e-16
2.147365434244741765e-03
-3.354885301671548144e-03
6.064476001357671855e-03
4.621315193786387776e-02
4.621315193786387776e-02
1.409193355351007074e-03
-1.636006868172001916e-15
5.320021867320261916e-03
1.594414128372767178e-02
-2.717994207491933352e-16
-7.930848224185292616e-03
1.076334918179995201e-02
-2.207007203445489389e-16
3.211083521839800596e-17
-4.672143258395029114e-02
6.730649581321210793e-04
6.730649581321210793e-04
2.928124467099817163e-02
-4.514595938544037779e-04
-5.215271661129599473e-02
-5.215271661129599473e-02
-5.756002816216407997e-02
-7.657485331050074839e-03
1.461154618015710104e-03
3.632791722234798154e-02
1.918012988373104185e-15
-4.547155100299142549e-02
5.760945635954884195e-03
9.365359966385679834e-05
-1.542298471325964692e-03
6.794336952592465451e-02
3.963073788365073513e-02
2.786207286406391405e-03
3.176149227905416834e-03
-1.554475987976047802e-03
3.358092316401214278e-04
1.083402402423864347e-02
-3.821178793754686668e-17
1.073395882597825424e-01
1.056210652823313945e-02
-1.367935166302701108e-02
-2.600083941695458629e-16
-2.600083941695458629e-16
-8.089571177535934132e-03
-1.102966129719746557e-01
-1.102966129719746557e-01
8.869917265450450249e-17
1.396243357973379808e-03
6.505483737934855681e-02
1.333846875339672958e-02
2.551901584049282370e-02
-1.779508954260774409e-15
-1.779508954260774409e-15
7.759780185151372855e-02
7.759780185151372855e-02
-1.141789236500138742e-03
3.752665860468934467e-02
4.722828893708236851e-03
4.722828893708236851e-03
-7.193681414431814913e-17
-1.777530886378507908e-16
5.090241917579665584e-04
-5.096666334642335067e-02
-5.096666334642335067e-02
6.536890367391665069e-02
4.638108184439209553e-02
2.081806300852812996e-03
1.267002991424849220e-02
8.048737849505235506e-03
6.495826653026599840e-02
-5.116665651024172347e-03
1.819404581505968191e-02
2.365342809997969749e-16
1.848048238691664446e-03
2.258980043487886143e-16
-2.765349619687470594e-15
6.013783005722415920e-02
1.438715299901971618e-02
7.994220984999059545e-03
-7.817927983702795530e-16
-8.276371155921819975e-03
-4.757479132898375850e-16
-3.445305389649457300e-03
2.457951397668173884e-03
2.457951397668173884e-03
4.618158557093524769e-02
3.391468707220456590e-03
6.864313302365392631e-03
-5.107033022249206355e-02
1.085735247020409681e-02
8.947551036966136517e-02
-2.348166389911649859e-16
6.605962083059867956e-03
6.605962083059867956e-03
5.418927650911297550e-02
-4.374946950065753716e-03
-4.374946950065753716e-03
-2.252583265578453169e-03
3.569196916060462382e-02
3.569196916060462382e-02
-2.420946834100599562e-03
-1.548989316571180823e-02
2.553816909112906379e-17
-9.993194035494225938e-16
5.746781620715396902e-03
5.061123315210428776e-03
2.452546719143428727e-02
2.452546719143428727e-02
