-1.789585163011407668e-16
3.559557061838107550e-02
-4.635090815133770692e-16
-5.660310256276154311e-16
6.331683358794160110e-02
6.331683358794160110e-02
-2.506667107798613969e-03
-2.506667107798613969e-03
-9.656847557921231437e-03
-2.076427175474856480e-03
-8.094112733755097358e-04
-8.094112733755097358e-04
-2.892799794329440916e-03
3.940575595205739710e-03
6.563282759238331203e-03
-6.624947364660962948e-16
7.267725031136128099e-16
2.098286745839061072e-15
-5.225380272775478975e-16
-5.491796566855674556e-03
5.098908816326059440e-02
3.912518543386839937e-02
-2.085799939427093813e-16
-2.085799939427093813e-16
2.746108439568341938e-03
-3.573056575377282773e-02
-7.996040467316678957e-17
5.784842260865443592e-02
2.197018962123061577e-03
3.138877180701992744e-04
3.439280769131671661e-02
3.439280769131671661e-02
-6.096957285952287961e-04
3.984957765215783876e-02
-5.292865428461963721e-03
9.078367036261332859e-03
1.104204606979709846e-01
-3.603637718512092409e-04
-1.142868231664941718e-15
-3.464476999944015364e-03
1.135065575054613161e-02
1.245176132051544204e-01
3.340871092441709267e-02
4.315196645494144556e-02
-5.891078944687859302e-03
-7.957414572624038938e-16
-7.957414572624038938e-16
-7.957414572624038938e-16
3.777926236451332326e-02
3.535128430198925670e-02
-1.101038641373631131e-02
9.801920267745374039e-04
9.801920267745374039e-04
-1.322389001923727997e-15
7.170916516590929157e-02
-2.205513958179256516e-03
9.217351032452039683e-03
8.397852858910087939e-04
1.082626139744279417e-02
2.839273335371333799e-03
-7.275380664324422424e-03
5.832219137380691586e-17
-1.823784906512006275e-16
-9.210595834185155220e-03
-4.563803635598918940e-03
-1.624836999212530980e-16
5.051654046896966038e-02
4.168187452343473376e-02
4.621599126164633101e-03
6.377421812316091954e-02
-7.429514274580422755e-16
1.063174138866245823e-02
6.788303646049465012e-02
6.788303646049465012e-02
6.788303646049465012e-02
-2.953487363597840345e-16
9.059362647863217557e-04
2.862988308170448266e-03
2.862988308170448266e-03
1.136032398311333240e-16
3.597793134742227616e-02
3.225126965038729518e-03
-6.246155152701196803e-16
1.347313747920595751e-02
-7.530692992851706520e-03
3.317374552345169553e-15
-1.759336194514227528e-02
3.551510940819066441e-17
2.578726569134001734e-17
1.110073947097752320e-15
1.747412133231612951e-17
1.225352915808591674e-02
-4.872393374127068473e-16
-5.596506037958285176e-03
-1.163527696061227718e-02
2.392237985093256282e-03
-2.655117048369848515e-04
-9.553956651573070443e-16
2.369423534472133927e-02
2.369423534472133927e-02
4.181384464795689579e-03
1.625175907910436993e-02
1.658365513238005753e-02
-3.608518921529891687e-03
3.577910936651244184e-02
4.014954365193301213e-03
-4.027762230938489665e-17
4.180691954741374422e-02
1.037732693302287519e-02
-9.283425199091590714e-16
2.791418884405306652e-02
-6.099921105272385314e-16
5.229463103507631799e-02
4.225400273159544279e-03
4.225400273159544279e-03
4.225400273159544279e-03
2.777416677146720640e-03
8.690018404373199556e-02
8.690018404373199556e-02
8.186068297440556030e-03
8.186068297440556030e-03
2.890059630455407876e-03
-1.024774677725641662e-16
4.519909760083707685e-03
5.371767721393021222e-02
6.181099095883126754e-03
1.043891319507732895e-01
3.580893174406175623e-03
9.678740525964030922e-03
1.326546276854433518e-16
5.880641878292974627e-03
5.880641878292974627e-03
1.167612268550905550e-16
5.514655447554753840e-16
5.514655447554753840e-16
5.514655447554753840e-16
4.376218891999932720e-02
1.453553776376126960e-16
5.328382411651595062e-16
2.828791760924998996e-03
2.828791760924998996e-03
-2.677349994306480735e-16
-5.023066483380082131e-03
9.772781268995779994e-03
6.189623501551143325e-02
4.256688714047741906e-02
-1.426173028347125712e-02
4.038045018805326485e-15
-1.765557062726877055e-02
1.324988003327914193e-02
-7.125154648735969320e-03
1.333530562698311212e-03
1.416080040326442996e-02
-3.688832654153517657e-17
6.691529397979598115e-02
-4.692972138362105282e-16
-6.840776313046014259e-03
-5.766409119675866340e-04
-8.006201451627184551e-03
1.772835171880065425e-02
-6.088838578094624837e-02
1.217450491758885298e-15
-4.503985025296894200e-03
-1.006873837557274026e-02
-5.003580849339112637e-16
-5.003580849339112637e-16
4.107460408772634769e-02
1.038228057638238278e-01
1.106656303575099795e-16
5.232448839448913119e-02
3.148929684809517238e-16
4.861485251579737710e-02
3.484833441809278946e-03
1.031315984286187981e-02
-3.250641420923951209e-16
-5.458942691871464248e-15
-1.498032227077266982e-03
4.756837358853981818e-02
4.756837358853981818e-02
4.756837358853981818e-02
-3.000381547746701035e-15
4.423412301957783260e-02
-2.972795457022954253e-15
9.154384403470472095e-03
1.054240084992394064e-02
-4.522752962681387406e-03
2.323582068194901068e-15
2.024958321285421324e-03
2.071823785428561493e-02
2.071823785428561493e-02
3.132977998865757452e-02
3.599185104580724580e-16
-8.792405935443455954e-16
3.435673705435556002e-02
4.302665274897985587e-02
-4.191091917959965940e-15
4.077695749791456457e-03
-1.200525889530561002e-03
-6.169013341991481242e-03
6.242076552524633559e-02
4.121314755015838271e-02
3.107853521291322961e-16
-2.631840634555907272e-16
-3.625260831384397031e-03
5.798008605824517270e-02
5.798008605824517270e-02
-2.241280215292019030e-03
3.118238306396918017e-16
9.799787885867170326e-04
4.784212769585539232e-02
-6.339280463082989756e-16
-4.588793510603272624e-16
1.769801821520945381e-02
3.515996343233049326e-02
5.925147882168207286e-02
5.925147882168207286e-02
4.302807397775801031e-15
-9.641087424097931693e-03
8.230177481068830417e-16
8.635314987940405319e-04
-4.601075491830885257e-16
-4.601075491830885257e-16
3.346252441907452552e-03
-6.129246077981017274e-16
3.225046172864738629e-16
-2.746758981152179348e-16
8.958431441697998045e-04
2.505097102710874407e-02
-3.197664017283973967e-03
2.462186440349686291e-03
1.081288216886779931e-03
4.877396491911097781e-02
-1.029680355736639630e-15
-1.359310463114849106e-02
1.712111276483514050e-02
1.171658391179042878e-02
3.988155784891925734e-16
2.644290720955996387e-03
-8.009283172119432276e-03
3.416657785792213964e-02
3.416657785792213964e-02
2.856506061662582308e-02
3.747966748157306044e-02
1.761551220454700190e-15
-9.768038986826029829e-16
7.855849372157835092e-16
-1.675170450410430751e-16
3.966212561053235330e-02
3.046335225438303334e-16
-3.168511001439358669e-16
7.561623533700723754e-16
7.897832866608237579e-16
3.034515643654369862e-02
-8.434326493393710239e-03
3.120045430418507690e-16
9.318861668113914259e-16
-6.049557151105346012e-04
2.905259491489822418e-02
6.544609674258549878e-03
1.487129532262105439e-15
1.487129532262105439e-15
-5.129290471239560298e-16
-1.372482839905796994e-03
-4.014234593320872672e-03
-6.238290971072308136e-03
4.725399848613356935e-02
2.295408244970714717e-02
1.035055325915618628e-02
1.175900304598954290e-16
-1.428517423687860301e-16
1.239571107376822787e-02
1.127620519518585801e-02
-2.110757590414164298e-16
5.494132497719869668e-02
3.645770921995016985e-17
2.332424401465772994e-03
1.276552340397635495e-02
2.409135877728736913e-16
4.796966683785889446e-02
1.343743591636526326e-16
-4.619772584755692592e-16
1.195072283780988232e-01
9.116079835797592790e-02
3.842964322734609278e-02
6.467966102139431628e-02
-9.463074391192200907e-15
-3.450484031808825729e-03
-3.450484031808825729e-03
8.832103462445239223e-03
-1.549453344459796929e-16
-6.163638241062982208e-16
1.720147741337397715e-03
-6.409645199153954018e-03
-1.385413585935172352e-02
7.478615683038592789e-03
5.982364057714427486e-16
1.327218252554447986e-15
1.327218252554447986e-15
4.436067929557042933e-02
-3.891722515607520913e-16
4.936603615858224658e-02
4.936603615858224658e-02
2.899596099188627221e-02
-1.328557013291376960e-15
-1.109553795065047407e-02
-1.987142435492068177e-02
-1.987142435492068177e-02
2.823209438059363918e-02
-1.673364624784407465e-16
2.021863560315998506e-03
5.626624329383488055e-02
2.900920606679014725e-03
3.866073958227006502e-02
-3.481380291921230743e-03
5.107127400250215138e-15
7.815263384630417864e-02
6.117419124503246713e-04
-3.202565644965203739e-04
-1.237618353230008185e-03
2.267082333543534584e-02
5.816253153744987969e-02
-2.177220674697528032e-15
-2.177220674697528032e-15
-7.199821210747116843e-16
3.106704679180209532e-03
-5.001411536712317131e-16
1.898665926832545725e-03
4.017939772876024523e-02
-8.438236519146108047e-03
6.987758731873423368e-16
4.088797580021727614e-03
4.088797580021727614e-03
-2.565364212183114840e-16
-6.579641002122574211e-16
-7.669442413516690780e-03
1.533686034355386842e-03
3.466650134598705976e-16
1.272186104871338955e-04
5.982919345080520840e-02
4.083661940592966944e-02
1.300400172196782337e-15
-1.257216370083668686e-14
4.966524890520438579e-04
7.204225216543665893e-04
4.149078955225220244e-02
-9.540692138997880049e-16
-9.540692138997880049e-16
3.165700424255564298e-03
-3.742819069644115221e-03
-5.848039875807817516e-16
6.217498250978699100e-04
1.609550170836917052e-02
-1.435810694908269112e-15
4.192479318792196458e-02
-7.017715803847726988e-03
6.705159514538350241e-02
-4.823358807690526243e-16
-4.823358807690526243e-16
1.640591051190930239e-02
1.592182764767573547e-02
3.393152264200765406e-03
3.259956919637188588e-02
1.797280802458822713e-02
-2.048483917159457136e-03
1.493908468340262360e-03
5.118408763739825534e-02
-4.456645452170089963e-03
1.368751032654468645e-15
4.487693228967180176e-02
5.773322585670221524e-03
3.700287643731320353e-02
-5.085460798762614143e-16
3.648977310282802700e-02
4.663686606930607555e-03
2.354084515282180240e-16
2.354084515282180240e-16
2.146212739777344017e-02
1.461030575270862945e-03
2.850950693932051243e-03
-4.267766011056933068e-02
-5.489860082660515854e-16
-8.390905401643495993e-16
4.423663144574969952e-02
-3.101057872688672488e-16
-3.101057872688672488e-16
7.237123897282816964e-02
4.671518945643099441e-02
2.234385404487781134e-03
3.905135010227875521e-03
9.903467998613193438e-04
7.821773049338025252e-02
-5.668423512626443828e-16
1.117163124488999848e-02
4.107480200816482525e-03
3.896787414416217135e-03
-7.939917489210137139e-03
4.803363002480672298e-04
1.491746903712578946e-02
1.491746903712578946e-02
3.643831403184421419e-02
1.176667561933432936e-02
5.943295139271482369e-02
7.803663721077228023e-16
6.311440963783882843e-16
6.311440963783882843e-16
6.311440963783882843e-16
1.809049493585516559e-15
8.948115477019606949e-15
1.019237530657376989e-02
-2.639880781694815266e-16
1.812389596213940503e-16
9.783669245861740735e-03
9.896089210679325977e-16
-8.949866736466645378e-03
5.999228481661679625e-16
-9.933223575916040136e-16
-4.143917765428815382e-03
4.899339543747061737e-02
-2.051451934952217785e-03
7.333318720426428711e-03
-2.062353297074307949e-16
1.087109208041626275e-16
-8.719647578750202785e-03
-1.362302147310379559e-16
-1.362302147310379559e-16
2.864496612571036313e-02
-1.175658422321112324e-03
-2.313368871152311854e-03
-4.883638653973777414e-16
-1.413627942001322848e-03
-1.413627942001322848e-03
-4.121195987274532731e-16
1.035287047652505826e-03
5.189116168523541820e-04
6.470340425933093255e-03
2.932833088559136381e-02
-1.022570625867753360e-15
1.907537408486118793e-03
-2.393927663868755228e-03
6.488239311495340444e-02
5.917510499819688546e-02
-1.448312701161059925e-04
-5.044903124279143908e-17
1.637300689539364145e-03
1.590916237841512097e-16
-3.670241194297929610e-15
3.984411806042022913e-02
4.178765976701509684e-03
5.862587835560512106e-02
-5.479395744432237828e-03
4.772512423387585689e-02
-9.421716878899035504e-16
3.190893767425907745e-03
-6.628193500412460706e-03
-6.802514007868434961e-16
-4.996755779466265264e-03
4.280813606827288882e-16
-8.134529754784675451e-03
1.785901130956732549e-03
2.993254008069050082e-03
2.993254008069050082e-03
8.524158836013094251e-03
3.499754935467342537e-02
6.454526411549130422e-04
2.134407243796479156e-02
-2.728644103828273098e-15
9.008956046836882892e-02
8.102615245747628314e-02
1.327867458279978414e-15
-4.369543147534938774e-16
6.297181728604659898e-03
4.408842509174532021e-02
7.276740447166718528e-02
4.866199457394736541e-03
7.016984471976944922e-03
-9.309786477370199376e-03
-4.995682016413216693e-03
7.299446209611734626e-02
2.705855221223812506e-16
7.124236376013106290e-16
2.014697258082375278e-02
3.320497583859468412e-16
-9.431856053531693582e-03
-3.237365886322362642e-16
1.032609264830375346e-15
-1.937546824253024037e-16
4.315854436531524440e-16
4.315854436531524440e-16
4.742417510786678392e-02
3.681549504918887189e-02
8.382550728677271532e-16
-5.065569596126676469e-03
1.472829191084114482e-02
8.668748572535370451e-04
-9.195283072491241709e-17
-4.227742165061287166e-03
6.726940088455422850e-02
-9.418747017101622085e-03
1.635586721987640751e-03
6.373769092787739780e-03
1.003694794663559472e-16
-4.040823279318118353e-15
-1.405040945674465927e-02
-7.697191525112102167e-03
6.415865490625072276e-02
5.909847679609039200e-02
6.314921860000442810e-02
-3.897770339573068642e-16
4.342532581822582471e-16
4.342532581822582471e-16
-1.110276694790333020e-16
6.213118331902457020e-03
