-0.0631962 0.004093
-0.0641787 0.00420134
-0.0571032 0.00351892
-0.0490893 0.00249645
-0.0654262 0.00437691
-0.023409 0.00065861
-0.045125 0.00220751
-0.059041 0.00371537
-0.0578158 0.0034521
-0.06047 0.00374891
-0.0534836 0.00295557
-0.0622435 0.00401841
-0.0522255 0.0028337
-0.0879319 0.00789341
-0.0848173 0.00725375
-0.0262004 0.000853
-0.0853594 0.00738006
-0.0665953 0.00451442
-0.0339235 0.00123784
-0.0546034 0.00306729
-0.0915584 0.00851067
-0.0581938 0.00351491
-0.0631926 0.00413306
-0.0539271 0.00305555
-0.056436 0.00330726
-0.0466318 0.00226423
-0.0541699 0.00305652
-0.0265535 0.000951944
-0.0523237 0.00282037
-0.0300362 0.00100749
-0.0568673 0.00332024
-0.0620064 0.0040849
-0.0595753 0.00364306
-0.0463979 0.00226372
-0.0518262 0.00294156
-0.036553 0.00149958
-0.0617485 0.00388624
-0.0532752 0.00293198
-0.0637498 0.00414573
-0.0616261 0.00398073
-0.0491816 0.00254699
-0.043035 0.00200639
-0.0656094 0.00441817
-0.046375 0.00232527
-0.0458174 0.00235179
-0.0279045 0.000878961
-0.0731993 0.00547529
-0.0594245 0.0036046
-0.0488332 0.0027241
-0.0497531 0.00259611
-0.0568147 0.0033048
-0.065275 0.00436065
-0.0522981 0.00282001
-0.0456221 0.00226877
-0.0309273 0.00106487
-0.0751661 0.00583871
-0.0539531 0.00306913
-0.0492703 0.00257175
-0.0764373 0.00591354
-0.0707918 0.00525745
-0.0737422 0.00552351
-0.0633297 0.00411897
-0.0573224 0.00342712
-0.0541402 0.00302989
-0.0440983 0.00210233
-0.053327 0.00293165
-0.0386476 0.00157205
-0.036336 0.001459
-0.0682368 0.00479336
-0.0599866 0.00375147
-0.0851579 0.00737637
-0.0555442 0.00316331
-0.0469953 0.00233353
-0.0579255 0.00351809
-0.0271644 0.0009008
-0.0354353 0.00135904
-0.0600089 0.00371225
-0.0430802 0.00197575
-0.0657227 0.00445951
-0.0699569 0.0049727
-0.0853244 0.00771019
-0.0593678 0.00362919
-0.0533673 0.00291442
-0.023846 0.000698953
-0.0714119 0.00520917
-0.0875739 0.0078208
-0.0811721 0.00675035
-0.0879497 0.00779992
-0.0512441 0.0027876
-0.0497534 0.0026031
-0.0600776 0.00370944
-0.0778119 0.00618694
-0.049784 0.00267952
-0.0812799 0.00669704
-0.0693188 0.00488623
-0.0551078 0.00315613
-0.0220033 0.000604068
-0.0512713 0.00269335
-0.0711787 0.00518707
-0.0703669 0.00505801
