0.492375 0.242515
0.500147 0.250203
0.494484 0.244601
0.505237 0.255355
0.492006 0.242146
0.486383 0.236751
0.504807 0.254902
0.461382 0.212933
0.48569 0.235956
0.4729 0.223758
0.500686 0.250733
0.477179 0.227777
0.475393 0.226092
0.480627 0.231064
0.465842 0.217103
0.496464 0.246562
0.453221 0.205481
0.493241 0.243355
0.503299 0.25337
0.457884 0.209907
0.451242 0.203717
0.474971 0.225713
0.48098 0.231473
0.482538 0.232941
0.492033 0.242169
0.499813 0.249872
0.48693 0.237239
0.515444 0.265757
0.491668 0.241793
0.492729 0.242899
0.474777 0.225512
0.491469 0.241602
0.482964 0.233309
0.498605 0.248675
0.506806 0.256929
0.498751 0.248805
0.483202 0.23354
0.482711 0.233071
0.477639 0.228262
0.491427 0.241695
0.491676 0.241853
0.487845 0.238055
0.50295 0.253039
0.497225 0.247318
0.494245 0.244405
0.492742 0.242912
0.45963 0.211322
0.487784 0.238047
0.50006 0.250145
0.476162 0.226863
0.464969 0.216365
0.499459 0.249569
0.506896 0.257041
0.503451 0.253538
0.479738 0.230217
0.477789 0.228357
0.452174 0.204521
0.505539 0.255635
0.473469 0.224262
0.462592 0.214074
0.490852 0.240997
0.481287 0.231688
0.490165 0.240356
0.482537 0.232896
0.508524 0.258651
0.501385 0.251485
0.493313 0.243417
0.511505 0.261719
0.480628 0.231095
0.498156 0.248229
0.473605 0.224354
0.492877 0.243062
0.482801 0.233171
0.501849 0.25201
0.489823 0.240013
0.475827 0.226493
0.473934 0.224755
0.489501 0.239692
0.484712 0.235009
0.46774 0.218908
0.476877 0.227486
0.472026 0.222868
0.491016 0.241195
0.497191 0.247323
0.467142 0.218289
0.475785 0.226518
0.478726 0.229268
0.452139 0.204515
0.4889 0.239093
0.485753 0.236037
0.509404 0.259541
0.457814 0.209831
0.491723 0.241849
0.499845 0.249921
0.467242 0.218432
0.460734 0.212477
0.510481 0.26068
0.50285 0.252911
0.458331 0.210155
0.50157 0.251653
