0.00446932 0.000108838
0.0346465 0.0013198
0.00389843 0.000162197
0.0158847 0.000317104
0.00235218 0.000102856
0.0363632 0.00139348
0.0315515 0.00106299
0.0126991 0.000356858
0.0291684 0.00101149
0.0169274 0.000346285
0.022304 0.000558491
0.026523 0.000899003
-0.00993741 0.000296281
0.00208581 0.000183049
-0.0164266 0.000337562
0.0661762 0.00449373
-0.01534 0.000302306
-0.00412011 0.000106511
0.0410393 0.00176609
0.0111921 0.000185472
-0.00996003 0.000254846
0.0108117 0.000181961
-0.00806583 0.00016048
0.0435517 0.00196742
0.0231455 0.000643713
0.0332873 0.00128253
0.0235391 0.000682402
0.0215025 0.000599524
0.0145809 0.000270465
0.0223984 0.000593389
-0.00675786 0.000130536
0.0185004 0.000423758
0.0315688 0.00109717
0.0204292 0.000542258
-0.00793001 0.000160049
0.033106 0.00122182
0.0163012 0.00037162
0.025768 0.000834907
0.0268275 0.000847714
0.00657886 0.000185738
0.0194375 0.00053675
0.0286543 0.000896144
0.0269543 0.000775959
0.0284427 0.000913404
0.0236964 0.000690541
0.0280892 0.000845815
-0.0137875 0.000257498
0.0354697 0.00134311
0.0153341 0.000509061
0.0267254 0.000833262
0.00715804 0.000149459
0.00490659 0.00011972
0.0288248 0.000938019
0.0216077 0.00074674
0.0573298 0.00336251
-0.011931 0.000304247
0.0233649 0.000663482
0.0206242 0.000506994
0.00922686 0.000148277
0.000194286 6.76924e-05
-0.0119483 0.000261351
0.0103475 0.000228142
0.00840767 0.000151713
0.0133232 0.00023625
0.0298044 0.000983786
0.0248673 0.000697671
0.0119898 0.000213589
0.0574055 0.00338978
-0.0139139 0.000334084
-0.0114071 0.000218866
0.0169086 0.000522796
0.0268133 0.000793939
0.016091 0.00046433
0.00797028 0.000191301
0.0203835 0.000604328
0.0349833 0.00131454
0.0280277 0.000841374
0.0253384 0.000823565
0.000896065 0.000148038
0.0214703 0.000519354
-0.031337 0.00112079
0.010835 0.000421893
0.0160582 0.000320567
0.0737555 0.00553502
0.00796265 0.0002781
-0.0104941 0.000175203
0.0111721 0.000343319
0.00472332 0.000107211
-0.0018896 8.30296e-05
0.0498275 0.00259373
0.0145479 0.000306613
-0.00160795 7.57129e-05
0.0199936 0.000586877
0.0144226 0.000304848
0.00251413 0.000100957
0.00130755 7.40411e-05
0.0590075 0.00353945
0.0329349 0.00115865
-0.00127229 5.8346e-05
-0.000132113 7.53564e-05
