0 1 1.000000
0 15 1.000000
0 16 1.000000
0 240 1.000000
1 0 1.000000
1 2 1.000000
1 17 -1.000000
1 241 1.000000
2 1 1.000000
2 3 1.000000
2 18 1.000000
2 242 1.000000
3 2 1.000000
3 4 -1.000000
3 19 1.000000
3 243 1.000000
4 3 -1.000000
4 5 1.000000
4 20 1.000000
4 244 1.000000
5 4 1.000000
5 6 1.000000
5 21 -1.000000
5 245 1.000000
6 5 1.000000
6 7 1.000000
6 22 1.000000
6 246 1.000000
7 6 1.000000
7 8 1.000000
7 23 1.000000
7 247 -1.000000
8 7 1.000000
8 9 1.000000
8 24 1.000000
8 248 1.000000
9 8 1.000000
9 10 1.000000
9 25 1.000000
9 249 -1.000000
10 9 1.000000
10 11 1.000000
10 26 1.000000
10 250 1.000000
11 10 1.000000
11 12 1.000000
11 27 1.000000
11 251 1.000000
12 11 1.000000
12 13 1.000000
12 28 1.000000
12 252 1.000000
13 12 1.000000
13 14 1.000000
13 29 -1.000000
13 253 1.000000
14 13 1.000000
14 15 1.000000
14 30 -1.000000
14 254 1.000000
15 0 1.000000
15 14 1.000000
15 31 1.000000
15 255 1.000000
16 0 1.000000
16 17 1.000000
16 31 1.000000
16 32 1.000000
17 1 -1.000000
17 16 1.000000
17 18 -1.000000
17 33 1.000000
18 2 1.000000
18 17 -1.000000
18 19 1.000000
18 34 1.000000
19 3 1.000000
19 18 1.000000
19 20 1.000000
19 35 1.000000
20 4 1.000000
20 19 1.000000
20 21 1.000000
20 36 1.000000
21 5 -1.000000
21 20 1.000000
21 22 1.000000
21 37 -1.000000
22 6 1.000000
22 21 1.000000
22 23 1.000000
22 38 1.000000
23 7 1.000000
23 22 1.000000
23 24 1.000000
23 39 1.000000
24 8 1.000000
24 23 1.000000
24 25 1.000000
24 40 1.000000
25 9 1.000000
25 24 1.000000
25 26 1.000000
25 41 -1.000000
26 10 1.000000
26 25 1.000000
26 27 1.000000
26 42 1.000000
27 11 1.000000
27 26 1.000000
27 28 1.000000
27 43 1.000000
28 12 1.000000
28 27 1.000000
28 29 1.000000
28 44 1.000000
29 13 -1.000000
29 28 1.000000
29 30 1.000000
29 45 -1.000000
30 14 -1.000000
30 29 1.000000
30 31 1.000000
30 46 1.000000
31 15 1.000000
31 16 1.000000
31 30 1.000000
31 47 1.000000
32 16 1.000000
32 33 1.000000
32 47 1.000000
32 48 -1.000000
33 17 1.000000
33 32 1.000000
33 34 1.000000
33 49 1.000000
34 18 1.000000
34 33 1.000000
34 35 1.000000
34 50 1.000000
35 19 1.000000
35 34 1.000000
35 36 1.000000
35 51 1.000000
36 20 1.000000
36 35 1.000000
36 37 -1.000000
36 52 -1.000000
37 21 -1.000000
37 36 -1.000000
37 38 1.000000
37 53 1.000000
38 22 1.000000
38 37 1.000000
38 39 1.000000
38 54 1.000000
39 23 1.000000
39 38 1.000000
39 40 1.000000
39 55 1.000000
40 24 1.000000
40 39 1.000000
40 41 1.000000
40 56 1.000000
41 25 -1.000000
41 40 1.000000
41 42 1.000000
41 57 1.000000
42 26 1.000000
42 41 1.000000
42 43 1.000000
42 58 1.000000
43 27 1.000000
43 42 1.000000
43 44 1.000000
43 59 1.000000
44 28 1.000000
44 43 1.000000
44 45 -1.000000
44 60 -1.000000
45 29 -1.000000
45 44 -1.000000
45 46 -1.000000
45 61 1.000000
46 30 1.000000
46 45 -1.000000
46 47 1.000000
46 62 1.000000
47 31 1.000000
47 32 1.000000
47 46 1.000000
47 63 1.000000
48 32 -1.000000
48 49 1.000000
48 63 1.000000
48 64 1.000000
49 33 1.000000
49 48 1.000000
49 50 1.000000
49 65 1.000000
50 34 1.000000
50 49 1.000000
50 51 1.000000
50 66 1.000000
51 35 1.000000
51 50 1.000000
51 52 -1.000000
51 67 1.000000
52 36 -1.000000
52 51 -1.000000
52 53 1.000000
52 68 1.000000
53 37 1.000000
53 52 1.000000
53 54 1.000000
53 69 1.000000
54 38 1.000000
54 53 1.000000
54 55 1.000000
54 70 1.000000
55 39 1.000000
55 54 1.000000
55 56 1.000000
55 71 1.000000
56 40 1.000000
56 55 1.000000
56 57 1.000000
56 72 1.000000
57 41 1.000000
57 56 1.000000
57 58 1.000000
57 73 1.000000
58 42 1.000000
58 57 1.000000
58 59 1.000000
58 74 1.000000
59 43 1.000000
59 58 1.000000
59 60 -1.000000
59 75 1.000000
60 44 -1.000000
60 59 -1.000000
60 61 1.000000
60 76 -1.000000
61 45 1.000000
61 60 1.000000
61 62 1.000000
61 77 1.000000
62 46 1.000000
62 61 1.000000
62 63 1.000000
62 78 1.000000
63 47 1.000000
63 48 1.000000
63 62 1.000000
63 79 1.000000
64 48 1.000000
64 65 1.000000
64 79 1.000000
64 80 1.000000
65 49 1.000000
65 64 1.000000
65 66 1.000000
65 81 1.000000
66 50 1.000000
66 65 1.000000
66 67 1.000000
66 82 1.000000
67 51 1.000000
67 66 1.000000
67 68 1.000000
67 83 1.000000
68 52 1.000000
68 67 1.000000
68 69 1.000000
68 84 1.000000
69 53 1.000000
69 68 1.000000
69 70 1.000000
69 85 1.000000
70 54 1.000000
70 69 1.000000
70 71 1.000000
70 86 1.000000
71 55 1.000000
71 70 1.000000
71 72 1.000000
71 87 1.000000
72 56 1.000000
72 71 1.000000
72 73 1.000000
72 88 1.000000
73 57 1.000000
73 72 1.000000
73 74 -1.000000
73 89 1.000000
74 58 1.000000
74 73 -1.000000
74 75 1.000000
74 90 1.000000
75 59 1.000000
75 74 1.000000
75 76 -1.000000
75 91 1.000000
76 60 -1.000000
76 75 -1.000000
76 77 1.000000
76 92 1.000000
77 61 1.000000
77 76 1.000000
77 78 1.000000
77 93 1.000000
78 62 1.000000
78 77 1.000000
78 79 1.000000
78 94 1.000000
79 63 1.000000
79 64 1.000000
79 78 1.000000
79 95 -1.000000
80 64 1.000000
80 81 1.000000
80 95 1.000000
80 96 1.000000
81 65 1.000000
81 80 1.000000
81 82 1.000000
81 97 1.000000
82 66 1.000000
82 81 1.000000
82 83 1.000000
82 98 1.000000
83 67 1.000000
83 82 1.000000
83 84 1.000000
83 99 -1.000000
84 68 1.000000
84 83 1.000000
84 85 1.000000
84 100 1.000000
85 69 1.000000
85 84 1.000000
85 86 1.000000
85 101 -1.000000
86 70 1.000000
86 85 1.000000
86 87 1.000000
86 102 1.000000
87 71 1.000000
87 86 1.000000
87 88 1.000000
87 103 -1.000000
88 72 1.000000
88 87 1.000000
88 89 -1.000000
88 104 1.000000
89 73 1.000000
89 88 -1.000000
89 90 -1.000000
89 105 1.000000
90 74 1.000000
90 89 -1.000000
90 91 1.000000
90 106 1.000000
91 75 1.000000
91 90 1.000000
91 92 -1.000000
91 107 1.000000
92 76 1.000000
92 91 -1.000000
92 93 1.000000
92 108 1.000000
93 77 1.000000
93 92 1.000000
93 94 1.000000
93 109 1.000000
94 78 1.000000
94 93 1.000000
94 95 1.000000
94 110 1.000000
95 79 -1.000000
95 80 1.000000
95 94 1.000000
95 111 1.000000
96 80 1.000000
96 97 1.000000
96 111 1.000000
96 112 1.000000
97 81 1.000000
97 96 1.000000
97 98 1.000000
97 113 1.000000
98 82 1.000000
98 97 1.000000
98 99 1.000000
98 114 1.000000
99 83 -1.000000
99 98 1.000000
99 100 1.000000
99 115 1.000000
100 84 1.000000
100 99 1.000000
100 101 1.000000
100 116 1.000000
101 85 -1.000000
101 100 1.000000
101 102 1.000000
101 117 1.000000
102 86 1.000000
102 101 1.000000
102 103 1.000000
102 118 1.000000
103 87 -1.000000
103 102 1.000000
103 104 1.000000
103 119 -1.000000
104 88 1.000000
104 103 1.000000
104 105 1.000000
104 120 1.000000
105 89 1.000000
105 104 1.000000
105 106 1.000000
105 121 1.000000
106 90 1.000000
106 105 1.000000
106 107 1.000000
106 122 -1.000000
107 91 1.000000
107 106 1.000000
107 108 1.000000
107 123 1.000000
108 92 1.000000
108 107 1.000000
108 109 -1.000000
108 124 1.000000
109 93 1.000000
109 108 -1.000000
109 110 1.000000
109 125 1.000000
110 94 1.000000
110 109 1.000000
110 111 1.000000
110 126 1.000000
111 95 1.000000
111 96 1.000000
111 110 1.000000
111 127 1.000000
112 96 1.000000
112 113 1.000000
112 127 1.000000
112 128 1.000000
113 97 1.000000
113 112 1.000000
113 114 -1.000000
113 129 1.000000
114 98 1.000000
114 113 -1.000000
114 115 1.000000
114 130 1.000000
115 99 1.000000
115 114 1.000000
115 116 1.000000
115 131 1.000000
116 100 1.000000
116 115 1.000000
116 117 1.000000
116 132 1.000000
117 101 1.000000
117 116 1.000000
117 118 1.000000
117 133 1.000000
118 102 1.000000
118 117 1.000000
118 119 1.000000
118 134 1.000000
119 103 -1.000000
119 118 1.000000
119 120 1.000000
119 135 -1.000000
120 104 1.000000
120 119 1.000000
120 121 1.000000
120 136 1.000000
121 105 1.000000
121 120 1.000000
121 122 -1.000000
121 137 1.000000
122 106 -1.000000
122 121 -1.000000
122 123 1.000000
122 138 1.000000
123 107 1.000000
123 122 1.000000
123 124 1.000000
123 139 1.000000
124 108 1.000000
124 123 1.000000
124 125 1.000000
124 140 1.000000
125 109 1.000000
125 124 1.000000
125 126 -1.000000
125 141 1.000000
126 110 1.000000
126 125 -1.000000
126 127 1.000000
126 142 1.000000
127 111 1.000000
127 112 1.000000
127 126 1.000000
127 143 1.000000
128 112 1.000000
128 129 1.000000
128 143 1.000000
128 144 -1.000000
129 113 1.000000
129 128 1.000000
129 130 1.000000
129 145 1.000000
130 114 1.000000
130 129 1.000000
130 131 1.000000
130 146 1.000000
131 115 1.000000
131 130 1.000000
131 132 1.000000
131 147 1.000000
132 116 1.000000
132 131 1.000000
132 133 1.000000
132 148 1.000000
133 117 1.000000
133 132 1.000000
133 134 1.000000
133 149 1.000000
134 118 1.000000
134 133 1.000000
134 135 1.000000
134 150 -1.000000
135 119 -1.000000
135 134 1.000000
135 136 -1.000000
135 151 1.000000
136 120 1.000000
136 135 -1.000000
136 137 1.000000
136 152 1.000000
137 121 1.000000
137 136 1.000000
137 138 1.000000
137 153 1.000000
138 122 1.000000
138 137 1.000000
138 139 1.000000
138 154 -1.000000
139 123 1.000000
139 138 1.000000
139 140 1.000000
139 155 1.000000
140 124 1.000000
140 139 1.000000
140 141 1.000000
140 156 -1.000000
141 125 1.000000
141 140 1.000000
141 142 1.000000
141 157 -1.000000
142 126 1.000000
142 141 1.000000
142 143 1.000000
142 158 1.000000
143 127 1.000000
143 128 1.000000
143 142 1.000000
143 159 -1.000000
144 128 -1.000000
144 145 1.000000
144 159 1.000000
144 160 1.000000
145 129 1.000000
145 144 1.000000
145 146 1.000000
145 161 1.000000
146 130 1.000000
146 145 1.000000
146 147 1.000000
146 162 1.000000
147 131 1.000000
147 146 1.000000
147 148 1.000000
147 163 1.000000
148 132 1.000000
148 147 1.000000
148 149 1.000000
148 164 1.000000
149 133 1.000000
149 148 1.000000
149 150 1.000000
149 165 1.000000
150 134 -1.000000
150 149 1.000000
150 151 1.000000
150 166 -1.000000
151 135 1.000000
151 150 1.000000
151 152 1.000000
151 167 1.000000
152 136 1.000000
152 151 1.000000
152 153 1.000000
152 168 1.000000
153 137 1.000000
153 152 1.000000
153 154 -1.000000
153 169 -1.000000
154 138 -1.000000
154 153 -1.000000
154 155 1.000000
154 170 1.000000
155 139 1.000000
155 154 1.000000
155 156 -1.000000
155 171 1.000000
156 140 -1.000000
156 155 -1.000000
156 157 -1.000000
156 172 1.000000
157 141 -1.000000
157 156 -1.000000
157 158 1.000000
157 173 1.000000
158 142 1.000000
158 157 1.000000
158 159 1.000000
158 174 1.000000
159 143 -1.000000
159 144 1.000000
159 158 1.000000
159 175 1.000000
160 144 1.000000
160 161 1.000000
160 175 1.000000
160 176 1.000000
161 145 1.000000
161 160 1.000000
161 162 1.000000
161 177 1.000000
162 146 1.000000
162 161 1.000000
162 163 1.000000
162 178 -1.000000
163 147 1.000000
163 162 1.000000
163 164 1.000000
163 179 1.000000
164 148 1.000000
164 163 1.000000
164 165 1.000000
164 180 1.000000
165 149 1.000000
165 164 1.000000
165 166 1.000000
165 181 1.000000
166 150 -1.000000
166 165 1.000000
166 167 1.000000
166 182 1.000000
167 151 1.000000
167 166 1.000000
167 168 1.000000
167 183 1.000000
168 152 1.000000
168 167 1.000000
168 169 -1.000000
168 184 1.000000
169 153 -1.000000
169 168 -1.000000
169 170 1.000000
169 185 1.000000
170 154 1.000000
170 169 1.000000
170 171 1.000000
170 186 1.000000
171 155 1.000000
171 170 1.000000
171 172 1.000000
171 187 1.000000
172 156 1.000000
172 171 1.000000
172 173 1.000000
172 188 -1.000000
173 157 1.000000
173 172 1.000000
173 174 1.000000
173 189 1.000000
174 158 1.000000
174 173 1.000000
174 175 1.000000
174 190 1.000000
175 159 1.000000
175 160 1.000000
175 174 1.000000
175 191 -1.000000
176 160 1.000000
176 177 1.000000
176 191 1.000000
176 192 1.000000
177 161 1.000000
177 176 1.000000
177 178 1.000000
177 193 -1.000000
178 162 -1.000000
178 177 1.000000
178 179 1.000000
178 194 1.000000
179 163 1.000000
179 178 1.000000
179 180 1.000000
179 195 -1.000000
180 164 1.000000
180 179 1.000000
180 181 1.000000
180 196 -1.000000
181 165 1.000000
181 180 1.000000
181 182 -1.000000
181 197 1.000000
182 166 1.000000
182 181 -1.000000
182 183 1.000000
182 198 1.000000
183 167 1.000000
183 182 1.000000
183 184 1.000000
183 199 1.000000
184 168 1.000000
184 183 1.000000
184 185 -1.000000
184 200 1.000000
185 169 1.000000
185 184 -1.000000
185 186 1.000000
185 201 1.000000
186 170 1.000000
186 185 1.000000
186 187 1.000000
186 202 1.000000
187 171 1.000000
187 186 1.000000
187 188 1.000000
187 203 1.000000
188 172 -1.000000
188 187 1.000000
188 189 1.000000
188 204 1.000000
189 173 1.000000
189 188 1.000000
189 190 1.000000
189 205 -1.000000
190 174 1.000000
190 189 1.000000
190 191 1.000000
190 206 -1.000000
191 175 -1.000000
191 176 1.000000
191 190 1.000000
191 207 1.000000
192 176 1.000000
192 193 1.000000
192 207 1.000000
192 208 1.000000
193 177 -1.000000
193 192 1.000000
193 194 1.000000
193 209 1.000000
194 178 1.000000
194 193 1.000000
194 195 1.000000
194 210 1.000000
195 179 -1.000000
195 194 1.000000
195 196 1.000000
195 211 1.000000
196 180 -1.000000
196 195 1.000000
196 197 1.000000
196 212 1.000000
197 181 1.000000
197 196 1.000000
197 198 1.000000
197 213 1.000000
198 182 1.000000
198 197 1.000000
198 199 1.000000
198 214 1.000000
199 183 1.000000
199 198 1.000000
199 200 1.000000
199 215 1.000000
200 184 1.000000
200 199 1.000000
200 201 1.000000
200 216 1.000000
201 185 1.000000
201 200 1.000000
201 202 1.000000
201 217 1.000000
202 186 1.000000
202 201 1.000000
202 203 1.000000
202 218 -1.000000
203 187 1.000000
203 202 1.000000
203 204 -1.000000
203 219 1.000000
204 188 1.000000
204 203 -1.000000
204 205 1.000000
204 220 1.000000
205 189 -1.000000
205 204 1.000000
205 206 1.000000
205 221 1.000000
206 190 -1.000000
206 205 1.000000
206 207 1.000000
206 222 1.000000
207 191 1.000000
207 192 1.000000
207 206 1.000000
207 223 1.000000
208 192 1.000000
208 209 1.000000
208 223 1.000000
208 224 1.000000
209 193 1.000000
209 208 1.000000
209 210 1.000000
209 225 1.000000
210 194 1.000000
210 209 1.000000
210 211 1.000000
210 226 1.000000
211 195 1.000000
211 210 1.000000
211 212 1.000000
211 227 1.000000
212 196 1.000000
212 211 1.000000
212 213 -1.000000
212 228 1.000000
213 197 1.000000
213 212 -1.000000
213 214 1.000000
213 229 1.000000
214 198 1.000000
214 213 1.000000
214 215 1.000000
214 230 -1.000000
215 199 1.000000
215 214 1.000000
215 216 1.000000
215 231 1.000000
216 200 1.000000
216 215 1.000000
216 217 1.000000
216 232 1.000000
217 201 1.000000
217 216 1.000000
217 218 -1.000000
217 233 1.000000
218 202 -1.000000
218 217 -1.000000
218 219 1.000000
218 234 1.000000
219 203 1.000000
219 218 1.000000
219 220 1.000000
219 235 1.000000
220 204 1.000000
220 219 1.000000
220 221 1.000000
220 236 1.000000
221 205 1.000000
221 220 1.000000
221 222 1.000000
221 237 1.000000
222 206 1.000000
222 221 1.000000
222 223 1.000000
222 238 -1.000000
223 207 1.000000
223 208 1.000000
223 222 1.000000
223 239 1.000000
224 208 1.000000
224 225 1.000000
224 239 1.000000
224 240 -1.000000
225 209 1.000000
225 224 1.000000
225 226 1.000000
225 241 -1.000000
226 210 1.000000
226 225 1.000000
226 227 1.000000
226 242 1.000000
227 211 1.000000
227 226 1.000000
227 228 -1.000000
227 243 1.000000
228 212 1.000000
228 227 -1.000000
228 229 1.000000
228 244 1.000000
229 213 1.000000
229 228 1.000000
229 230 1.000000
229 245 1.000000
230 214 -1.000000
230 229 1.000000
230 231 1.000000
230 246 1.000000
231 215 1.000000
231 230 1.000000
231 232 1.000000
231 247 1.000000
232 216 1.000000
232 231 1.000000
232 233 -1.000000
232 248 1.000000
233 217 1.000000
233 232 -1.000000
233 234 1.000000
233 249 1.000000
234 218 1.000000
234 233 1.000000
234 235 1.000000
234 250 1.000000
235 219 1.000000
235 234 1.000000
235 236 1.000000
235 251 1.000000
236 220 1.000000
236 235 1.000000
236 237 1.000000
236 252 1.000000
237 221 1.000000
237 236 1.000000
237 238 -1.000000
237 253 1.000000
238 222 -1.000000
238 237 -1.000000
238 239 1.000000
238 254 1.000000
239 223 1.000000
239 224 1.000000
239 238 1.000000
239 255 1.000000
240 0 1.000000
240 224 -1.000000
240 241 1.000000
240 255 1.000000
241 1 1.000000
241 225 -1.000000
241 240 1.000000
241 242 1.000000
242 2 1.000000
242 226 1.000000
242 241 1.000000
242 243 1.000000
243 3 1.000000
243 227 1.000000
243 242 1.000000
243 244 1.000000
244 4 1.000000
244 228 1.000000
244 243 1.000000
244 245 1.000000
245 5 1.000000
245 229 1.000000
245 244 1.000000
245 246 1.000000
246 6 1.000000
246 230 1.000000
246 245 1.000000
246 247 1.000000
247 7 -1.000000
247 231 1.000000
247 246 1.000000
247 248 1.000000
248 8 1.000000
248 232 1.000000
248 247 1.000000
248 249 1.000000
249 9 -1.000000
249 233 1.000000
249 248 1.000000
249 250 1.000000
250 10 1.000000
250 234 1.000000
250 249 1.000000
250 251 1.000000
251 11 1.000000
251 235 1.000000
251 250 1.000000
251 252 -1.000000
252 12 1.000000
252 236 1.000000
252 251 -1.000000
252 253 1.000000
253 13 1.000000
253 237 1.000000
253 252 1.000000
253 254 1.000000
254 14 1.000000
254 238 1.000000
254 253 1.000000
254 255 1.000000
255 15 1.000000
255 239 1.000000
255 240 1.000000
255 254 1.000000
