2.697531574690566897e-02 5.847405470554872114e-02
2.110952948231710827e-02 5.269072556745479918e-02
2.899689625876248483e-02 5.202631698958687378e-02
2.979591891291802352e-02 5.490256914395822557e-02
2.850382997324042711e-02 4.920216388441945449e-02
2.247133382984645850e-02 5.190139472003131582e-02
2.394610912704787931e-02 4.951100858082572997e-02
2.626778769266707725e-02 4.654785843589624023e-02
2.901266599323187173e-02 5.686594957172881604e-02
2.948294437649779526e-02 5.185108790192104883e-02
2.690097829765262377e-02 5.198204862600502851e-02
3.003694474790725294e-02 5.696374567633005065e-02
2.439097309825070947e-02 5.305818390837116483e-02
2.982850048259851061e-02 5.279046027771568117e-02
2.304214287748875684e-02 5.146289228478483774e-02
2.796300523973909574e-02 5.206268000562697812e-02
2.238850191834709097e-02 4.702913593897031785e-02
2.532017856240082604e-02 4.913298594126008084e-02
2.851551580383234266e-02 5.166390799399454836e-02
2.303905801296357581e-02 4.598697389421846360e-02
2.512024428942254486e-02 5.127961405268228329e-02
2.738109812145096689e-02 5.284162563510651223e-02
3.101686168592248521e-02 5.806842322982791460e-02
2.268498771657683974e-02 4.838161419206171709e-02
3.045607264020452898e-02 5.599500019497505310e-02
2.687678821917244276e-02 4.801865611181694443e-02
3.103246858720125345e-02 5.455409925377075614e-02
2.839339997262185084e-02 6.032411193525081400e-02
2.551105742999001946e-02 5.626656601215852122e-02
2.375749640651669825e-02 4.976692958524022575e-02
2.719656248430778883e-02 5.338352669351725116e-02
3.331887399679580447e-02 5.637079652176830297e-02
2.466397072947137947e-02 5.408840419339670108e-02
2.773631853210798900e-02 5.883415239881347597e-02
2.632912746042584407e-02 4.734255828939948341e-02
2.292857025868579035e-02 5.000683300607269149e-02
2.721770634049851256e-02 5.325112197266183151e-02
2.387498874617417083e-02 5.157226062707088998e-02
2.768248130365627557e-02 5.389267265580296312e-02
2.746809037946169180e-02 4.936715581006542730e-02
2.880907035617931433e-02 5.496363538489308642e-02
3.174436237122067045e-02 5.808403583491655170e-02
2.274796986994395698e-02 5.416539224342999809e-02
2.567980028773027279e-02 5.303534017227309189e-02
2.557580240084593795e-02 4.967719129547235740e-02
2.930422432662489751e-02 5.219876972817621280e-02
2.782487164497327720e-02 5.653564202263780536e-02
2.470784599995190511e-02 5.192219837536087707e-02
2.128339611173311191e-02 5.265031135763104803e-02
2.326851292809303806e-02 5.026797996466710050e-02
2.933699636732980259e-02 5.320118236316302013e-02
2.263623008596477026e-02 5.458918868345581654e-02
2.453983432969597533e-02 5.339304808251427864e-02
2.091122094933977466e-02 5.115804197017935484e-02
2.713757676522766948e-02 5.075105396716030060e-02
2.468316912957476544e-02 5.657211989536010260e-02
2.155993479314721045e-02 5.143636703832966256e-02
2.609689590382258811e-02 5.608658999325924488e-02
3.398604074849337353e-02 5.920293000839593756e-02
2.640109081503988486e-02 4.707600936341887338e-02
2.779790348169411396e-02 5.247980112924382351e-02
2.311819233039260485e-02 5.086766946701854614e-02
2.628111971563618088e-02 4.891133277740758456e-02
2.380818473849438677e-02 5.487602488517284716e-02
