1.862028604139789323e-01
2.683811968205103704e-01
2.642244564157849029e-01
1.989763448021513725e-01
2.313631024293391070e-01
2.028249823993304446e-01
2.465892381933601218e-01
2.432309346657971216e-01
1.961686418480857730e-01
2.500448069596963863e-01
2.150077411389057502e-01
1.838402708625942739e-01
2.411601853307389076e-01
2.584823676354667255e-01
2.323494380711522977e-01
2.379568791215907198e-01
2.571550625639218990e-01
2.435559047943622324e-01
2.218225630928861158e-01
2.368418748516282479e-01
2.061282957489340428e-01
2.353141994388259495e-01
2.464034591755437376e-01
1.833660332430389617e-01
2.400582164731662471e-01
2.308294951046500620e-01
2.366261671594500071e-01
2.161445923612095865e-01
2.362386075896287241e-01
2.521737768052488282e-01
2.389465032320427784e-01
2.625270759843367219e-01
2.360769375137212744e-01
2.366988516887845173e-01
2.465311803667614710e-01
2.325523485663574808e-01
2.454977208239332021e-01
2.224798867502056909e-01
2.400710330114941560e-01
1.965909762936863814e-01
2.525556795091626339e-01
2.359159477743009714e-01
2.228828030542952254e-01
2.109556301643746856e-01
2.042503844688672021e-01
2.054562348536769500e-01
2.359661957110234243e-01
2.048440453101796899e-01
2.457856375673225791e-01
2.167740232042476844e-01
2.429931102018396127e-01
2.269000457313795072e-01
2.186769807041301639e-01
2.335395941537723730e-01
2.318842183590466288e-01
1.849236184690921936e-01
2.090640581351044247e-01
2.246626024526915677e-01
1.857429111268359967e-01
2.061010912232730252e-01
2.426299040531641471e-01
2.526115593013726901e-01
2.404612601765911961e-01
2.507429567343817944e-01
