3.510512195341992658e-01
4.286073408472437785e-01
2.482928248672487404e-01
3.447782705485683552e-01
3.141932209537240950e-01
3.363472957888724579e-01
3.319275791420812083e-01
2.690982288379199505e-01
3.195198951832887158e-01
3.203149525785598528e-01
2.747532069140757871e-01
2.856039265307879216e-01
3.166734935829461639e-01
3.511908093019846522e-01
2.660226116586417167e-01
2.630489037415633113e-01
3.115540556547219397e-01
3.141307401188437876e-01
2.871362668119832318e-01
2.723471965216399671e-01
2.829828981562845791e-01
2.944662910215627982e-01
3.398115096926769274e-01
3.068799453298356461e-01
3.020689309996832939e-01
3.151684913753833306e-01
2.883821510746127359e-01
3.053279061894689228e-01
3.117724540185307092e-01
2.266863857285680850e-01
3.441041982311076053e-01
2.885606439486020358e-01
2.666519156117884148e-01
3.430726084776178908e-01
3.416926427392020238e-01
2.996464060321065714e-01
3.614768250318460829e-01
2.918089683999059991e-01
3.080187244538462599e-01
2.815460831327580848e-01
2.479251788792966593e-01
3.502389787451355985e-01
3.408627839054354514e-01
2.839467302853910802e-01
3.292974534298657163e-01
3.326093330112511737e-01
3.355265455425555099e-01
3.337840266743424822e-01
2.840286375549183617e-01
3.341506806424673348e-01
2.767871242610127069e-01
3.585253599925434242e-01
3.490767795052442390e-01
2.845235851154690465e-01
3.240429916417024159e-01
3.647137630673246145e-01
2.297749725304614188e-01
2.970538109798646076e-01
3.010943354419564622e-01
2.834694661793957238e-01
3.505027311063370621e-01
3.464619244965387868e-01
3.069231263947381771e-01
3.253629977016362362e-01
