2.439348409565773590e-01
2.319207253363733678e-01
2.409573388078808664e-01
2.281728126232910880e-01
2.035198822002237673e-01
2.414270824796015402e-01
1.857360285500836983e-01
2.217889726289297980e-01
2.550664490308138244e-01
2.553330158612483469e-01
2.963362305709679179e-01
2.415158911620283178e-01
2.493944813451113851e-01
1.971814412935033733e-01
2.403569390102202052e-01
2.985558063999573242e-01
2.536894929794860087e-01
2.212997863822825095e-01
2.472371206122047638e-01
2.578941321887345262e-01
2.048792498569121101e-01
2.407539173950368483e-01
1.933401343253790539e-01
2.328304437989542341e-01
2.683743955659327329e-01
2.172334977677104484e-01
2.294069965678195988e-01
2.418919938069938880e-01
2.774494146782737758e-01
2.556086556367651030e-01
2.422001586661202688e-01
1.692242817136446753e-01
2.164119880490279479e-01
1.829392901197992582e-01
2.390717567171083968e-01
2.254134054461278680e-01
2.572246518079888133e-01
1.877738189154842252e-01
2.024601390386259747e-01
1.889151008851897018e-01
2.354278975504572879e-01
2.239817435465625839e-01
3.044424390736892860e-01
2.622958012898394808e-01
2.343246888039195452e-01
2.326828752025568992e-01
2.115490062296687679e-01
2.103619876584889581e-01
2.494710454843424019e-01
2.332364803741948378e-01
2.412347577496149753e-01
2.318286912864835347e-01
2.317769567889812476e-01
2.651449580907902503e-01
2.291155486474694691e-01
2.082259887370758733e-01
2.476154073258048927e-01
2.575025977295351542e-01
2.575253654423856342e-01
2.044529988552595268e-01
1.821020761943033528e-01
2.273204132439988756e-01
2.182174401088238236e-01
2.612821759855746828e-01
