2.192410354673897110e-01
1.929880731106350389e-01
2.726723953972118863e-01
2.177976756953343140e-01
2.240623199519724273e-01
2.458345950439344563e-01
2.220660401752188595e-01
2.558494089119911497e-01
2.049607423531500661e-01
1.890646136769426611e-01
1.951001192112483684e-01
2.493466895455019317e-01
2.092413681960805794e-01
2.229639948369284697e-01
2.035319428954451004e-01
1.865990264556302569e-01
2.023253903430646539e-01
2.101995923051605819e-01
2.046020040328835332e-01
1.902126406877938103e-01
2.165353756897070991e-01
2.565844428540068334e-01
1.608706299396201744e-01
2.539469154653514749e-01
2.605898810388126430e-01
1.873921790047032021e-01
2.705769991347049541e-01
2.641846701972215827e-01
2.459367896694687194e-01
2.464052616597395273e-01
2.417096221506542797e-01
2.404197781665591283e-01
2.304793168620177246e-01
2.274014436663481797e-01
2.431807268710775016e-01
2.310735276243961467e-01
1.850313742615778689e-01
2.350839011287301217e-01
2.458103400883381306e-01
2.307505935515776485e-01
2.443041449120202380e-01
2.500289515444782396e-01
2.342662570133269284e-01
1.903006944761307939e-01
1.928446975320858292e-01
1.791026143936049198e-01
2.714299047533662579e-01
2.822139202693215165e-01
2.101726360380833936e-01
1.919807878161925441e-01
1.850032740349804028e-01
2.138234945350385718e-01
2.550249727917974774e-01
1.735520373549778728e-01
2.266506866130215403e-01
2.213904075960145823e-01
2.288054327240170160e-01
2.542245957581124038e-01
1.753873641711775622e-01
2.310574915377489047e-01
2.253980591349275531e-01
2.082417010668565216e-01
1.920516507484080204e-01
2.051149183182702229e-01
