1.854226180550364034e-01
2.277981828816403875e-01
1.592532894790059383e-01
1.896208410417508927e-01
1.668055391152341860e-01
2.245120020026170615e-01
2.060784751510262303e-01
1.968266440022670427e-01
2.030153451905905015e-01
1.990043688403563826e-01
2.205861066985404517e-01
1.887933386455280527e-01
2.189034844935281998e-01
2.529741065448129489e-01
2.160729170852741521e-01
1.647035147430767066e-01
2.334552893263582840e-01
2.157140910308168458e-01
1.663341850744010086e-01
2.249621315358276419e-01
2.166525291066080938e-01
2.213872476107053566e-01
2.173876741167688753e-01
2.177499235901363406e-01
2.094632976583797879e-01
2.469401137001573099e-01
1.883767495298853123e-01
2.170751496567985550e-01
1.999733886272054006e-01
2.276544547948414765e-01
1.948987503674582400e-01
2.398712420616818664e-01
2.141481703037717843e-01
2.419067366673763042e-01
1.513835100590501526e-01
2.483534670486005069e-01
1.987499086933733894e-01
1.949946950165376280e-01
2.291646023964291901e-01
2.381553130839116905e-01
1.613658584964531573e-01
1.964590925651453768e-01
1.776853210241436110e-01
2.004609269924169934e-01
1.865699924121028419e-01
2.180398600271715726e-01
2.412028804212890121e-01
1.979488615723342670e-01
2.516763019276332947e-01
1.851607531664658524e-01
2.106514421240455182e-01
1.967367604875103204e-01
2.102482298423437035e-01
1.850060407184799804e-01
1.875632766093308090e-01
2.044118870191429516e-01
1.311639873643022092e-01
1.970777136696889309e-01
2.102168804066922303e-01
1.836502944967318141e-01
2.377539096243823924e-01
2.118201425962361606e-01
2.400030193825097302e-01
2.119856338024789788e-01
