4.738628016876429427e-01 5.050240214247944115e-01
4.923730919283535457e-01 4.947653488304858405e-01
5.152100887468273882e-01 5.587761024508119956e-01
5.143042862421454142e-01 5.393090343087186822e-01
4.457800354864698278e-01 4.898341171143467676e-01
4.142444073006603111e-01 4.301605802654813737e-01
5.175281090203097678e-01 5.302747284879051337e-01
4.595962506784000978e-01 5.299658759391021601e-01
3.686972508318843711e-01 4.169717579277423813e-01
4.763263171556946229e-01 4.970184151934391448e-01
4.473066429802356470e-01 5.041373498564548639e-01
4.848261253923205061e-01 5.123901891733219083e-01
4.974194803681342147e-01 5.496778476045173223e-01
4.922280136780890492e-01 5.039452065747815901e-01
4.949201027150781917e-01 5.201422757229472449e-01
4.485470568496398580e-01 4.516519771013869367e-01
3.766606909183062291e-01 4.477394476723455252e-01
4.126917532547497158e-01 4.412155531448451740e-01
4.996602120838787298e-01 5.099797811539710235e-01
4.577353268191058921e-01 4.781107796363495699e-01
4.568464740953290804e-01 5.126007434297100707e-01
4.469593908960790563e-01 5.118885273276785330e-01
4.719616311016275878e-01 4.841468797381422995e-01
4.652223360471545721e-01 4.964786754052752382e-01
4.305620457167050885e-01 4.554692800714442713e-01
4.765898971133273876e-01 5.000152422970171040e-01
4.300265764304160854e-01 5.125058231318317947e-01
4.373955516383771780e-01 5.111922480186485984e-01
4.442464624854035593e-01 4.702110734588772489e-01
4.837787952149734672e-01 4.874287568682769689e-01
4.411191811694200049e-01 4.856609455091812633e-01
5.283570413145737277e-01 5.292278596240787003e-01
4.929325453325930639e-01 4.936283933678503044e-01
4.276102730162241738e-01 4.480213691532115017e-01
4.952448281465855473e-01 5.202037201374747344e-01
4.852388430772692773e-01 5.335308564324520164e-01
4.033378924653953090e-01 4.587914181925513146e-01
5.109699128096536480e-01 5.253225236359377881e-01
4.892678858252610952e-01 5.083619328591045816e-01
4.699777825893158845e-01 4.800218659987087189e-01
4.839720133988102413e-01 4.934521796199165533e-01
4.575768079456461468e-01 5.043427851885508018e-01
4.274866570574100688e-01 4.590046490682977987e-01
4.389252243437071765e-01 4.900985232301349748e-01
4.590218180837919992e-01 4.805245315610954804e-01
4.440433263916450102e-01 4.766296510759776561e-01
4.058241211725169273e-01 4.603478670265241379e-01
4.744242751210936415e-01 5.101205531808143956e-01
4.328780368341220708e-01 4.985145881645821619e-01
5.001827538058886136e-01 5.159485381935261517e-01
4.270765855100275843e-01 4.510789093727316512e-01
4.203939188267174498e-01 4.333301904351392064e-01
4.364246387907075864e-01 4.827528231069653786e-01
4.550793738986849135e-01 4.891955919724679247e-01
4.828003671889815607e-01 5.501509855202653121e-01
4.886996781070165885e-01 5.162659602169086259e-01
4.627709767590335588e-01 5.136084423186756398e-01
5.561973477475101735e-01 5.745841744809745411e-01
4.756573699370653663e-01 4.852609760838475506e-01
4.440453429524584550e-01 4.526773759909637485e-01
4.013370203716764562e-01 4.421565208811722436e-01
4.704859761881068358e-01 5.099584586462347913e-01
4.335109047671518168e-01 5.133894025296360519e-01
4.081489699723590547e-01 4.896395692758123697e-01
