8.881784197001252323e-16 3.842943919353793147e-02
8.881784197001252323e-16 3.842943919353793147e-02
8.881784197001252323e-16 3.842943919353793147e-02
8.881784197001252323e-16 3.842943919353793147e-02
8.881784197001252323e-16 3.842943919353793147e-02
8.881784197001252323e-16 3.842943919353793147e-02
8.881784197001252323e-16 3.842943919353793147e-02
8.881784197001252323e-16 3.842943919353793147e-02
8.881784197001252323e-16 3.842943919353793147e-02
8.881784197001252323e-16 3.842943919353793147e-02
8.881784197001252323e-16 3.842943919353793147e-02
8.881784197001252323e-16 3.842943919353793147e-02
8.881784197001252323e-16 3.842943919353793147e-02
8.881784197001252323e-16 3.842943919353793147e-02
8.881784197001252323e-16 3.842943919353793147e-02
8.881784197001252323e-16 3.842943919353793147e-02
8.881784197001252323e-16 3.842943919353793147e-02
8.881784197001252323e-16 3.842943919353793147e-02
8.881784197001252323e-16 3.842943919353793147e-02
8.881784197001252323e-16 3.842943919353793147e-02
8.881784197001252323e-16 3.842943919353793147e-02
8.881784197001252323e-16 3.842943919353793147e-02
8.881784197001252323e-16 3.842943919353793147e-02
8.881784197001252323e-16 3.842943919353793147e-02
8.881784197001252323e-16 3.842943919353793147e-02
8.881784197001252323e-16 3.842943919353793147e-02
8.881784197001252323e-16 3.842943919353793147e-02
8.881784197001252323e-16 3.842943919353793147e-02
8.881784197001252323e-16 3.842943919353793147e-02
8.881784197001252323e-16 3.842943919353793147e-02
8.881784197001252323e-16 3.842943919353793147e-02
8.881784197001252323e-16 3.842943919353793147e-02
8.881784197001252323e-16 3.842943919353793147e-02
8.881784197001252323e-16 3.842943919353793147e-02
8.881784197001252323e-16 3.842943919353793147e-02
8.881784197001252323e-16 3.842943919353793147e-02
8.881784197001252323e-16 3.842943919353793147e-02
8.881784197001252323e-16 3.842943919353793147e-02
8.881784197001252323e-16 3.842943919353793147e-02
8.881784197001252323e-16 3.842943919353793147e-02
8.881784197001252323e-16 3.842943919353793147e-02
8.881784197001252323e-16 3.842943919353793147e-02
8.881784197001252323e-16 3.842943919353793147e-02
8.881784197001252323e-16 3.842943919353793147e-02
8.881784197001252323e-16 3.842943919353793147e-02
8.881784197001252323e-16 3.842943919353793147e-02
8.881784197001252323e-16 3.842943919353793147e-02
8.881784197001252323e-16 3.842943919353793147e-02
8.881784197001252323e-16 3.842943919353793147e-02
8.881784197001252323e-16 3.842943919353793147e-02
8.881784197001252323e-16 3.842943919353793147e-02
8.881784197001252323e-16 3.842943919353793147e-02
8.881784197001252323e-16 3.842943919353793147e-02
8.881784197001252323e-16 3.842943919353793147e-02
8.881784197001252323e-16 3.842943919353793147e-02
8.881784197001252323e-16 3.842943919353793147e-02
8.881784197001252323e-16 3.842943919353793147e-02
8.881784197001252323e-16 3.842943919353793147e-02
8.881784197001252323e-16 3.842943919353793147e-02
8.881784197001252323e-16 3.842943919353793147e-02
8.881784197001252323e-16 3.842943919353793147e-02
8.881784197001252323e-16 3.842943919353793147e-02
8.881784197001252323e-16 3.842943919353793147e-02
8.881784197001252323e-16 3.842943919353793147e-02
