2.268916211951718664e-01
2.557933576980421231e-01
2.158232244230806618e-01
1.993595805306115354e-01
2.270022063417605485e-01
2.282169457321532591e-01
2.110728679984570921e-01
2.484991579513716187e-01
2.141595177581780973e-01
2.010023970845711550e-01
2.154398616091960372e-01
2.570900477632669379e-01
2.135014226699991358e-01
2.505887932957944209e-01
2.478069568212469820e-01
1.728861353528933220e-01
1.993137817420418401e-01
2.881304415976040922e-01
2.130976451927924509e-01
2.445974448578282223e-01
2.589064198208475553e-01
2.665884569841516227e-01
2.289325755320376632e-01
2.106645467269124272e-01
2.477415151197361887e-01
2.083091697172478884e-01
2.390961176456827264e-01
1.821152992465290554e-01
2.466665741781053356e-01
2.164143786730533814e-01
1.930995898784018949e-01
2.518305013879651444e-01
2.005158340953443474e-01
2.172107920686025817e-01
2.643453631440032536e-01
2.172848981179304473e-01
2.097524591044498399e-01
2.514226112697457438e-01
2.456656419705282590e-01
1.585978346049135013e-01
2.121930207566937177e-01
2.733582735121009577e-01
2.394082559574867153e-01
3.005315271515711650e-01
2.850002588756110344e-01
2.324795060682611492e-01
2.560214135507984379e-01
2.581487892008245688e-01
2.204043304904337586e-01
2.171856607657458027e-01
2.502342078371287970e-01
1.965656625596981788e-01
1.918827515350811641e-01
2.441681739009885499e-01
2.469811682964290767e-01
2.381915062688462481e-01
2.424547603541983842e-01
1.726069908667211550e-01
2.428508647755795169e-01
2.409128209977023927e-01
2.196927547672807290e-01
2.166334716690406503e-01
2.396478416998578109e-01
2.270336340569802380e-01
