1.374970047457801658e-01
1.301413831674351207e-01
1.209367375689546914e-01
9.441816263441346613e-02
1.054021603542583257e-01
1.174071556872163108e-01
1.149203678893148672e-01
1.029065638594588022e-01
1.248921273943883747e-01
1.357998723557609921e-01
1.140738259719281111e-01
1.112902566937333110e-01
9.384214263296922209e-02
1.047427549066731051e-01
1.546438350495528136e-01
1.234139390528647962e-01
1.147959525436184902e-01
1.204090768113384446e-01
1.041137278536394400e-01
9.851580251506295016e-02
8.425672959449082011e-02
1.363606699172273951e-01
1.391055701730611882e-01
1.436302940235549552e-01
1.334219393404981191e-01
1.160013131403776765e-01
1.038344566687363635e-01
1.478776684279020925e-01
1.166302640162771576e-01
1.362344958762851943e-01
1.192098970620235066e-01
1.212369259231840524e-01
9.427414008921897182e-02
9.242890699412448230e-02
1.241549909922437384e-01
1.339146871645875980e-01
1.031482770626157702e-01
1.031337022869887043e-01
1.290471287207774209e-01
1.408804504328531881e-01
1.373081178356776733e-01
9.443650704490635928e-02
1.024869762339468970e-01
1.436297711566034696e-01
1.243022414069186593e-01
1.134102693365137138e-01
1.306498386274898560e-01
1.329808525642289796e-01
1.183363320945858277e-01
1.189810200117765865e-01
1.022984269018151759e-01
1.223929008804789526e-01
1.403930780659174982e-01
1.306662008188205770e-01
1.076928483189774910e-01
1.358264702471077556e-01
1.460550128700057460e-01
1.198763330651902437e-01
1.009996254694646711e-01
1.239830683321470617e-01
1.450938245683329464e-01
1.159989236727444889e-01
1.281034361318649784e-01
1.003053811021166197e-01
