4.594624366880888378e-01 4.901861008748969462e-01
4.285711863625257800e-01 5.291652964651153424e-01
4.364345556982608398e-01 4.379568074149601253e-01
5.324307686222805591e-01 5.408689692497847812e-01
4.681661350045208669e-01 4.870352338597281339e-01
4.816880911899280027e-01 5.146373427789552313e-01
4.364709706608504991e-01 4.916954105875130376e-01
4.455288894496540752e-01 4.941808527838219556e-01
4.631216809345669594e-01 4.899262604216652051e-01
4.060207201838645918e-01 4.587971757999048661e-01
5.035329743430403404e-01 5.313116681563339050e-01
5.620898872176518513e-01 5.684746260092818915e-01
4.967094446186273160e-01 5.610368937272890433e-01
4.661379103386327771e-01 4.745739808074322386e-01
4.692494130284760590e-01 4.983354706305085924e-01
4.599388009557682788e-01 4.680119821008130176e-01
4.342945432455804777e-01 4.698174564940502118e-01
4.408900267342934498e-01 5.340280308547958876e-01
4.201589658918013503e-01 4.563532479983711254e-01
4.425230868561969011e-01 4.517261995003745145e-01
4.274657490122390491e-01 4.403933586677134526e-01
4.654839616670081170e-01 5.510827027129598932e-01
4.999280290044731401e-01 5.087201252321759126e-01
4.929832612443013629e-01 5.431532494098761932e-01
4.795581197876735424e-01 4.856297332828565794e-01
4.302685812349276162e-01 4.962670939914172186e-01
4.877919308260825204e-01 5.413611061515968270e-01
4.773755423502644701e-01 4.921627605621679002e-01
5.090633451827791811e-01 5.477135095378070639e-01
5.191710407737083477e-01 5.695540667333046647e-01
4.680954855271398651e-01 5.294605039047450834e-01
4.406582796738047758e-01 4.965209673069819196e-01
5.141838532590202737e-01 5.349063347415735636e-01
4.448293198475046228e-01 5.066482300547771045e-01
5.260920779888538235e-01 5.586176310806558742e-01
4.073860507206664705e-01 4.577565928668547168e-01
4.830621475306630108e-01 5.179623264957328166e-01
4.883651245007739616e-01 5.501798889783526825e-01
4.661233163241358390e-01 5.377808371973631374e-01
4.825258026029999869e-01 5.002023293428937700e-01
4.320451644534299418e-01 4.428251889336068392e-01
4.557541647152034137e-01 4.734747448167779260e-01
5.000628802448709997e-01 5.733225329665432302e-01
4.915796177258761057e-01 5.093135264056697364e-01
4.396591513486745595e-01 4.397433565704088609e-01
5.124343883646237385e-01 5.250012243176435112e-01
5.462173756489422383e-01 5.520311048283392807e-01
4.939677633579779292e-01 5.123336248895085099e-01
4.802512709248339950e-01 4.950819726998169079e-01
4.707120711669586233e-01 4.736799078010269226e-01
4.460493107704104343e-01 4.820081357234188846e-01
4.994831845312707186e-01 5.380245438240394140e-01
5.421279527804572229e-01 5.517945227036461509e-01
4.498090005972973371e-01 5.262728432997819672e-01
3.991325597179244955e-01 4.145752650320976285e-01
4.537821132179862271e-01 4.690113472192699584e-01
4.873977652296858643e-01 5.029954100323172916e-01
5.522365987095566586e-01 5.885761072969400987e-01
4.009360227372331664e-01 4.972592041716365485e-01
5.194160301914270139e-01 5.287040042292844300e-01
4.900193544233701903e-01 5.391884600052996301e-01
4.744780501560444952e-01 5.236218701318118285e-01
4.849285481511510509e-01 4.852449021169500387e-01
4.449404107145346621e-01 4.507634067764236807e-01
