2.165317863536302401e-01
2.030051009909247250e-01
2.302299174523019243e-01
2.118530055479207752e-01
2.476635588762714224e-01
1.898323917613215506e-01
2.046103484345444534e-01
2.159157145919413101e-01
2.163394286609596762e-01
2.262136928058826046e-01
2.710708611006972246e-01
1.826439380376685406e-01
2.532104561660755149e-01
2.478303650236537425e-01
2.002442613101657609e-01
2.590605960937903407e-01
1.995486256590866259e-01
2.608450579577312745e-01
2.293204613036567974e-01
2.788823001216459985e-01
2.550222807848119277e-01
2.466899515386072883e-01
2.113682092179449690e-01
1.793559565910278764e-01
2.352078940829379350e-01
2.296667413508988176e-01
2.598050848649097189e-01
2.048537986020675383e-01
2.854364623609890184e-01
1.986820161797879791e-01
2.454426321402033984e-01
2.503546421627469432e-01
2.666007904582851085e-01
2.382051002470781387e-01
2.059670425380097925e-01
2.518253439315073505e-01
2.256610059497038412e-01
2.429300220706338553e-01
2.856948558427057083e-01
2.044708453454996133e-01
2.498699363461356904e-01
2.581939903770016365e-01
2.400608974526793893e-01
2.489471494014701136e-01
2.495290457837149034e-01
2.519946958839473505e-01
2.320660065375229897e-01
2.508248186970722937e-01
1.984369805565968647e-01
2.572318623335344556e-01
2.374557033540085627e-01
2.512969740291924881e-01
2.129869104981518269e-01
2.747530703886142955e-01
2.919183397198676921e-01
2.144375130625231773e-01
2.361419668241932779e-01
2.335863498720915921e-01
2.423901114931313883e-01
2.172854296075397429e-01
2.283943733575114488e-01
2.419230166210118715e-01
2.264981129158389894e-01
2.661966480110075639e-01
