2.807646636888104334e-03 3.833632982734301586e-02
2.776811597780870500e-03 3.829310102742946448e-02
2.736348823772260901e-03 3.830656151255785319e-02
2.452355560150998315e-03 3.827735193326307905e-02
2.342060212186417717e-03 3.824160693608558148e-02
2.831780666074035224e-03 3.829191916435872867e-02
2.652311835310824928e-03 3.833009416615874160e-02
2.750249582755600036e-03 3.817334282464909800e-02
2.492276076788375871e-03 3.813218108486237518e-02
2.676431868099622951e-03 3.812506572114244402e-02
2.492276076782040661e-03 3.813218108486002983e-02
2.403364167432364695e-03 3.835915868688104940e-02
2.436370996464987115e-03 3.837380593983998056e-02
2.806310732887734236e-03 3.830405747169882136e-02
2.764912659737994716e-03 3.814730933080540815e-02
2.510279710182139468e-03 3.830198004826930458e-02
2.396340505384620713e-03 3.829654583528065148e-02
2.046095700120709182e-03 3.816093320517137399e-02
2.617661392107561991e-03 3.830096246554377110e-02
2.148836290610974843e-03 3.810964545971769202e-02
2.753360886986765121e-03 3.833076483064865037e-02
2.073080320884795880e-03 3.827569691021558140e-02
2.446603973990574277e-03 3.832981045188475072e-02
2.702035887687692650e-03 3.829299630728581066e-02
2.729862434143667631e-03 3.820491689832858362e-02
2.772799011178593911e-03 3.826140269155534762e-02
2.515429388414247829e-03 3.827736401893454266e-02
2.878235442652689498e-03 3.828143611990428991e-02
2.725541889517124616e-03 3.832123408297000156e-02
2.740443520514002085e-03 3.828289199177465491e-02
2.818114636512270010e-03 3.829238412953749060e-02
2.740443520489854734e-03 3.828289199177514757e-02
2.589392468577099253e-03 3.829242273180558792e-02
2.790749721643177861e-03 3.831970126399867477e-02
2.715358955796887130e-03 3.833489388022172373e-02
2.599438856242031193e-03 3.813151733167222113e-02
2.579429591500925767e-03 3.835898126159652949e-02
2.865552350114874969e-03 3.828843059405610122e-02
2.648465214508096202e-03 3.829611950257918312e-02
2.773989830830774547e-03 3.831816887386134407e-02
2.615500260578329517e-03 3.832650222362559561e-02
2.680405586251488614e-03 3.831219189310620943e-02
2.828967074520960523e-03 3.815891275785033426e-02
2.851117575278276639e-03 3.828264561141851707e-02
2.848885869042569463e-03 3.812532850333283374e-02
2.858517551853693040e-03 3.813825767546340922e-02
2.751805894334657943e-03 3.829584658388236057e-02
2.737526972752880958e-03 3.827737538846703175e-02
2.795923596158544910e-03 3.813112838034728863e-02
2.767239062416920921e-03 3.817135153487933447e-02
2.657669988420086754e-03 3.827737401872880613e-02
2.831780666072282286e-03 3.829191916435602944e-02
2.645140947287849542e-03 3.833622935628945572e-02
2.195797969219537293e-03 3.827697092891178127e-02
2.166131360070849832e-03 3.814334314719573099e-02
2.639928445349326580e-03 3.812470212345044768e-02
2.777165087247013275e-03 3.826960933890401206e-02
2.649305015631720113e-03 3.815031665829798219e-02
2.720851542540398717e-03 3.828288314403464898e-02
2.876554249613034152e-03 3.814774682598801037e-02
2.844538048721021329e-03 3.829122687336301151e-02
2.681106329058074132e-03 3.823441907041544296e-02
2.681106329061933025e-03 3.823441907041890547e-02
2.747277743879728007e-03 3.813130194289272856e-02
