2.124445570674174111e-01
2.840885572351546373e-01
2.263376807275223057e-01
2.595399447700755258e-01
2.600335420790661489e-01
2.028606988071956496e-01
2.343141604356589469e-01
2.095376973495862161e-01
2.354735469159160433e-01
2.298602566281470749e-01
2.277504539752738255e-01
2.058282612757399432e-01
2.067382266711763061e-01
2.610828448959478520e-01
2.233326400737731532e-01
2.466050671097930191e-01
2.409340799939890254e-01
2.207685271451599596e-01
2.362080750728877410e-01
2.036442237611790773e-01
1.912152915656455121e-01
2.414117315459017588e-01
2.613711279693149425e-01
2.080898595862334388e-01
2.371116929596486234e-01
2.140590848329701479e-01
2.386230402488137003e-01
2.085482443394709173e-01
2.307119154854473386e-01
2.529071701748030199e-01
1.831832105743522732e-01
1.833897081793716688e-01
2.462529253345407121e-01
2.086669655263896361e-01
2.811183224667270775e-01
1.947983728675153625e-01
2.433630356496888636e-01
2.331882520420602845e-01
2.468768356154109056e-01
2.186099144605326561e-01
2.105280495695378562e-01
2.630449757605658467e-01
2.116079398013885060e-01
2.137262670412973797e-01
2.517094485609635002e-01
1.980605499984365303e-01
2.618818394047629505e-01
2.068512122664158681e-01
2.245515123754722453e-01
1.951201127696617355e-01
2.667584748068774769e-01
2.125912082646612133e-01
1.856241250877190552e-01
2.251467539109254234e-01
2.453217364398651013e-01
2.238734365344192123e-01
2.312056826072514670e-01
2.011049652423181899e-01
2.311361394702468874e-01
1.906546329193526124e-01
2.213261645881735296e-01
2.538187675707985203e-01
2.291540269786796202e-01
2.138003946337553307e-01
