4.389170455901283407e-01
3.698465731768716402e-01
3.355557136245757022e-01
3.829712158793155963e-01
3.804461212465942155e-01
3.670970671814378639e-01
3.873745865614778849e-01
3.952686016018259751e-01
3.871121681849600815e-01
4.224220529377872846e-01
3.721086843836183267e-01
3.745794413443511717e-01
3.042695837863841346e-01
3.768736040565349166e-01
4.557712707206726388e-01
3.771117382367172866e-01
3.586093244183050643e-01
3.938212203413282708e-01
4.062536439725457638e-01
3.777042273133313088e-01
3.965915008338775638e-01
3.573997073961857618e-01
4.341963466988723042e-01
3.892872577956121849e-01
3.877605581857173633e-01
3.906439633021024926e-01
3.569728530478222250e-01
3.893469217030719465e-01
4.232677522314724494e-01
3.314934788509518171e-01
3.957722068282866212e-01
3.765091791808719002e-01
3.715362565075972512e-01
4.628938063781338763e-01
4.062870482548293083e-01
4.108344421227708154e-01
3.980897353381213644e-01
3.457490790670078029e-01
4.272619570230734021e-01
3.529046192098078127e-01
3.055481846432135384e-01
3.814932553940325599e-01
4.223346182564041706e-01
3.539833973524419974e-01
3.284139340899836501e-01
4.252370121159433358e-01
3.933766507605235274e-01
4.277700628016437023e-01
3.920332180973466474e-01
3.710923146584074184e-01
4.086523565388051060e-01
3.851762744932463178e-01
3.162317726240937432e-01
3.916668815382560176e-01
3.221531116001875583e-01
3.129698089174230979e-01
3.805101875599837813e-01
3.650546043056718815e-01
3.203603622471478118e-01
3.793650216453851032e-01
2.711079280037121397e-01
3.556538708998510101e-01
3.733821097052841820e-01
3.806129932860682352e-01
