4.029266684225348283e-01 4.432385787645483632e-01
4.851761028971278700e-01 4.855677656329547842e-01
4.581265317308471086e-01 4.744984386697103651e-01
4.821476150172229747e-01 5.284860495787185863e-01
4.772956968888709128e-01 4.966512957273513940e-01
4.668745275300268394e-01 4.809200389954959576e-01
4.780307174607862919e-01 5.374906270566274236e-01
4.913274659182682580e-01 5.142927327191485487e-01
4.101066219365836485e-01 4.224795547807502771e-01
3.832289383995775012e-01 4.638717877343188634e-01
5.162176920420856741e-01 5.205014536960099747e-01
4.733271103064939922e-01 5.169493271173913884e-01
5.365438286549003566e-01 5.508157657410703845e-01
5.010117189496258172e-01 5.157404782323948833e-01
5.190692849174491919e-01 5.528429949153700340e-01
5.371102553261178914e-01 5.393037279774854920e-01
5.156223420868955021e-01 5.240050815787810068e-01
3.410750181691988292e-01 4.850196883362988265e-01
4.762009814101604288e-01 4.886707769833267268e-01
5.505127114788180842e-01 5.650731086331576281e-01
4.915020184681999638e-01 5.405206858048565710e-01
5.139975038118754780e-01 5.210433454667031672e-01
5.302057475430854705e-01 5.319738245021801148e-01
4.635442471555739075e-01 4.748018421481285389e-01
4.141509157675198893e-01 4.575121650890959235e-01
4.887398237897527808e-01 5.206481382524102974e-01
4.364667164733026516e-01 4.578723723822384351e-01
4.701228510208949607e-01 5.081557574177332226e-01
4.228552075630993556e-01 5.450110503925831296e-01
3.780647228048736874e-01 5.128200474490842709e-01
4.744938165045474721e-01 5.011751530392232201e-01
4.539903348500975433e-01 5.008031544352283815e-01
5.420667495747253373e-01 5.880524767936747832e-01
5.206299077791832763e-01 5.517654373115672417e-01
5.341972784480903957e-01 5.425705894214587488e-01
4.466019270936669727e-01 4.729887019774749457e-01
4.568626353970722809e-01 5.349130317651726862e-01
4.589851141892686837e-01 4.890930000601104721e-01
4.215172654336714619e-01 4.341680808215596654e-01
5.145842211782816200e-01 5.266599742944478857e-01
5.109776973588399107e-01 5.425974549146084236e-01
5.181460066914717055e-01 5.263100787508983025e-01
5.390494801347603948e-01 5.590394699054023198e-01
4.526394018220205595e-01 5.195492649571433752e-01
4.621660096819679708e-01 5.188989794973182246e-01
5.145939137921938800e-01 5.306238845652386793e-01
4.654983371058689645e-01 5.184619383001596304e-01
5.418744666024102319e-01 5.512002791860142192e-01
5.070964547124330313e-01 5.082856355531324422e-01
4.290895198716054293e-01 4.885179636721020957e-01
4.603553690546071664e-01 5.076069776969378555e-01
5.402219998723882810e-01 5.511524278933531695e-01
4.829318346344416701e-01 5.069101900927707183e-01
4.369623238560751410e-01 4.714335415599694157e-01
4.980252723317637464e-01 5.404232737321267299e-01
4.538688550487817719e-01 4.580402228421078803e-01
4.465398661727330021e-01 4.707113789663900927e-01
5.044278162678578203e-01 5.458425532731101537e-01
4.729602144646227746e-01 5.092531174705168251e-01
4.492497179128518425e-01 4.786933115592804100e-01
4.519132300108168465e-01 5.428176547746820235e-01
5.062770501114660648e-01 5.474381156108915070e-01
4.807204555351332620e-01 5.091130738469198391e-01
3.982820114775977860e-01 4.044974752387446859e-01
