4.781622551019776290e-01
4.727020420533622480e-01
4.415952490123707941e-01
4.334124343634930265e-01
5.120471069186427471e-01
4.714057154111183645e-01
4.683133269001776844e-01
4.080992323723346971e-01
4.562433653732232974e-01
4.439002731019972003e-01
4.267650712074500530e-01
3.682769333663044597e-01
4.429600516477764649e-01
4.492459920351297153e-01
4.379071159845495664e-01
4.447906567875954953e-01
5.435849203131088991e-01
3.975070100369835213e-01
4.569368930812551244e-01
4.898206643791613302e-01
4.765851923687432490e-01
5.005642042364795152e-01
3.776218112001421545e-01
4.234029522601409079e-01
3.393464976818475476e-01
4.946949486639052318e-01
4.809755367823667083e-01
4.823018237547636033e-01
4.128572902307540704e-01
4.516980282112289524e-01
5.678026247350478339e-01
4.467320224278293339e-01
4.126999452237548605e-01
5.746124618336951873e-01
4.943926616906274552e-01
4.900225874587427199e-01
4.041787785966677315e-01
4.886376868911115334e-01
4.470945359719912249e-01
4.468041332466575755e-01
4.384067895975526929e-01
4.832663190171969658e-01
5.522190653661934734e-01
4.262592183762901055e-01
4.442870148623205839e-01
5.270501363936412886e-01
4.288137670433657123e-01
4.079531461162755335e-01
4.726444882502861544e-01
4.467181174001259025e-01
4.364373756280334749e-01
4.791081961962508906e-01
5.037761960955753349e-01
3.285526778255984937e-01
4.624803096995261376e-01
4.817974236683153499e-01
4.157770291732224566e-01
4.731378327143901386e-01
5.050033089071449544e-01
4.594269334431431151e-01
4.820461720116809290e-01
4.807225259675602658e-01
4.753483838903312386e-01
4.741006222415931615e-01
